VC:46e9e7d BD:Jun  9 2016 SN:US4300170200001328
                     Time,      [CH4]_ppm,   [CH4]_ppm_sd,     [CH4L]_ppm,  [CH4L]_ppm_sd,     [CH4H]_ppm,  [CH4H]_ppm_sd,      [H2O]_ppm,   [H2O]_ppm_sd,      [CO2]_ppm,   [CO2]_ppm_sd,     [CH4]d_ppm,  [CH4]d_ppm_sd,     [CO2]d_ppm,  [CO2]d_ppm_sd,      GasP_torr,   GasP_torr_sd,         GasT_C,      GasT_C_sd,         AmbT_C,      AmbT_C_sd,         RD0_us,      RD0_us_sd,         RD1_us,      RD1_us_sd,       Fit_Flag,      MIU_VALVE,       MIU_DESC
  05/11/2002 20:32:28.390,    2.33980e+00,    0.00000e+00,    2.33980e+00,    0.00000e+00,   -1.00000e-02,    0.00000e+00,    2.76465e+04,    0.00000e+00,    4.19800e+02,    0.00000e+00,    2.40633e+00,    0.00000e+00,    4.31736e+02,    0.00000e+00,    1.40358e+02,    0.00000e+00,    2.48074e+01,    0.00000e+00,    2.73124e+01,    0.00000e+00,    1.02496e+01,    0.00000e+00,    1.15809e+01,    0.00000e+00,              3,              0,       1 meters
  05/11/2002 20:32:30.382,    2.34501e+00,    4.59300e-03,    2.34501e+00,    4.59300e-03,   -1.00000e-02,    0.00000e+00,    2.76403e+04,    7.39031e+01,    4.19608e+02,    1.00013e-01,    2.41167e+00,    4.90685e-03,    4.31536e+02,    7.00574e-02,    1.40309e+02,    5.78512e-02,    2.48078e+01,    7.56814e-05,    2.73229e+01,    5.24026e-03,    1.02501e+01,    3.57369e-03,    1.15828e+01,    1.49111e-03,              3,              0,       1 meters
  05/11/2002 20:32:32.373,    2.36155e+00,    9.85085e-03,    2.36155e+00,    9.85085e-03,   -1.00000e-02,    0.00000e+00,    2.75818e+04,    1.39336e+01,    4.20361e+02,    4.09818e-01,    2.42854e+00,    1.00955e-02,    4.32285e+02,    4.15248e-01,    1.40343e+02,    4.99948e-02,    2.48082e+01,    2.57275e-04,    2.73353e+01,    7.15653e-03,    1.02512e+01,    2.47038e-04,    1.15795e+01,    1.80683e-06,              3,              0,       1 meters
  05/11/2002 20:32:34.363,    2.38478e+00,    6.58256e-03,    2.38478e+00,    6.58256e-03,   -1.00000e-02,    0.00000e+00,    2.77030e+04,    6.03625e+01,    4.20676e+02,    6.09054e-02,    2.45273e+00,    6.92239e-03,    4.32662e+02,    8.95013e-02,    1.40323e+02,    5.64705e-02,    2.48087e+01,    2.00991e-04,    2.73469e+01,    2.27430e-03,    1.02499e+01,    3.88549e-04,    1.15831e+01,    7.56819e-04,              3,              0,       1 meters
  05/11/2002 20:32:36.353,    2.39953e+00,    3.24730e-03,    2.39953e+00,    3.24730e-03,   -1.00000e-02,    0.00000e+00,    2.77161e+04,    1.12390e+01,    4.21370e+02,    1.42783e-01,    2.46793e+00,    3.36840e-03,    4.33382e+02,    1.41844e-01,    1.40297e+02,    3.94986e-02,    2.48091e+01,    1.09455e-04,    2.73562e+01,    2.54286e-04,    1.02527e+01,    2.10312e-03,    1.15826e+01,    1.19823e-03,              3,              0,       1 meters
  05/11/2002 20:32:38.345,    2.40099e+00,    3.31367e-04,    2.40099e+00,    3.31367e-04,   -1.00000e-02,    0.00000e+00,    2.76852e+04,    1.17078e+01,    4.21588e+02,    3.08287e-01,    2.46935e+00,    3.70537e-04,    4.33593e+02,    3.11844e-01,    1.40328e+02,    7.10070e-02,    2.48094e+01,    1.90923e-04,    2.73686e+01,    9.33516e-03,    1.02513e+01,    4.74144e-03,    1.15813e+01,    1.88462e-03,              3,              0,       1 meters
  05/11/2002 20:32:40.336,    2.39971e+00,    3.27851e-03,    2.39971e+00,    3.27851e-03,   -1.00000e-02,    0.00000e+00,    2.78879e+04,    9.00540e+01,    4.20866e+02,    4.75823e-01,    2.46855e+00,    3.60125e-03,    4.32940e+02,    4.49367e-01,    1.40351e+02,    2.10212e-02,    2.48097e+01,    9.54072e-05,    2.73800e+01,    4.90589e-03,    1.02509e+01,    2.82727e-03,    1.15882e+01,    2.34639e-03,              3,              0,       1 meters
  05/11/2002 20:32:42.326,    2.39347e+00,    2.86756e-03,    2.39347e+00,    2.86756e-03,   -1.00000e-02,    0.00000e+00,    2.78971e+04,    1.87301e+01,    4.20724e+02,    2.36442e-01,    2.46216e+00,    2.99729e-03,    4.32798e+02,    2.51566e-01,    1.40307e+02,    6.11316e-02,    2.48098e+01,    9.19151e-05,    2.73904e+01,    1.18625e-03,    1.02511e+01,    1.84152e-03,    1.15868e+01,    2.81675e-04,              3,              0,       1 meters
  05/11/2002 20:32:44.317,    2.39302e+00,    2.75028e-03,    2.39302e+00,    2.75028e-03,   -1.00000e-02,    0.00000e+00,    2.79059e+04,    8.53713e+01,    4.20852e+02,    1.13596e-02,    2.46171e+00,    3.04542e-03,    4.32933e+02,    4.97068e-02,    1.40293e+02,    2.27063e-05,    2.48099e+01,    1.35791e-05,    2.74023e+01,    2.85756e-03,    1.02495e+01,    9.68164e-04,    1.15846e+01,    4.44210e-03,              3,              0,       1 meters
  05/11/2002 20:32:46.308,    2.40338e+00,    5.83651e-03,    2.40338e+00,    5.83651e-03,   -1.00000e-02,    0.00000e+00,    2.78937e+04,    1.62111e+01,    4.21124e+02,    2.91673e-01,    2.47234e+00,    6.04522e-03,    4.33208e+02,    3.07267e-01,    1.40320e+02,    7.45830e-02,    2.48101e+01,    2.24589e-04,    2.74118e+01,    7.22116e-03,    1.02508e+01,    3.71268e-03,    1.15855e+01,    1.91724e-03,              3,              0,       1 meters
  05/11/2002 20:32:48.299,    2.41682e+00,    4.64356e-03,    2.41682e+00,    4.64356e-03,   -1.00000e-02,    0.00000e+00,    2.79311e+04,    2.95031e+00,    4.21752e+02,    6.25493e-02,    2.48627e+00,    4.78454e-03,    4.33870e+02,    6.30297e-02,    1.40353e+02,    2.29231e-02,    2.48103e+01,    2.17270e-05,    2.74216e+01,    2.85053e-03,    1.02525e+01,    2.20811e-03,    1.15809e+01,    1.46261e-03,              3,              0,       1 meters
  05/11/2002 20:32:50.289,    2.42764e+00,    1.22188e-03,    2.42764e+00,    1.22188e-03,   -1.00000e-02,    0.00000e+00,    2.79531e+04,    2.41252e+01,    4.21891e+02,    1.28990e-01,    2.49746e+00,    1.19504e-03,    4.34023e+02,    1.21927e-01,    1.40323e+02,    6.63045e-02,    2.48106e+01,    4.78236e-05,    2.74325e+01,    1.26019e-03,    1.02560e+01,    2.11690e-03,    1.15852e+01,    1.03727e-03,              3,              0,       1 meters
  05/11/2002 20:32:52.280,    2.42956e+00,    5.83962e-03,    2.42956e+00,    5.83962e-03,   -1.00000e-02,    0.00000e+00,    2.79626e+04,    7.37149e+01,    4.21949e+02,    1.78303e-01,    2.49945e+00,    6.19716e-03,    4.34088e+02,    1.50513e-01,    1.40297e+02,    3.59385e-02,    2.48109e+01,    6.61274e-05,    2.74474e+01,    6.39789e-03,    1.02540e+01,    3.68275e-03,    1.15857e+01,    5.56618e-03,              3,              0,       1 meters
  05/11/2002 20:32:54.270,    2.36401e+00,    3.53717e-02,    2.36401e+00,    3.53717e-02,   -1.00000e-02,    0.00000e+00,    2.78283e+04,    8.59256e+01,    4.20503e+02,    6.68183e-01,    2.43169e+00,    3.65991e-02,    4.32540e+02,    7.25540e-01,    1.40317e+02,    5.97488e-02,    2.48110e+01,    3.37849e-05,    2.74566e+01,    5.16565e-03,    1.02534e+01,    2.68782e-04,    1.15864e+01,    9.71546e-04,              3,              0,       1 meters
  05/11/2002 20:32:56.262,    2.25787e+00,    3.77915e-02,    2.25787e+00,    3.77915e-02,   -1.00000e-02,    0.00000e+00,    2.71294e+04,    3.78329e+02,    4.18506e+02,    5.36937e-01,    2.32084e+00,    3.97479e-02,    4.30176e+02,    7.19197e-01,    1.40346e+02,    4.26339e-02,    2.48111e+01,    1.79608e-04,    2.74641e+01,    3.67380e-03,    1.02521e+01,    1.40874e-03,    1.15847e+01,    1.52881e-03,              3,              0,       1 meters
  05/11/2002 20:32:58.252,    2.16874e+00,    3.04344e-02,    2.16874e+00,    3.04344e-02,   -1.00000e-02,    0.00000e+00,    2.60281e+04,    4.28015e+02,    4.17168e+02,    2.11748e-01,    2.22670e+00,    3.22263e-02,    4.28316e+02,    4.05631e-01,    1.40317e+02,    5.50212e-02,    2.48112e+01,    9.67874e-05,    2.74748e+01,    4.66869e-04,    1.02515e+01,    6.82973e-04,    1.15857e+01,    4.14527e-03,              3,              0,       1 meters
  05/11/2002 20:33:00.245,    2.09663e+00,    2.17564e-02,    2.09663e+00,    2.17564e-02,   -1.00000e-02,    0.00000e+00,    2.48844e+04,    2.91366e+02,    4.16110e+02,    9.37325e-02,    2.15014e+00,    2.29541e-02,    4.26729e+02,    3.13828e-02,    1.40308e+02,    5.74261e-02,    2.48112e+01,    1.20448e-05,    2.74830e+01,    5.16158e-03,    1.02561e+01,    5.79831e-04,    1.15855e+01,    4.59779e-03,              3,              0,       1 meters
  05/11/2002 20:33:02.236,    2.04674e+00,    1.38836e-02,    2.04674e+00,    1.38836e-02,   -1.00000e-02,    0.00000e+00,    2.40451e+04,    2.88320e+02,    4.15320e+02,    2.60153e-01,    2.09717e+00,    1.48452e-02,    4.25553e+02,    3.92280e-01,    1.40324e+02,    3.52543e-02,    2.48109e+01,    1.24915e-04,    2.74913e+01,    5.33195e-03,    1.02530e+01,    1.44720e-03,    1.15872e+01,    1.19537e-03,              3,              0,       1 meters
  05/11/2002 20:33:04.227,    2.00850e+00,    1.31168e-02,    2.00850e+00,    1.31168e-02,   -1.00000e-02,    0.00000e+00,    2.33591e+04,    2.81121e+02,    4.15085e+02,    1.08695e-01,    2.05655e+00,    1.40225e-02,    4.25013e+02,    2.33632e-01,    1.40332e+02,    6.14629e-02,    2.48108e+01,    2.02278e-04,    2.74988e+01,    3.18911e-04,    1.02550e+01,    4.54118e-03,    1.15874e+01,    1.34470e-03,              3,              0,       1 meters
  05/11/2002 20:33:06.217,    1.98332e+00,    6.53431e-03,    1.98332e+00,    6.53431e-03,   -1.00000e-02,    0.00000e+00,    2.28556e+04,    1.10943e+02,    4.14777e+02,    4.19363e-02,    2.02971e+00,    6.91759e-03,    4.24479e+02,    9.11115e-02,    1.40312e+02,    4.01036e-02,    2.48106e+01,    1.04914e-04,    2.75064e+01,    1.47137e-03,    1.02516e+01,    3.85573e-03,    1.15887e+01,    8.02055e-04,              3,              0,       1 meters
  05/11/2002 20:33:08.208,    1.96315e+00,    7.18266e-03,    1.96315e+00,    7.18266e-03,   -1.00000e-02,    0.00000e+00,    2.24637e+04,    2.19895e+02,    4.14521e+02,    3.01115e-01,    2.00826e+00,    7.79948e-03,    4.24046e+02,    2.12646e-01,    1.40320e+02,    6.39749e-02,    2.48106e+01,    3.24729e-05,    2.75144e+01,    6.10005e-03,    1.02524e+01,    4.12173e-03,    1.15897e+01,    3.44744e-03,              3,              0,       1 meters
  05/11/2002 20:33:10.199,    1.94879e+00,    4.34718e-03,    1.94879e+00,    4.34718e-03,   -1.00000e-02,    0.00000e+00,    2.21970e+04,    1.50181e+02,    4.14447e+02,    1.06192e-01,    1.99303e+00,    4.75198e-03,    4.23855e+02,    4.35028e-02,    1.40328e+02,    2.15288e-02,    2.48106e+01,    1.48741e-04,    2.75224e+01,    5.18192e-03,    1.02544e+01,    2.83471e-05,    1.15854e+01,    2.16176e-03,              3,              0,       1 meters
  05/11/2002 20:33:12.189,    1.93812e+00,    6.81894e-03,    1.93812e+00,    6.81894e-03,   -1.00000e-02,    0.00000e+00,    2.19433e+04,    7.80191e+01,    4.14402e+02,    3.93589e-01,    1.98161e+00,    7.13000e-03,    4.23699e+02,    3.68621e-01,    1.40322e+02,    6.42435e-02,    2.48107e+01,    1.53508e-06,    2.75329e+01,    1.13375e-03,    1.02549e+01,    6.22534e-03,    1.15883e+01,    3.06552e-03,              3,              0,       1 meters
  05/11/2002 20:33:14.180,    1.93164e+00,    9.76163e-04,    1.93164e+00,    9.76163e-04,   -1.00000e-02,    0.00000e+00,    2.18511e+04,    1.61141e+01,    4.14566e+02,    1.84448e-02,    1.97479e+00,    1.03050e-03,    4.23827e+02,    2.58390e-02,    1.40301e+02,    4.34971e-02,    2.48107e+01,    9.38764e-05,    2.75403e+01,    8.79464e-04,    1.02548e+01,    3.14771e-03,    1.15824e+01,    2.70739e-04,              3,              0,       1 meters
  05/11/2002 20:33:16.171,    1.92687e+00,    2.83547e-03,    1.92687e+00,    2.83547e-03,   -1.00000e-02,    0.00000e+00,    2.16655e+04,    1.11041e+02,    4.14433e+02,    4.26362e-01,    1.96955e+00,    3.12180e-03,    4.23611e+02,    3.87724e-01,    1.40326e+02,    6.41844e-02,    2.48109e+01,    1.22218e-04,    2.75494e+01,    7.01464e-03,    1.02520e+01,    1.94551e-03,    1.15849e+01,    3.39041e-03,              3,              0,       1 meters
  05/11/2002 20:33:18.162,    1.92498e+00,    5.60793e-04,    1.92498e+00,    5.60793e-04,   -1.00000e-02,    0.00000e+00,    2.16050e+04,    4.73356e+01,    4.14401e+02,    6.53202e-03,    1.96748e+00,    6.68365e-04,    4.23552e+02,    1.38155e-02,    1.40348e+02,    3.24698e-02,    2.48111e+01,    2.10783e-04,    2.75617e+01,    5.65892e-03,    1.02513e+01,    9.70253e-04,    1.15835e+01,    8.62791e-04,              3,              0,       1 meters
  05/11/2002 20:33:20.156,    1.92112e+00,    3.79427e-03,    1.92112e+00,    3.79427e-03,   -1.00000e-02,    0.00000e+00,    2.15604e+04,    2.76906e+01,    4.14752e+02,    1.17235e-01,    1.96346e+00,    3.82231e-03,    4.23891e+02,    1.31815e-01,    1.40313e+02,    6.16752e-02,    2.48114e+01,    4.91242e-05,    2.75740e+01,    8.30293e-04,    1.02542e+01,    1.81587e-03,    1.15815e+01,    2.72279e-03,              3,              0,       1 meters
  05/11/2002 20:33:22.149,    1.92093e+00,    1.64642e-03,    1.92093e+00,    1.64642e-03,   -1.00000e-02,    0.00000e+00,    2.16269e+04,    4.93747e+01,    4.14511e+02,    1.52554e-02,    1.96340e+00,    1.78190e-03,    4.23674e+02,    5.78859e-03,    1.40297e+02,    2.77145e-02,    2.48115e+01,    1.18088e-06,    2.75830e+01,    2.09048e-03,    1.02539e+01,    1.40627e-03,    1.15861e+01,    3.15066e-04,              3,              0,       1 meters
  05/11/2002 20:33:24.140,    1.91860e+00,    2.03262e-03,    1.91860e+00,    2.03262e-03,   -1.00000e-02,    0.00000e+00,    2.15942e+04,    6.37500e+01,    4.14481e+02,    1.02692e-01,    1.96094e+00,    2.20525e-03,    4.23629e+02,    7.73556e-02,    1.40334e+02,    6.22250e-02,    2.48117e+01,    1.40054e-04,    2.75931e+01,    4.82160e-03,    1.02529e+01,    4.00658e-03,    1.15857e+01,    1.07455e-03,              3,              0,       1 meters
  05/11/2002 20:33:26.131,    1.91836e+00,    5.61606e-05,    1.91836e+00,    5.61606e-05,   -1.00000e-02,    0.00000e+00,    2.16100e+04,    5.97928e+01,    4.14996e+02,    1.69920e-02,    1.96073e+00,    6.24258e-05,    4.24162e+02,    4.32893e-02,    1.40349e+02,    1.81106e-02,    2.48117e+01,    2.03113e-05,    2.76005e+01,    4.27650e-03,    1.02541e+01,    7.96369e-04,    1.15810e+01,    3.51701e-03,              3,              0,       1 meters
  05/11/2002 20:33:28.121,    1.92020e+00,    1.52067e-03,    1.92020e+00,    1.52067e-03,   -1.00000e-02,    0.00000e+00,    2.17375e+04,    2.59208e+01,    4.14857e+02,    1.92488e-01,    1.96287e+00,    1.60647e-03,    4.24076e+02,    2.08001e-01,    1.40309e+02,    6.08909e-02,    2.48119e+01,    8.71754e-05,    2.76089e+01,    4.81583e-04,    1.02530e+01,    6.44292e-04,    1.15826e+01,    3.05769e-03,              3,              0,       1 meters
  05/11/2002 20:33:30.111,    1.91884e+00,    2.72649e-03,    1.91884e+00,    2.72649e-03,   -1.00000e-02,    0.00000e+00,    2.16576e+04,    1.32732e+02,    4.15050e+02,    3.05618e-01,    1.96132e+00,    3.05294e-03,    4.24238e+02,    2.54827e-01,    1.40295e+02,    1.02854e-02,    2.48124e+01,    9.27030e-05,    2.76177e+01,    1.59737e-03,    1.02530e+01,    6.10552e-03,    1.15810e+01,    1.46632e-03,              3,              0,       1 meters
  05/11/2002 20:33:32.102,    1.92050e+00,    1.64786e-03,    1.92050e+00,    1.64786e-03,   -1.00000e-02,    0.00000e+00,    2.17271e+04,    1.58785e+01,    4.14722e+02,    6.95348e-02,    1.96315e+00,    1.71633e-03,    4.23933e+02,    6.41983e-02,    1.40329e+02,    7.13396e-02,    2.48125e+01,    2.43670e-04,    2.76272e+01,    8.29102e-03,    1.02503e+01,    2.54728e-03,    1.15868e+01,    3.81929e-03,              3,              0,       1 meters
  05/11/2002 20:33:34.095,    1.91889e+00,    9.49864e-04,    1.91889e+00,    9.49864e-04,   -1.00000e-02,    0.00000e+00,    2.17398e+04,    1.43795e+01,    4.14951e+02,    2.30646e-01,    1.96153e+00,    9.99805e-04,    4.24172e+02,    2.42007e-01,    1.40352e+02,    2.07781e-04,    2.48125e+01,    3.35386e-05,    2.76357e+01,    6.40211e-03,    1.02548e+01,    1.03345e-03,    1.15864e+01,    2.17420e-03,              3,              0,       1 meters
  05/11/2002 20:33:36.084,    1.91873e+00,    2.19924e-03,    1.91873e+00,    2.19924e-03,   -1.00000e-02,    0.00000e+00,    2.16991e+04,    8.31525e+01,    4.15142e+02,    2.41809e-01,    1.96129e+00,    2.41472e-03,    4.24350e+02,    2.11104e-01,    1.40307e+02,    5.66606e-02,    2.48127e+01,    4.66536e-05,    2.76467e+01,    4.88090e-04,    1.02509e+01,    5.30970e-03,    1.15827e+01,    1.49335e-03,              3,              0,       1 meters
  05/11/2002 20:33:38.075,    1.91782e+00,    1.45770e-04,    1.91782e+00,    1.45770e-04,   -1.00000e-02,    0.00000e+00,    2.16677e+04,    1.63165e+01,    4.14799e+02,    7.09180e-02,    1.96030e+00,    1.16305e-04,    4.23985e+02,    6.54175e-02,    1.40295e+02,    4.82712e-03,    2.48129e+01,    4.07430e-05,    2.76544e+01,    2.08486e-03,    1.02512e+01,    6.81446e-04,    1.15870e+01,    9.56064e-04,              3,              0,       1 meters
  05/11/2002 20:33:40.066,    1.91814e+00,    6.63560e-04,    1.91814e+00,    6.63560e-04,   -1.00000e-02,    0.00000e+00,    2.15787e+04,    1.22431e+01,    4.14951e+02,    1.15174e-01,    1.96044e+00,    7.02726e-04,    4.24103e+02,    1.12407e-01,    1.40321e+02,    7.77504e-02,    2.48131e+01,    3.84995e-05,    2.76623e+01,    6.22930e-03,    1.02515e+01,    5.50630e-04,    1.15848e+01,    2.66817e-03,              3,              0,       1 meters
  05/11/2002 20:33:42.056,    1.91918e+00,    8.11493e-04,    1.91918e+00,    8.11493e-04,   -1.00000e-02,    0.00000e+00,    2.15874e+04,    4.33294e+01,    4.14753e+02,    2.95439e-01,    1.96152e+00,    9.16264e-04,    4.23904e+02,    2.83184e-01,    1.40351e+02,    1.13129e-02,    2.48132e+01,    1.06406e-04,    2.76714e+01,    3.95337e-03,    1.02476e+01,    1.14423e-03,    1.15871e+01,    2.33079e-03,              3,              0,       1 meters
  05/11/2002 20:33:44.048,    1.91794e+00,    2.78448e-03,    1.91794e+00,    2.78448e-03,   -1.00000e-02,    0.00000e+00,    2.15058e+04,    7.65499e+01,    4.15149e+02,    1.01594e-01,    1.96010e+00,    2.99902e-03,    4.24273e+02,    7.06350e-02,    1.40323e+02,    7.57247e-02,    2.48133e+01,    5.10182e-05,    2.76840e+01,    5.33860e-04,    1.02542e+01,    7.78046e-03,    1.15851e+01,    1.88436e-03,              3,              0,       1 meters
  05/11/2002 20:33:46.038,    1.91628e+00,    1.92189e-03,    1.91628e+00,    1.92189e-03,   -1.00000e-02,    0.00000e+00,    2.15145e+04,    4.61132e+01,    4.15427e+02,    1.80452e-01,    1.95842e+00,    2.05644e-03,    4.24561e+02,    1.64411e-01,    1.40296e+02,    1.14966e-02,    2.48138e+01,    6.50732e-05,    2.76954e+01,    3.40547e-03,    1.02570e+01,    3.19643e-03,    1.15807e+01,    2.27174e-03,              3,              0,       1 meters
  05/11/2002 20:33:48.028,    1.91891e+00,    3.33019e-03,    1.91891e+00,    3.33019e-03,   -1.00000e-02,    0.00000e+00,    2.16318e+04,    4.25713e+01,    4.15011e+02,    2.71247e-01,    1.96134e+00,    3.48916e-03,    4.24187e+02,    2.95702e-01,    1.40314e+02,    6.59419e-02,    2.48137e+01,    3.79598e-05,    2.77011e+01,    5.51591e-03,    1.02507e+01,    5.38520e-03,    1.15868e+01,    1.68491e-03,              3,              0,       1 meters
  05/11/2002 20:33:50.020,    1.91761e+00,    2.41913e-04,    1.91761e+00,    2.41913e-04,   -1.00000e-02,    0.00000e+00,    2.16682e+04,    7.58904e+01,    4.15166e+02,    3.23874e-02,    1.96008e+00,    3.99317e-04,    4.24361e+02,    6.60229e-02,    1.40352e+02,    1.62643e-02,    2.48139e+01,    1.38414e-04,    2.77068e+01,    1.68728e-03,    1.02522e+01,    2.17528e-03,    1.15850e+01,    1.45500e-03,              3,              0,       1 meters
  05/11/2002 20:33:52.009,    1.91803e+00,    1.80775e-03,    1.91803e+00,    1.80775e-03,   -1.00000e-02,    0.00000e+00,    2.16964e+04,    6.79524e+01,    4.15384e+02,    1.42732e-01,    1.96056e+00,    1.98402e-03,    4.24596e+02,    1.16405e-01,    1.40333e+02,    6.21336e-02,    2.48140e+01,    7.33224e-05,    2.77175e+01,    7.74319e-04,    1.02526e+01,    2.01298e-03,    1.15867e+01,    3.52028e-03,              3,              0,       1 meters
  05/11/2002 20:33:54.001,    1.91875e+00,    1.02708e-03,    1.91875e+00,    1.02708e-03,   -1.00000e-02,    0.00000e+00,    2.17978e+04,    3.70020e+00,    4.15010e+02,    3.53663e-01,    1.96150e+00,    1.05738e-03,    4.24258e+02,    3.59939e-01,    1.40294e+02,    1.37142e-02,    2.48145e+01,    2.28295e-04,    2.77274e+01,    2.12139e-03,    1.02494e+01,    4.52661e-03,    1.15873e+01,    4.17063e-03,              3,              0,       1 meters
  05/11/2002 20:33:55.991,    1.92079e+00,    7.16083e-04,    1.92079e+00,    7.16083e-04,   -1.00000e-02,    0.00000e+00,    2.19187e+04,    2.53348e+01,    4.14683e+02,    1.90742e-01,    1.96383e+00,    7.82999e-04,    4.23976e+02,    2.05998e-01,    1.40313e+02,    6.67189e-02,    2.48146e+01,    3.85767e-05,    2.77360e+01,    3.97393e-03,    1.02455e+01,    1.39372e-03,    1.15902e+01,    1.13189e-03,              3,              0,       1 meters
  05/11/2002 20:33:57.982,    1.91766e+00,    6.75117e-04,    1.91766e+00,    6.75117e-04,   -1.00000e-02,    0.00000e+00,    2.18197e+04,    3.51267e+00,    4.14852e+02,    3.67831e-01,    1.96044e+00,    6.97216e-04,    4.24106e+02,    3.77559e-01,    1.40350e+02,    1.66930e-02,    2.48146e+01,    6.30679e-05,    2.77421e+01,    5.44678e-03,    1.02494e+01,    1.57725e-03,    1.15791e+01,    3.45242e-03,              3,              0,       1 meters
  05/11/2002 20:33:59.973,    1.91825e+00,    5.44032e-03,    1.91825e+00,    5.44032e-03,   -1.00000e-02,    0.00000e+00,    2.18513e+04,    7.95895e+01,    4.14368e+02,    4.90525e-01,    1.96110e+00,    5.72142e-03,    4.23625e+02,    4.67014e-01,    1.40336e+02,    5.47330e-02,    2.48149e+01,    9.31859e-05,    2.77533e+01,    2.70442e-03,    1.02491e+01,    6.85186e-03,    1.15865e+01,    4.31098e-03,              3,              0,       1 meters
  05/11/2002 20:34:01.963,    1.91890e+00,    2.00728e-04,    1.91890e+00,    2.00728e-04,   -1.00000e-02,    0.00000e+00,    2.19001e+04,    3.51841e+01,    4.14145e+02,    1.54536e-01,    1.96187e+00,    2.75795e-04,    4.23418e+02,    1.42765e-01,    1.40294e+02,    1.00479e-02,    2.48154e+01,    2.47793e-04,    2.77681e+01,    2.26750e-03,    1.02488e+01,    2.99124e-04,    1.15900e+01,    2.82655e-04,              3,              0,       1 meters
  05/11/2002 20:34:03.954,    1.91796e+00,    1.90176e-04,    1.91796e+00,    1.90176e-04,   -1.00000e-02,    0.00000e+00,    2.19151e+04,    2.32426e+01,    4.13935e+02,    3.47025e-01,    1.96093e+00,    1.47838e-04,    4.23210e+02,    3.44744e-01,    1.40305e+02,    5.87789e-02,    2.48154e+01,    1.61809e-05,    2.77760e+01,    5.87949e-03,    1.02518e+01,    9.23564e-04,    1.15908e+01,    5.43582e-03,              3,              0,       1 meters
  05/11/2002 20:34:05.945,    1.91774e+00,    4.73722e-04,    1.91774e+00,    4.73722e-04,   -1.00000e-02,    0.00000e+00,    2.18589e+04,    7.71986e+01,    4.14147e+02,    1.40540e-01,    1.96060e+00,    6.39047e-04,    4.23402e+02,    1.10264e-01,    1.40334e+02,    1.74741e-02,    2.48154e+01,    9.71354e-05,    2.77818e+01,    2.88639e-03,    1.02517e+01,    9.04686e-05,    1.15852e+01,    1.52829e-03,              3,              0,       1 meters
  05/11/2002 20:34:07.936,    1.91574e+00,    5.97751e-04,    1.91574e+00,    5.97751e-04,   -1.00000e-02,    0.00000e+00,    2.17933e+04,    2.03331e+01,    4.13994e+02,    1.27780e-01,    1.95842e+00,    6.51776e-04,    4.23218e+02,    1.39424e-01,    1.40341e+02,    5.21364e-02,    2.48157e+01,    1.15394e-04,    2.77899e+01,    2.67632e-03,    1.02549e+01,    3.85674e-03,    1.15877e+01,    2.78626e-03,              3,              0,       1 meters
  05/11/2002 20:34:09.926,    1.91340e+00,    2.82581e-03,    1.91340e+00,    2.82581e-03,   -1.00000e-02,    0.00000e+00,    2.17448e+04,    9.29464e+01,    4.14272e+02,    4.73629e-01,    1.95593e+00,    3.07446e-03,    4.23481e+02,    4.43921e-01,    1.40311e+02,    2.40536e-02,    2.48158e+01,    1.62378e-04,    2.78039e+01,    1.34360e-03,    1.02577e+01,    2.51962e-03,    1.15798e+01,    1.10106e-02,              3,              0,       1 meters
  05/11/2002 20:34:11.917,    1.91588e+00,    2.10588e-04,    1.91588e+00,    2.10588e-04,   -1.00000e-02,    0.00000e+00,    2.16988e+04,    9.42266e+01,    4.13791e+02,    3.38027e-01,    1.95838e+00,    4.03883e-04,    4.22969e+02,    3.04785e-01,    1.40300e+02,    4.87047e-02,    2.48159e+01,    2.24884e-04,    2.78163e+01,    6.01997e-03,    1.02504e+01,    3.16146e-04,    1.15883e+01,    5.90331e-03,              3,              0,       1 meters
  05/11/2002 20:34:13.907,    1.91491e+00,    1.62821e-03,    1.91491e+00,    1.62821e-03,   -1.00000e-02,    0.00000e+00,    2.16873e+04,    7.80203e+00,    4.13889e+02,    9.11964e-02,    1.95736e+00,    1.64869e-03,    4.23064e+02,    9.65920e-02,    1.40332e+02,    2.56743e-02,    2.48160e+01,    1.61596e-04,    2.78250e+01,    4.07198e-03,    1.02529e+01,    4.13233e-03,    1.15882e+01,    1.26410e-03,              3,              0,       1 meters
  05/11/2002 20:34:15.898,    1.91657e+00,    6.24860e-04,    1.91657e+00,    6.24860e-04,   -1.00000e-02,    0.00000e+00,    2.18001e+04,    2.30745e+01,    4.13938e+02,    8.07779e-02,    1.95928e+00,    6.85002e-04,    4.23163e+02,    9.25600e-02,    1.40345e+02,    4.43689e-02,    2.48163e+01,    1.05594e-04,    2.78328e+01,    4.06858e-03,    1.02529e+01,    5.32712e-06,    1.15889e+01,    1.74958e-03,              3,              0,       1 meters
  05/11/2002 20:34:17.888,    1.91799e+00,    6.26330e-04,    1.91799e+00,    6.26330e-04,   -1.00000e-02,    0.00000e+00,    2.19230e+04,    6.51943e+01,    4.13911e+02,    1.10638e-01,    1.96098e+00,    5.09658e-04,    4.23189e+02,    8.49096e-02,    1.40325e+02,    5.52115e-02,    2.48166e+01,    8.81140e-05,    2.78459e+01,    1.86851e-04,    1.02548e+01,    2.41554e-03,    1.15859e+01,    4.54372e-03,              3,              0,       1 meters
  05/11/2002 20:34:19.878,    1.91983e+00,    2.13276e-03,    1.91983e+00,    2.13276e-03,   -1.00000e-02,    0.00000e+00,    2.21623e+04,    1.16707e+02,    4.13917e+02,    3.73184e-01,    1.96335e+00,    2.41542e-03,    4.23299e+02,    4.32164e-01,    1.40298e+02,    4.27984e-02,    2.48165e+01,    3.48202e-04,    2.78505e+01,    2.89689e-03,    1.02537e+01,    1.68385e-03,    1.15855e+01,    9.44369e-04,              3,              0,       1 meters
