Date/Time	Green Algae	Bluegreen	Diatoms	Cryptophyta	#5	#6	#7	Yellow substances	Total conc.	Transmission	Depth	Temp. Sample	Green Algae	Bluegreen	Diatoms	Cryptophyta	#5	#6	#7	Yellow substances	Total cell count	Trans. 700 nm	LED 3 [525 nm]	LED 4 [570 nm]	LED 5 [610 nm]	LED 6 [370 nm]	LED 7 [590 nm]	LED 8 [470 nm]	Pressure	Temp. LEDs	Temp. Sensor
date	µg/l	µg/l	µg/l	µg/l	µg/l	µg/l	µg/l	r.u.	µg/l	%	m	°C	cells/ml	cells/ml	cells/ml	cells/ml	cells/ml	cells/ml	cells/ml	r.u.	cells/ml	digits	digits	digits	digits	digits	digits	digits	bar	°C	°C
9/15/2020 7:59:30 AM	17.72	56.24	0.00	0.00	0.00	0.00	0.00	0.57	73.96	89.83	0.25	22.40	9391	56242	0	0	0	0	0	0	65633	136.33	59.82	44.76	284.18	73.81	240.80	79.74	1.02	17.23	16.44
9/15/2020 7:59:32 AM	17.63	56.84	0.00	0.00	0.00	0.00	0.00	0.61	74.47	90.10	0.37	22.47	9344	56838	0	0	0	0	0	0	66182	136.74	60.44	45.09	287.29	74.56	242.78	79.97	1.04	17.30	16.47
9/15/2020 7:59:35 AM	17.87	56.18	0.00	0.00	0.00	0.00	0.00	0.59	74.05	90.90	0.49	22.88	9472	56178	0	0	0	0	0	0	65649	137.96	59.96	44.82	284.14	74.12	240.52	80.32	1.05	17.37	16.50
9/15/2020 7:59:37 AM	17.72	55.81	0.00	0.00	0.00	0.00	0.00	0.55	73.53	90.37	0.59	22.89	9393	55812	0	0	0	0	0	0	65204	137.14	58.96	43.87	282.06	73.42	239.33	79.50	1.06	17.36	16.60
9/15/2020 7:59:39 AM	17.14	55.97	0.00	0.00	0.00	0.00	0.00	0.67	73.11	90.40	0.70	22.91	9083	55972	0	0	0	0	0	0	65056	137.19	59.20	43.90	282.63	73.86	239.27	78.59	1.07	17.42	16.58
9/15/2020 7:59:42 AM	17.32	55.94	0.00	0.00	0.00	0.00	0.00	0.62	73.26	90.21	0.76	23.08	9180	55936	0	0	0	0	0	0	65116	136.90	59.68	44.44	282.33	73.48	239.34	78.75	1.07	17.49	16.59
9/15/2020 7:59:44 AM	17.80	56.22	0.00	0.00	0.00	0.00	0.00	0.57	74.02	90.58	0.84	22.97	9432	56223	0	0	0	0	0	0	65655	137.47	59.82	44.60	284.00	73.88	240.98	79.96	1.08	17.52	16.62
9/15/2020 7:59:46 AM	17.69	56.97	0.00	0.00	0.00	0.00	0.00	0.57	74.67	90.13	0.91	22.86	9378	56973	0	0	0	0	0	0	66350	136.78	60.03	45.08	288.19	74.46	243.20	79.94	1.09	17.55	16.53
9/15/2020 7:59:49 AM	17.79	57.22	0.00	0.00	0.00	0.00	0.00	0.56	75.01	90.38	0.97	22.79	9427	57222	0	0	0	0	0	0	66650	137.15	60.28	45.20	289.24	74.60	244.49	80.19	1.10	17.62	16.60
9/15/2020 7:59:51 AM	17.51	57.37	0.00	0.00	0.00	0.00	0.00	0.62	74.88	90.54	1.07	22.76	9279	57368	0	0	0	0	0	0	66647	137.40	60.12	45.16	289.84	74.99	244.81	79.84	1.10	17.67	16.58
9/15/2020 7:59:54 AM	17.50	57.57	0.00	0.00	0.00	0.00	0.00	0.60	75.07	90.56	1.23	23.03	9275	57568	0	0	0	0	0	0	66842	137.43	60.42	45.47	291.62	74.96	244.65	79.74	1.12	17.71	16.62
9/15/2020 7:59:56 AM	17.68	57.19	0.00	0.00	0.00	0.00	0.00	0.58	74.86	90.90	1.33	23.29	9369	57185	0	0	0	0	0	0	66554	137.96	60.41	44.98	289.22	74.66	244.03	80.02	1.13	17.75	16.60
9/15/2020 7:59:58 AM	18.46	56.32	0.00	0.00	0.00	0.00	0.00	0.56	74.79	90.78	1.35	23.21	9786	56323	0	0	0	0	0	0	66109	137.77	60.41	45.00	285.82	74.84	241.05	82.07	1.13	17.81	16.64
9/15/2020 8:00:01 AM	17.90	56.15	0.00	0.00	0.00	0.00	0.00	0.59	74.05	90.83	1.40	23.02	9485	56152	0	0	0	0	0	0	65637	137.84	59.81	44.53	283.87	74.26	240.70	80.47	1.14	17.86	16.68
9/15/2020 8:00:03 AM	18.14	56.46	0.00	0.00	0.00	0.00	0.00	0.62	74.60	90.59	1.48	22.91	9613	56462	0	0	0	0	0	0	66075	137.48	60.35	44.60	285.31	75.06	242.44	81.54	1.15	17.90	16.68
9/15/2020 8:00:06 AM	18.82	55.92	0.00	0.00	0.00	0.00	0.00	0.56	74.74	90.36	1.54	22.87	9977	55918	0	0	0	0	0	0	65895	137.14	60.75	44.55	283.67	74.96	240.28	83.09	1.15	17.94	16.73
9/15/2020 8:00:08 AM	19.30	56.02	0.00	0.00	0.00	0.00	0.00	0.53	75.31	90.34	1.58	22.83	10228	56016	0	0	0	0	0	0	66245	137.09	60.82	44.91	285.76	75.43	239.73	84.37	1.15	18.00	16.72
9/15/2020 8:00:10 AM	19.29	55.25	0.10	0.00	0.00	0.00	0.00	0.54	74.63	90.37	1.60	22.73	10222	55246	45	0	0	0	0	0	65513	137.14	60.97	44.39	281.09	74.95	237.86	84.58	1.16	18.06	16.75
9/15/2020 8:00:13 AM	18.18	52.99	0.51	0.00	0.00	0.00	0.00	0.54	71.67	90.22	1.63	22.52	9635	52989	227	0	0	0	0	0	62851	136.91	59.15	42.91	267.73	72.38	230.61	82.13	1.16	18.10	16.75
9/15/2020 8:00:15 AM	18.64	54.61	0.26	0.00	0.00	0.00	0.00	0.54	73.52	90.28	1.67	22.44	9881	54613	118	0	0	0	0	0	64612	137.01	60.30	43.92	276.13	73.87	236.64	83.08	1.16	18.16	16.82
9/15/2020 8:00:17 AM	19.21	55.84	0.00	0.00	0.00	0.00	0.00	0.58	75.05	90.35	1.72	22.55	10183	55842	0	0	0	0	0	0	66025	137.11	61.09	44.96	283.65	75.63	240.21	84.47	1.17	18.21	16.83
9/15/2020 8:00:20 AM	19.67	55.60	0.00	0.00	0.00	0.00	0.00	0.51	75.28	90.90	1.78	22.51	10426	55603	0	0	0	0	0	0	66030	137.95	61.04	44.83	283.61	75.37	238.83	85.28	1.17	18.26	16.84
9/15/2020 8:00:22 AM	19.49	55.12	0.00	0.00	0.00	0.00	0.00	0.54	74.61	90.28	1.83	22.50	10331	55118	0	0	0	0	0	0	65449	137.01	60.58	44.20	280.53	75.02	237.48	84.77	1.18	18.32	16.84
9/15/2020 8:00:25 AM	19.26	55.04	0.08	0.00	0.00	0.00	0.00	0.51	74.39	90.06	1.88	22.57	10210	55040	38	0	0	0	0	0	65288	136.67	60.69	44.22	280.46	74.40	236.55	84.09	1.18	18.36	16.88
9/15/2020 8:00:27 AM	18.80	53.45	0.00	0.00	0.00	0.00	0.00	0.52	72.25	91.62	1.97	22.28	9965	53452	0	0	0	0	0	0	63417	139.04	58.16	42.62	272.78	72.72	229.60	81.87	1.19	18.40	16.89
9/15/2020 8:00:29 AM	12.46	32.89	0.76	0.00	0.00	0.00	0.00	0.63	46.11	98.39	2.08	22.01	6605	32890	342	0	0	0	0	0	39836	149.32	39.61	27.15	170.48	50.39	143.44	58.90	1.20	18.46	16.94
9/15/2020 8:00:32 AM	3.48	22.23	15.46	5.82	0.00	0.00	0.00	0.76	46.99	100.00	2.20	22.09	1843	22228	6958	175	0	0	0	0	31204	159.46	77.77	39.51	134.76	66.37	137.73	118.16	1.22	18.51	16.92
9/15/2020 8:00:34 AM	4.12	20.98	16.99	15.34	0.00	0.00	0.00	1.43	57.43	100.00	2.39	21.95	2182	20977	7647	460	0	0	0	0	31266	163.21	112.37	53.85	154.17	92.50	172.04	173.76	1.23	18.56	16.98
9/15/2020 8:00:36 AM	5.02	21.00	16.66	15.78	0.00	0.00	0.00	1.56	58.46	100.00	2.51	21.56	2661	21002	7498	473	0	0	0	0	31634	165.05	113.85	54.42	155.75	95.34	174.41	178.17	1.25	18.60	16.99
9/15/2020 8:00:39 AM	6.92	18.95	13.91	12.13	0.00	0.00	0.00	1.52	51.91	100.00	2.63	21.24	3670	18950	6258	364	0	0	0	0	29242	166.96	95.16	46.23	136.72	85.03	150.09	155.13	1.26	18.66	17.00
9/15/2020 8:00:41 AM	6.54	16.10	11.41	11.64	0.00	0.00	0.00	1.65	45.68	100.00	2.79	20.92	3465	16101	5133	349	0	0	0	0	25049	168.72	85.42	41.32	119.79	78.41	133.49	140.74	1.27	18.71	17.03
9/15/2020 8:00:44 AM	6.65	16.45	9.88	7.48	0.00	0.00	0.00	1.60	40.46	100.00	2.92	20.69	3523	16453	4446	224	0	0	0	0	24646	167.51	69.02	33.74	109.65	68.39	117.77	115.80	1.29	18.75	17.09
9/15/2020 8:00:46 AM	6.75	20.07	8.67	1.75	0.00	0.00	0.00	1.37	37.23	100.00	3.03	20.41	3580	20065	3900	52	0	0	0	0	27597	166.87	50.58	27.61	110.96	56.81	109.45	84.98	1.30	18.80	17.10
9/15/2020 8:00:48 AM	9.05	21.00	3.82	0.00	0.00	0.00	0.00	1.22	33.86	100.00	3.23	19.38	4795	20999	1717	0	0	0	0	0	27511	164.79	35.59	21.87	109.92	47.83	101.45	62.33	1.32	18.85	17.11
9/15/2020 8:00:51 AM	10.98	19.12	2.03	0.00	0.00	0.00	0.00	1.39	32.14	100.00	3.45	18.22	5820	19124	914	0	0	0	0	0	25858	163.95	31.49	19.17	102.15	47.80	92.65	61.36	1.34	18.89	17.13
9/15/2020 8:00:53 AM	12.03	17.72	1.84	0.00	0.00	0.00	0.00	1.50	31.60	100.00	3.61	17.63	6378	17722	830	0	0	0	0	0	24930	162.72	30.80	18.11	96.65	49.03	87.43	64.31	1.35	18.95	17.14
9/15/2020 8:00:55 AM	15.49	12.46	1.15	0.00	0.00	0.00	0.00	1.90	29.10	100.00	3.83	16.49	8209	12464	516	0	0	0	0	0	21189	156.43	27.92	13.79	75.29	52.93	67.82	73.84	1.37	18.98	17.18
9/15/2020 8:00:58 AM	15.27	10.69	1.06	0.00	0.00	0.00	0.00	2.01	27.01	100.00	3.94	15.98	8093	10689	475	0	0	0	0	0	19257	156.38	26.36	12.37	66.81	52.27	60.39	73.04	1.39	19.02	17.16
9/15/2020 8:01:00 AM	14.97	9.63	0.84	0.00	0.00	0.00	0.00	2.03	25.45	100.00	4.10	15.88	7934	9634	380	0	0	0	0	0	17947	156.79	24.86	11.48	61.68	50.93	55.37	70.97	1.40	19.07	17.24
9/15/2020 8:01:03 AM	11.19	6.55	0.64	0.00	0.00	0.00	0.00	1.92	18.37	100.00	4.26	14.81	5928	6551	287	0	0	0	0	0	12766	161.93	19.17	8.24	43.45	41.63	39.83	55.94	1.42	19.10	17.25
9/15/2020 8:01:05 AM	10.75	6.24	0.60	0.00	0.00	0.00	0.00	1.82	17.59	100.00	4.39	14.30	5696	6241	270	0	0	0	0	0	12207	163.53	18.31	7.83	41.60	39.68	38.05	53.45	1.43	19.13	17.26
9/15/2020 8:01:07 AM	8.95	5.08	0.58	0.00	0.00	0.00	0.00	1.61	14.61	100.00	4.47	14.39	4742	5084	262	0	0	0	0	0	10088	165.32	15.66	6.56	34.33	34.10	31.94	45.57	1.44	19.18	17.28
9/15/2020 8:01:10 AM	8.36	4.88	0.49	0.00	0.00	0.00	0.00	1.51	13.72	100.00	4.62	14.50	4432	4875	218	0	0	0	0	0	9526	165.23	14.65	6.25	32.81	31.92	30.33	42.39	1.45	19.20	17.31
9/15/2020 8:01:12 AM	6.21	3.64	0.57	0.00	0.00	0.00	0.00	1.10	10.42	100.00	4.71	14.45	3289	3639	258	0	0	0	0	0	7186	165.88	11.45	4.65	25.01	23.78	23.48	32.09	1.46	19.25	17.31
9/15/2020 8:01:15 AM	6.46	3.74	0.52	0.00	0.00	0.00	0.00	1.10	10.73	100.00	4.81	14.47	3425	3742	235	0	0	0	0	0	7402	165.88	11.56	4.86	25.59	24.20	24.11	32.78	1.47	19.27	17.34
9/15/2020 8:01:17 AM	5.56	3.27	0.64	0.00	0.00	0.00	0.00	0.91	9.47	100.00	4.96	14.09	2949	3266	287	0	0	0	0	0	6502	165.69	10.38	4.32	22.37	20.78	21.71	28.70	1.49	19.31	17.38
9/15/2020 8:01:19 AM	3.74	2.53	0.45	0.00	0.00	0.00	0.00	0.63	6.71	100.00	5.11	13.48	1980	2526	201	0	0	0	0	0	4707	165.57	7.49	3.21	17.15	14.43	16.69	19.49	1.50	19.35	17.41
9/15/2020 8:01:22 AM	2.66	2.05	0.41	0.00	0.00	0.00	0.00	0.58	5.12	100.00	5.21	13.48	1411	2051	185	0	0	0	0	0	3647	163.93	6.21	2.61	13.72	11.95	14.06	15.32	1.51	19.37	17.39
9/15/2020 8:01:24 AM	3.22	2.33	0.32	0.00	0.00	0.00	0.00	0.59	5.88	100.00	5.33	13.62	1707	2334	145	0	0	0	0	0	4187	165.44	6.61	2.94	15.84	12.85	15.13	16.84	1.52	19.39	17.44
9/15/2020 8:01:26 AM	2.06	1.60	0.22	0.00	0.00	0.00	0.00	0.48	3.88	100.00	5.51	13.34	1091	1604	99	0	0	0	0	0	2793	165.61	4.72	2.12	10.78	9.33	11.56	11.53	1.54	19.42	17.48
9/15/2020 8:01:29 AM	1.28	1.34	0.00	0.00	0.00	0.00	0.00	0.43	2.61	100.00	5.73	12.71	677	1336	0	0	0	0	0	0	2013	166.94	3.34	1.76	8.88	7.20	9.27	7.61	1.56	19.46	17.48
9/15/2020 8:01:31 AM	0.87	1.17	0.00	0.00	0.00	0.00	0.00	0.42	2.04	100.00	5.84	12.61	461	1174	0	0	0	0	0	0	1634	167.96	2.81	1.49	7.77	6.38	8.30	6.15	1.57	19.47	17.51
9/15/2020 8:01:34 AM	0.83	1.17	0.00	0.00	0.00	0.00	0.00	0.42	1.99	100.00	5.95	13.19	438	1168	0	0	0	0	0	0	1606	167.54	2.82	1.55	7.83	6.34	8.10	6.03	1.58	19.51	17.55
9/15/2020 8:01:36 AM	0.77	1.03	0.05	0.00	0.00	0.00	0.00	0.38	1.85	100.00	6.15	13.14	409	1028	20	0	0	0	0	0	1457	168.38	2.79	1.56	6.98	5.78	7.64	5.66	1.60	19.51	17.56
9/15/2020 8:01:38 AM	0.22	0.94	0.05	0.00	0.00	0.00	0.00	0.39	1.22	100.00	6.31	12.43	119	941	24	0	0	0	0	0	1083	169.53	2.46	1.39	6.22	5.09	6.76	4.02	1.62	19.55	17.58
9/15/2020 8:01:41 AM	0.25	0.97	0.00	0.00	0.00	0.00	0.00	0.42	1.22	100.00	6.43	12.37	134	971	0	0	0	0	0	0	1105	169.48	2.29	1.43	6.29	5.34	6.93	4.10	1.63	19.57	17.59
9/15/2020 8:01:43 AM	0.27	0.91	0.00	0.00	0.00	0.00	0.00	0.39	1.18	100.00	6.64	12.36	143	914	0	0	0	0	0	0	1057	169.76	2.22	1.18	5.88	5.02	6.88	3.90	1.65	19.58	17.63
9/15/2020 8:01:46 AM	0.19	0.91	0.00	0.00	0.00	0.00	0.00	0.39	1.10	100.00	6.88	12.27	102	906	0	0	0	0	0	0	1008	169.32	2.15	1.28	5.87	4.91	6.67	3.65	1.67	19.60	17.61
9/15/2020 8:01:48 AM	0.15	0.94	0.00	0.00	0.00	0.00	0.00	0.41	1.08	100.00	7.00	12.28	77	936	0	0	0	0	0	0	1013	169.31	1.96	1.14	5.91	5.06	6.89	3.64	1.69	19.62	17.60
9/15/2020 8:01:50 AM	0.14	0.94	0.00	0.00	0.00	0.00	0.00	0.41	1.08	100.00	7.12	12.46	73	940	0	0	0	0	0	0	1014	169.02	2.03	1.30	6.00	5.04	6.78	3.62	1.70	19.63	17.68
9/15/2020 8:01:53 AM	0.14	0.94	0.00	0.00	0.00	0.00	0.00	0.40	1.09	100.00	7.31	12.43	76	943	0	0	0	0	0	0	1019	168.69	2.04	1.16	5.99	4.99	6.85	3.59	1.72	19.63	17.65
9/15/2020 8:01:55 AM	0.29	0.95	0.00	0.00	0.00	0.00	0.00	0.37	1.24	100.00	7.54	12.25	154	951	0	0	0	0	0	0	1105	167.36	2.01	1.21	6.22	4.93	6.90	3.84	1.74	19.66	17.70
9/15/2020 8:01:57 AM	0.44	0.95	0.00	0.00	0.00	0.00	0.00	0.35	1.40	100.00	7.70	12.30	234	955	0	0	0	0	0	0	1189	168.12	2.26	1.27	6.30	4.90	7.05	4.16	1.75	19.67	17.70
9/15/2020 8:02:00 AM	0.49	0.93	0.00	0.00	0.00	0.00	0.00	0.36	1.42	100.00	7.83	12.37	259	931	0	0	0	0	0	0	1190	168.59	2.23	1.17	6.25	5.01	7.01	4.34	1.77	19.67	17.73
9/15/2020 8:02:02 AM	2.73	1.15	0.27	0.00	0.00	0.00	0.00	0.24	4.14	100.00	8.06	12.28	1445	1149	121	0	0	0	0	0	2714	167.82	4.24	1.90	9.33	7.63	9.99	11.87	1.79	19.67	17.73
9/15/2020 8:02:05 AM	5.63	1.50	0.74	0.00	0.00	0.00	0.00	0.12	7.87	100.00	8.27	12.11	2986	1499	333	0	0	0	0	0	4818	165.82	7.08	2.70	13.92	11.55	14.20	22.38	1.81	19.69	17.70
9/15/2020 8:02:07 AM	5.38	1.58	0.75	0.00	0.00	0.00	0.00	0.16	7.71	100.00	8.42	12.27	2853	1579	337	0	0	0	0	0	4770	166.11	7.14	2.97	14.31	11.75	14.11	22.02	1.82	19.69	17.75
9/15/2020 8:02:09 AM	6.32	1.58	0.83	0.00	0.00	0.00	0.00	0.12	8.73	100.00	8.56	12.41	3350	1578	372	0	0	0	0	0	5300	165.00	7.77	2.91	15.06	12.73	15.08	24.99	1.84	19.70	17.76
9/15/2020 8:02:12 AM	7.65	1.72	1.15	0.00	0.00	0.00	0.00	0.02	10.52	100.00	8.78	12.29	4054	1724	518	0	0	0	0	0	6296	163.74	9.20	3.34	17.06	14.31	17.18	29.97	1.86	19.71	17.78
9/15/2020 8:02:14 AM	7.25	1.78	1.00	0.00	0.00	0.00	0.00	0.09	10.04	100.00	8.95	12.08	3843	1785	450	0	0	0	0	0	6078	162.81	8.83	3.35	17.07	14.19	16.76	28.56	1.88	19.71	17.76
9/15/2020 8:02:16 AM	6.82	1.69	1.02	0.00	0.00	0.00	0.00	0.14	9.53	100.00	9.10	12.09	3615	1691	460	0	0	0	0	0	5766	163.15	8.68	3.25	16.18	14.10	16.21	27.68	1.89	19.71	17.80
9/15/2020 8:02:19 AM	10.25	1.91	1.24	0.00	0.00	0.00	0.00	0.32	13.41	100.00	9.43	12.05	5434	1914	558	0	0	0	0	0	7906	167.06	11.92	4.18	20.66	21.41	20.10	41.21	1.92	19.72	17.81
9/15/2020 8:02:21 AM	9.18	1.87	1.12	0.00	0.00	0.00	0.00	0.50	12.17	100.00	9.63	11.97	4867	1867	505	0	0	0	0	0	7239	167.85	11.41	3.99	19.28	21.47	19.23	38.66	1.94	19.71	17.84
9/15/2020 8:02:24 AM	9.55	1.85	1.02	0.00	0.00	0.00	0.00	0.69	12.42	100.00	9.74	12.09	5062	1855	458	0	0	0	0	0	7374	169.26	11.88	4.03	19.61	23.76	19.41	40.92	1.95	19.70	17.85
