Date/Time	Green Algae	Bluegreen	Diatoms	Cryptophyta	#5	#6	#7	Yellow substances	Total conc.	Transmission	Depth	Temp. Sample	Green Algae	Bluegreen	Diatoms	Cryptophyta	#5	#6	#7	Yellow substances	Total cell count	Trans. 700 nm	LED 3 [525 nm]	LED 4 [570 nm]	LED 5 [610 nm]	LED 6 [370 nm]	LED 7 [590 nm]	LED 8 [470 nm]	Pressure	Temp. LEDs	Temp. Sensor
date	µg/l	µg/l	µg/l	µg/l	µg/l	µg/l	µg/l	r.u.	µg/l	%	m	°C	cells/ml	cells/ml	cells/ml	cells/ml	cells/ml	cells/ml	cells/ml	r.u.	cells/ml	digits	digits	digits	digits	digits	digits	digits	bar	°C	°C
8/15/2019 5:17:21 AM	11.47	16.36	1.54	0.00	0.00	0.00	0.00	1.16	29.36	91.50	0.34	25.40	6077	16359	691	0	0	0	0	0	23128	159.49	27.65	15.36	87.48	43.19	83.09	58.02	1.03	33.83	10.51
8/15/2019 5:17:23 AM	11.49	16.42	1.57	0.00	0.00	0.00	0.00	1.19	29.49	91.99	0.41	25.48	6092	16425	706	0	0	0	0	0	23223	160.34	27.88	15.60	87.91	43.66	83.34	58.52	1.04	33.89	10.52
8/15/2019 5:17:25 AM	11.48	16.34	1.54	0.00	0.00	0.00	0.00	1.17	29.36	92.08	0.50	25.50	6084	16341	694	0	0	0	0	0	23119	160.51	27.69	15.29	87.36	43.30	83.11	58.15	1.05	33.98	10.54
8/15/2019 5:17:28 AM	11.75	16.44	1.46	0.00	0.00	0.00	0.00	1.17	29.65	92.33	0.59	25.46	6228	16436	658	0	0	0	0	0	23321	160.93	27.76	15.27	88.25	43.57	83.31	58.66	1.06	34.05	10.53
8/15/2019 5:17:30 AM	11.56	16.43	1.63	0.00	0.00	0.00	0.00	1.17	29.63	92.40	0.63	25.25	6127	16433	735	0	0	0	0	0	23294	161.06	28.00	15.46	87.66	43.63	83.94	58.85	1.06	34.12	10.56
8/15/2019 5:17:33 AM	11.90	16.53	1.56	0.00	0.00	0.00	0.00	1.17	29.98	92.35	0.68	25.00	6307	16526	700	0	0	0	0	0	23533	160.97	28.13	15.64	88.85	44.06	83.92	59.62	1.07	34.22	10.55
8/15/2019 5:17:35 AM	11.86	16.79	1.50	0.00	0.00	0.00	0.00	1.16	30.15	92.18	0.74	24.86	6285	16792	675	0	0	0	0	0	23751	160.67	28.14	15.74	89.70	43.93	85.21	59.19	1.07	34.30	10.58
8/15/2019 5:17:37 AM	11.78	16.49	1.44	0.00	0.00	0.00	0.00	1.17	29.71	92.28	0.81	25.08	6241	16488	649	0	0	0	0	0	23378	160.85	27.74	15.49	88.36	43.60	83.64	58.66	1.08	34.38	10.58
8/15/2019 5:17:40 AM	11.11	16.53	2.06	0.00	0.00	0.00	0.00	1.18	29.70	92.43	0.88	25.30	5889	16530	925	0	0	0	0	0	23344	161.10	28.82	15.93	88.26	43.84	84.27	59.34	1.09	34.44	10.56
8/15/2019 5:17:42 AM	11.93	16.84	1.48	0.00	0.00	0.00	0.00	1.14	30.26	92.02	0.91	25.22	6324	16840	668	0	0	0	0	0	23832	160.40	28.20	15.82	90.41	43.94	84.97	59.29	1.09	34.53	10.59
8/15/2019 5:17:45 AM	12.30	16.72	1.59	0.00	0.00	0.00	0.00	1.13	30.60	91.94	0.98	25.08	6520	16716	714	0	0	0	0	0	23950	160.26	28.54	15.75	90.57	44.37	84.53	60.74	1.10	34.58	10.58
8/15/2019 5:17:47 AM	11.97	16.26	1.71	0.00	0.00	0.00	0.00	1.15	29.94	91.99	1.00	25.11	6342	16264	771	0	0	0	0	0	23377	160.34	28.25	15.39	87.38	44.01	83.57	60.28	1.10	34.69	10.60
8/15/2019 5:17:49 AM	12.11	16.32	1.70	0.00	0.00	0.00	0.00	1.12	30.13	92.22	1.04	25.06	6417	16317	766	0	0	0	0	0	23499	160.74	28.31	15.44	88.32	43.89	83.24	60.42	1.10	34.77	10.60
8/15/2019 5:17:52 AM	12.23	16.77	1.59	0.00	0.00	0.00	0.00	1.14	30.59	91.32	1.08	24.97	6481	16769	718	0	0	0	0	0	23968	159.18	28.60	15.79	90.78	44.43	84.69	60.64	1.11	34.84	10.62
8/15/2019 5:17:54 AM	12.35	16.80	1.41	0.00	0.00	0.00	0.00	1.14	30.56	92.03	1.11	24.87	6544	16800	636	0	0	0	0	0	23981	160.42	28.24	15.89	90.71	44.33	84.85	60.25	1.11	34.93	10.63
8/15/2019 5:17:56 AM	12.18	16.94	1.55	0.00	0.00	0.00	0.00	1.12	30.66	91.81	1.17	24.66	6453	16943	695	0	0	0	0	0	24091	160.03	28.53	15.95	91.31	44.23	85.47	60.18	1.11	35.00	10.64
8/15/2019 5:17:59 AM	12.04	16.63	1.72	0.00	0.00	0.00	0.00	1.11	30.39	92.21	1.24	24.67	6379	16632	775	0	0	0	0	0	23786	160.72	28.50	15.71	88.93	44.02	85.33	60.37	1.12	35.08	10.62
8/15/2019 5:18:01 AM	11.94	16.59	1.79	0.00	0.00	0.00	0.00	1.12	30.32	92.32	1.27	24.85	6330	16593	804	0	0	0	0	0	23727	160.91	28.63	15.38	89.01	44.01	84.94	60.37	1.12	35.15	10.64
8/15/2019 5:18:04 AM	12.37	16.88	1.88	0.00	0.00	0.00	0.00	1.11	31.13	91.64	1.35	24.87	6556	16880	845	0	0	0	0	0	24281	159.73	29.34	15.90	91.14	44.92	86.15	62.17	1.13	35.23	10.65
8/15/2019 5:18:06 AM	11.95	16.48	1.96	0.00	0.00	0.00	0.00	1.13	30.39	92.33	1.43	25.11	6334	16477	883	0	0	0	0	0	23694	160.94	28.96	15.51	88.30	44.39	85.03	61.26	1.14	35.31	10.65
8/15/2019 5:18:08 AM	12.23	16.93	1.57	0.00	0.00	0.00	0.00	1.08	30.73	92.17	1.47	25.18	6480	16934	707	0	0	0	0	0	24120	160.65	28.48	15.94	91.13	43.91	85.67	60.12	1.14	35.42	10.68
8/15/2019 5:18:11 AM	12.00	16.39	1.72	0.00	0.00	0.00	0.00	1.08	30.11	92.42	1.54	25.14	6358	16391	775	0	0	0	0	0	23524	161.09	28.21	15.52	88.02	43.45	84.02	59.90	1.15	35.46	10.67
8/15/2019 5:18:13 AM	11.80	16.54	1.81	0.00	0.00	0.00	0.00	1.14	30.15	92.05	1.61	24.95	6256	16540	813	0	0	0	0	0	23608	160.45	28.54	15.61	88.34	43.98	84.94	60.14	1.16	35.57	10.70
8/15/2019 5:18:16 AM	12.03	16.61	1.67	0.00	0.00	0.00	0.00	1.11	30.32	92.22	1.66	24.86	6378	16613	752	0	0	0	0	0	23742	160.74	28.38	15.66	89.16	43.83	84.79	60.06	1.16	35.65	10.72
8/15/2019 5:18:18 AM	12.35	16.80	1.63	0.00	0.00	0.00	0.00	1.10	30.78	92.03	1.71	24.98	6548	16796	735	0	0	0	0	0	24078	160.41	28.64	15.70	90.39	44.31	85.63	60.94	1.17	35.73	10.72
8/15/2019 5:18:20 AM	12.20	16.92	1.71	0.00	0.00	0.00	0.00	1.13	30.83	92.21	1.76	24.90	6468	16919	769	0	0	0	0	0	24155	160.72	28.95	15.88	91.44	44.61	85.54	61.04	1.17	35.81	10.73
8/15/2019 5:18:23 AM	12.05	17.04	1.79	0.00	0.00	0.00	0.00	1.07	30.88	92.00	1.81	24.99	6389	17035	806	0	0	0	0	0	24230	160.35	29.00	16.13	91.95	44.08	85.89	60.53	1.18	35.90	10.73
8/15/2019 5:18:25 AM	11.91	17.12	2.03	0.00	0.00	0.00	0.00	1.11	31.06	92.27	1.87	24.97	6314	17119	914	0	0	0	0	0	24347	160.83	29.58	17.30	92.63	44.77	86.06	61.49	1.18	35.99	10.73
8/15/2019 5:18:27 AM	13.11	17.16	1.91	0.00	0.00	0.00	0.00	1.05	32.18	91.76	1.91	24.86	6951	17156	861	0	0	0	0	0	24968	159.95	29.94	16.41	93.27	45.61	87.65	64.31	1.19	36.06	10.77
8/15/2019 5:18:30 AM	13.79	17.37	2.52	0.00	0.00	0.00	0.00	1.05	33.68	92.07	1.99	24.86	7308	17372	1135	0	0	0	0	0	25815	160.48	31.91	16.81	94.55	47.78	90.74	69.25	1.19	36.17	10.77
8/15/2019 5:18:32 AM	14.36	17.23	2.54	0.00	0.00	0.00	0.00	0.95	34.14	91.81	2.03	24.80	7612	17233	1144	0	0	0	0	0	25988	160.02	31.94	17.09	94.88	47.53	90.02	70.34	1.20	36.22	10.77
8/15/2019 5:18:35 AM	14.73	17.05	2.69	0.00	0.00	0.00	0.00	0.94	34.47	91.90	2.09	24.75	7807	17049	1212	0	0	0	0	0	26068	160.18	32.36	16.95	94.56	48.08	89.67	72.05	1.20	36.31	10.79
8/15/2019 5:18:37 AM	14.59	16.55	2.65	0.00	0.00	0.00	0.00	0.94	33.80	92.17	2.13	24.71	7735	16554	1195	0	0	0	0	0	25484	160.66	31.77	16.58	92.32	47.38	87.27	71.23	1.21	36.38	10.80
8/15/2019 5:18:39 AM	14.96	16.15	2.46	0.00	0.00	0.00	0.00	0.87	33.57	92.87	2.17	24.55	7931	16155	1105	0	0	0	0	0	25191	161.87	31.01	16.27	90.51	46.63	85.71	70.91	1.21	36.47	10.84
8/15/2019 5:18:42 AM	15.32	13.71	2.70	0.00	0.00	0.00	0.00	0.82	31.73	92.74	2.18	24.29	8120	13707	1217	0	0	0	0	0	23044	161.65	29.53	14.71	79.14	45.12	76.79	71.89	1.21	36.55	10.83
8/15/2019 5:18:44 AM	16.12	12.16	2.39	0.00	0.00	0.00	0.00	0.73	30.67	94.23	2.20	24.13	8541	12165	1075	0	0	0	0	0	21781	164.25	27.77	13.60	73.11	43.65	69.89	71.81	1.22	36.64	10.84
8/15/2019 5:18:46 AM	15.88	11.35	2.40	0.00	0.00	0.00	0.00	0.71	29.64	94.03	2.22	24.06	8419	11351	1082	0	0	0	0	0	20852	163.89	26.95	12.86	69.18	42.57	66.35	70.74	1.22	36.71	10.84
8/15/2019 5:18:49 AM	16.14	10.96	2.35	0.00	0.00	0.00	0.00	0.69	29.46	94.69	2.26	24.00	8556	10964	1060	0	0	0	0	0	20580	165.05	26.63	12.72	67.91	42.36	64.51	71.05	1.22	36.80	10.86
8/15/2019 5:18:51 AM	16.25	10.54	2.27	0.00	0.00	0.00	0.00	0.67	29.06	94.98	2.29	23.92	8610	10545	1023	0	0	0	0	0	20178	165.55	26.09	12.59	66.24	41.86	62.46	70.73	1.22	36.87	10.86
8/15/2019 5:18:54 AM	16.53	11.16	2.21	0.00	0.00	0.00	0.00	0.65	29.89	94.59	2.32	23.82	8759	11162	993	0	0	0	0	0	20914	164.87	26.57	13.05	69.36	42.39	65.02	71.36	1.23	36.96	10.88
8/15/2019 5:18:56 AM	16.54	10.51	2.24	0.00	0.00	0.00	0.00	0.66	29.30	95.09	2.35	23.72	8768	10508	1010	0	0	0	0	0	20286	165.74	26.17	12.43	66.59	42.05	62.21	71.42	1.23	37.04	10.89
8/15/2019 5:18:58 AM	15.90	9.38	2.48	0.00	0.00	0.00	0.00	0.69	27.76	95.56	2.38	23.59	8426	9383	1115	0	0	0	0	0	18924	166.55	25.33	11.76	59.76	40.95	58.71	70.24	1.23	37.11	10.90
8/15/2019 5:19:01 AM	16.09	8.83	2.53	0.00	0.00	0.00	0.00	0.66	27.46	95.67	2.41	23.49	8529	8833	1139	0	0	0	0	0	18501	166.75	25.05	11.26	57.44	40.63	56.66	70.71	1.24	37.20	10.92
8/15/2019 5:19:03 AM	15.57	9.09	2.91	0.00	0.00	0.00	0.00	0.65	27.58	95.78	2.43	23.46	8255	9094	1311	0	0	0	0	0	18659	166.94	25.89	12.26	59.69	40.69	56.42	70.73	1.24	37.28	10.94
8/15/2019 5:19:06 AM	16.15	8.33	2.63	0.00	0.00	0.00	0.00	0.67	27.11	95.99	2.45	23.46	8561	8330	1182	0	0	0	0	0	18073	167.31	25.01	10.88	56.14	40.65	53.85	71.25	1.24	37.33	10.94
8/15/2019 5:19:08 AM	15.83	7.56	2.84	0.00	0.00	0.00	0.00	0.67	26.24	96.03	2.50	23.46	8391	7565	1279	0	0	0	0	0	17235	167.38	24.66	10.34	52.19	39.97	51.06	70.92	1.24	37.41	10.96
8/15/2019 5:19:10 AM	16.10	6.71	3.16	0.00	0.00	0.00	0.00	0.67	25.97	96.19	2.54	23.45	8531	6712	1423	0	0	0	0	0	16666	167.66	24.86	9.92	48.78	40.26	48.13	72.89	1.25	37.50	10.96
8/15/2019 5:19:13 AM	15.62	6.03	3.67	0.00	0.00	0.00	0.00	0.67	25.31	96.59	2.57	23.42	8276	6025	1652	0	0	0	0	0	15953	168.36	25.19	9.27	45.25	39.90	45.99	73.35	1.25	37.57	10.97
8/15/2019 5:19:15 AM	15.74	6.87	3.28	0.00	0.00	0.00	0.00	0.65	25.89	96.45	2.59	23.41	8341	6868	1477	0	0	0	0	0	16686	168.11	24.99	10.01	49.25	39.81	48.65	72.12	1.25	37.64	11.01
8/15/2019 5:19:17 AM	15.87	6.86	3.19	0.00	0.00	0.00	0.00	0.65	25.92	95.60	2.63	23.39	8411	6863	1434	0	0	0	0	0	16708	166.63	24.84	10.03	49.15	39.89	48.73	72.17	1.26	37.72	11.01
8/15/2019 5:19:20 AM	16.18	7.33	3.11	0.00	0.00	0.00	0.00	0.66	26.63	96.12	2.65	23.38	8577	7334	1400	0	0	0	0	0	17310	167.53	25.31	10.36	52.16	40.60	50.17	73.01	1.26	37.80	11.03
8/15/2019 5:19:22 AM	15.85	6.50	3.58	0.00	0.00	0.00	0.00	0.64	25.93	96.46	2.66	23.35	8403	6496	1609	0	0	0	0	0	16508	168.13	25.46	9.88	48.24	40.11	47.20	73.59	1.26	37.87	11.03
8/15/2019 5:19:25 AM	15.26	5.74	3.90	0.00	0.00	0.00	0.00	0.68	24.90	96.55	2.69	23.27	8088	5740	1754	0	0	0	0	0	15582	168.29	25.34	9.20	44.39	39.67	44.21	73.18	1.26	37.94	11.02
8/15/2019 5:19:27 AM	15.23	5.26	3.94	0.00	0.00	0.00	0.00	0.66	24.43	96.77	2.72	23.18	8074	5264	1771	0	0	0	0	0	15109	168.66	24.96	8.75	42.09	39.12	42.39	72.94	1.27	38.01	11.09
8/15/2019 5:19:29 AM	14.54	5.08	3.75	0.00	0.00	0.00	0.00	0.67	23.37	96.70	2.76	23.17	7708	5083	1686	0	0	0	0	0	14477	168.54	23.97	8.60	40.58	37.79	40.73	69.92	1.27	38.07	11.08
8/15/2019 5:19:32 AM	14.17	4.83	4.20	0.00	0.00	0.00	0.00	0.66	23.19	96.88	2.78	23.14	7509	4825	1890	0	0	0	0	0	14224	168.86	24.58	8.37	39.30	37.73	40.12	70.54	1.27	38.14	11.07
8/15/2019 5:19:34 AM	13.75	4.81	3.93	0.00	0.00	0.00	0.00	0.61	22.50	97.27	2.79	23.11	7289	4811	1770	0	0	0	0	0	13869	169.53	23.56	8.34	38.78	36.18	39.16	67.64	1.27	38.23	11.11
8/15/2019 5:19:37 AM	14.22	5.27	4.05	0.00	0.00	0.00	0.00	0.67	23.54	97.14	2.79	23.11	7536	5267	1823	0	0	0	0	0	14626	169.31	24.66	8.88	41.49	38.02	41.51	70.30	1.27	38.26	11.11
8/15/2019 5:19:39 AM	14.18	5.19	3.70	0.00	0.00	0.00	0.00	0.74	23.07	96.67	2.82	23.05	7517	5186	1664	0	0	0	0	0	14367	168.49	23.90	8.81	40.92	37.97	40.62	69.12	1.28	38.35	11.09
8/15/2019 5:19:41 AM	13.22	4.46	3.29	0.00	0.00	0.00	0.00	0.67	20.97	97.22	2.89	22.94	7006	4464	1479	0	0	0	0	0	12949	169.46	21.56	7.80	36.47	34.60	36.21	63.38	1.28	38.43	11.13
8/15/2019 5:19:44 AM	12.41	3.89	3.03	0.00	0.00	0.00	0.00	0.57	19.33	97.11	2.91	22.81	6577	3887	1365	0	0	0	0	0	11829	169.26	19.73	7.08	32.57	31.63	33.10	58.74	1.29	38.48	11.14
8/15/2019 5:19:46 AM	12.21	3.51	2.87	0.19	0.00	0.00	0.00	0.55	18.78	97.11	2.95	22.67	6473	3506	1291	6	0	0	0	0	11276	169.25	19.45	6.77	30.68	30.91	32.22	57.95	1.29	38.54	11.13
8/15/2019 5:19:48 AM	12.35	3.46	2.57	0.35	0.00	0.00	0.00	0.55	18.72	97.45	3.00	22.47	6544	3458	1155	11	0	0	0	0	11167	169.85	19.24	6.92	30.68	30.75	32.38	57.67	1.29	38.62	11.13
8/15/2019 5:19:51 AM	12.18	3.70	2.88	0.00	0.00	0.00	0.00	0.51	18.76	97.56	3.02	22.42	6456	3700	1297	0	0	0	0	0	11454	170.04	18.89	6.96	31.22	30.28	32.04	56.80	1.30	38.69	11.18
8/15/2019 5:19:53 AM	11.86	3.41	2.96	0.00	0.00	0.00	0.00	0.55	18.22	97.66	3.09	22.41	6284	3406	1332	0	0	0	0	0	11021	170.22	18.73	6.65	29.73	30.09	30.62	56.27	1.30	38.73	11.19
8/15/2019 5:19:56 AM	12.26	3.34	2.94	0.07	0.00	0.00	0.00	0.51	18.61	97.11	3.09	22.30	6496	3341	1321	2	0	0	0	0	11161	169.26	19.00	6.81	29.88	30.35	30.94	57.49	1.30	38.80	11.19
8/15/2019 5:19:58 AM	12.20	3.46	2.86	0.02	0.00	0.00	0.00	0.54	18.54	97.40	3.11	22.22	6466	3458	1289	1	0	0	0	0	11213	169.77	18.79	6.91	30.22	30.45	31.06	57.04	1.30	38.87	11.20
8/15/2019 5:20:00 AM	11.70	3.32	2.67	0.00	0.00	0.00	0.00	0.54	17.70	97.69	3.14	22.24	6201	3324	1203	0	0	0	0	0	10729	170.27	17.87	6.68	29.13	29.26	29.59	54.44	1.31	38.90	11.22
8/15/2019 5:20:03 AM	11.43	3.02	2.67	0.13	0.00	0.00	0.00	0.50	17.24	97.55	3.20	22.24	6055	3016	1201	4	0	0	0	0	10276	170.03	17.73	6.52	27.64	28.45	28.69	53.68	1.31	38.96	11.22
8/15/2019 5:20:05 AM	10.40	2.47	2.28	0.87	0.00	0.00	0.00	0.43	16.02	97.41	3.23	21.86	5514	2465	1027	26	0	0	0	0	9032	169.79	17.89	6.61	25.58	26.48	28.02	51.19	1.32	39.03	11.25
8/15/2019 5:20:08 AM	9.69	2.29	2.03	1.15	0.00	0.00	0.00	0.43	15.16	97.51	3.34	21.46	5135	2288	914	35	0	0	0	0	8372	169.95	17.62	6.56	24.57	25.41	27.56	49.00	1.33	39.07	11.26
8/15/2019 5:20:10 AM	9.11	2.21	2.15	1.20	0.00	0.00	0.00	0.39	14.67	97.74	3.41	21.33	4829	2211	969	36	0	0	0	0	8045	170.36	17.53	6.53	23.95	24.38	27.00	47.51	1.33	39.14	11.26
8/15/2019 5:20:12 AM	9.40	2.51	2.48	0.95	0.00	0.00	0.00	0.37	15.34	97.57	3.49	21.29	4982	2515	1117	28	0	0	0	0	8642	170.06	17.88	6.77	25.35	24.90	27.80	48.68	1.34	39.18	11.30
8/15/2019 5:20:15 AM	8.89	2.44	2.17	1.22	0.00	0.00	0.00	0.36	14.72	97.59	3.55	21.08	4713	2438	978	36	0	0	0	0	8165	170.09	17.60	6.85	24.88	23.99	27.78	46.80	1.35	39.23	11.30
8/15/2019 5:20:17 AM	8.00	2.54	2.12	1.74	0.00	0.00	0.00	0.36	14.39	97.37	3.62	20.86	4239	2535	955	52	0	0	0	0	7781	169.71	18.67	7.58	25.76	23.66	29.40	46.05	1.36	39.29	11.30
8/15/2019 5:20:19 AM	7.39	2.70	2.17	2.00	0.00	0.00	0.00	0.38	14.26	97.31	3.66	20.86	3915	2698	976	60	0	0	0	0	7650	169.60	19.44	8.03	26.65	23.65	30.69	45.68	1.36	39.33	11.33
8/15/2019 5:20:22 AM	7.56	3.21	2.66	1.55	0.00	0.00	0.00	0.36	14.97	97.28	3.72	20.63	4006	3209	1195	47	0	0	0	0	8457	169.56	19.63	8.44	28.66	24.11	31.51	46.38	1.36	39.37	11.34
8/15/2019 5:20:24 AM	6.30	3.25	2.68	1.87	0.00	0.00	0.00	0.39	14.10	96.99	3.78	20.30	3340	3254	1205	56	0	0	0	0	7854	169.05	20.05	8.61	28.51	23.28	32.00	44.10	1.37	39.41	11.32
8/15/2019 5:20:27 AM	6.39	3.13	2.47	2.44	0.00	0.00	0.00	0.35	14.43	97.31	3.86	19.82	3387	3132	1112	73	0	0	0	0	7704	169.60	21.17	9.40	29.22	23.50	33.45	45.59	1.38	39.46	11.35
8/15/2019 5:20:29 AM	5.25	3.50	3.06	2.69	0.00	0.00	0.00	0.37	14.49	97.29	3.93	19.01	2782	3498	1375	81	0	0	0	0	7735	169.56	23.03	10.27	31.13	23.79	35.62	45.88	1.38	39.51	11.37
8/15/2019 5:20:31 AM	4.72	3.77	3.21	2.85	0.00	0.00	0.00	0.40	14.55	97.19	3.98	18.66	2504	3766	1444	85	0	0	0	0	7800	169.40	23.86	11.07	32.56	24.09	36.92	45.89	1.39	39.55	11.37
8/15/2019 5:20:34 AM	4.31	4.02	3.11	3.61	0.00	0.00	0.00	0.44	15.05	97.21	4.04	18.28	2285	4021	1401	108	0	0	0	0	7815	169.44	26.13	11.88	34.90	25.33	40.82	47.94	1.40	39.59	11.39
8/15/2019 5:20:36 AM	4.56	6.06	4.61	3.18	0.00	0.00	0.00	0.55	18.40	97.06	4.06	18.11	2417	6060	2074	95	0	0	0	0	10645	169.17	30.43	14.10	44.91	30.13	49.46	54.97	1.40	39.60	11.39
8/15/2019 5:20:38 AM	3.48	6.22	4.73	3.23	0.00	0.00	0.00	0.54	17.66	96.68	4.13	17.63	1846	6218	2130	97	0	0	0	0	10291	168.51	30.37	14.11	44.93	28.94	49.60	52.28	1.40	39.66	11.39
8/15/2019 5:20:41 AM	3.16	9.26	5.82	3.43	0.00	0.00	0.00	0.55	21.67	96.27	4.20	17.06	1677	9262	2619	103	0	0	0	0	13661	167.80	35.93	17.66	59.92	33.15	64.10	58.05	1.41	39.66	11.40
8/15/2019 5:20:43 AM	2.88	10.53	5.89	3.44	0.00	0.00	0.00	0.58	22.74	95.96	4.24	16.88	1524	10532	2653	103	0	0	0	0	14812	167.25	37.07	18.90	65.52	34.09	69.31	58.12	1.42	39.70	11.43
8/15/2019 5:20:46 AM	2.93	11.57	6.51	2.91	0.00	0.00	0.00	0.53	23.92	95.70	4.28	16.96	1555	11572	2928	87	0	0	0	0	16142	166.79	37.62	19.62	69.71	34.56	72.15	58.63	1.42	39.73	11.43
8/15/2019 5:20:48 AM	2.79	11.86	6.11	3.52	0.00	0.00	0.00	0.57	24.28	95.75	4.32	16.90	1479	11862	2751	106	0	0	0	0	16197	166.89	38.81	20.98	72.09	35.37	75.00	59.51	1.42	39.76	11.43
8/15/2019 5:20:50 AM	2.67	12.91	6.58	3.36	0.00	0.00	0.00	0.55	25.52	95.60	4.35	16.88	1413	12908	2963	101	0	0	0	0	17385	166.63	40.16	21.93	76.80	36.32	79.13	60.68	1.43	39.79	11.46
8/15/2019 5:20:53 AM	2.63	12.64	6.70	3.33	0.00	0.00	0.00	0.53	25.31	95.51	4.39	17.30	1395	12641	3016	100	0	0	0	0	17152	166.47	40.11	21.20	75.42	36.03	78.29	60.75	1.43	39.79	11.48
8/15/2019 5:20:55 AM	2.42	13.35	7.05	2.74	0.00	0.00	0.00	0.49	25.57	95.31	4.41	17.49	1285	13352	3174	82	0	0	0	0	17893	166.12	39.40	21.67	77.61	35.41	78.81	58.91	1.43	39.81	11.47
8/15/2019 5:20:58 AM	2.90	14.00	7.12	2.86	0.00	0.00	0.00	0.45	26.88	94.30	4.44	17.15	1535	13999	3205	86	0	0	0	0	18825	164.36	40.64	22.76	81.34	36.49	82.32	61.16	1.44	39.84	11.50
8/15/2019 5:21:00 AM	3.74	14.53	6.73	2.89	0.00	0.00	0.00	0.40	27.89	94.52	4.47	16.83	1980	14528	3028	87	0	0	0	0	19623	164.75	40.61	23.01	83.99	36.96	85.05	62.05	1.44	39.87	11.47
8/15/2019 5:21:02 AM	4.10	14.91	6.91	2.69	0.00	0.00	0.00	0.33	28.60	94.12	4.50	16.77	2171	14909	3108	81	0	0	0	0	20268	164.06	40.76	22.74	85.49	37.00	86.55	62.65	1.44	39.86	11.51
8/15/2019 5:21:05 AM	2.54	14.33	6.49	2.72	0.00	0.00	0.00	0.37	26.07	94.45	4.54	16.77	1346	14327	2920	82	0	0	0	0	18675	164.62	38.61	21.32	81.04	34.10	82.80	56.10	1.44	39.89	11.51
8/15/2019 5:21:07 AM	2.70	15.30	6.81	2.62	0.00	0.00	0.00	0.39	27.44	94.30	4.56	16.97	1433	15297	3067	79	0	0	0	0	19875	164.37	40.00	22.64	85.81	35.67	86.77	58.13	1.45	39.89	11.52
8/15/2019 5:21:09 AM	3.51	15.26	6.38	2.64	0.00	0.00	0.00	0.39	27.78	94.17	4.59	17.22	1858	15257	2870	79	0	0	0	0	20064	164.13	39.47	22.26	85.78	36.04	87.06	58.83	1.45	39.92	11.51
8/15/2019 5:21:12 AM	3.66	14.75	5.74	3.02	0.00	0.00	0.00	0.42	27.18	94.82	4.61	17.15	1942	14752	2583	91	0	0	0	0	19368	165.27	38.92	21.90	83.83	35.80	86.00	58.30	1.45	39.92	11.53
8/15/2019 5:21:14 AM	4.06	14.62	5.48	3.18	0.00	0.00	0.00	0.41	27.34	94.59	4.64	17.11	2153	14615	2467	95	0	0	0	0	19331	164.88	38.92	21.44	83.46	35.97	86.40	59.00	1.45	39.92	11.55
8/15/2019 5:21:17 AM	3.36	14.47	5.44	3.45	0.00	0.00	0.00	0.44	26.73	94.55	4.65	17.03	1783	14474	2449	103	0	0	0	0	18809	164.80	39.17	22.37	83.15	35.61	85.78	57.97	1.46	39.93	11.55
8/15/2019 5:21:19 AM	3.31	14.63	5.32	3.14	0.00	0.00	0.00	0.48	26.41	94.40	4.68	16.62	1757	14630	2395	94	0	0	0	0	18876	164.54	38.14	21.52	82.79	35.28	85.37	56.27	1.46	39.94	11.54
8/15/2019 5:21:21 AM	3.82	14.94	5.84	2.00	0.00	0.00	0.00	0.41	26.61	94.55	4.71	16.39	2024	14943	2628	60	0	0	0	0	19656	164.80	36.20	20.52	82.47	34.45	83.13	54.75	1.46	39.92	11.57
8/15/2019 5:21:24 AM	3.67	14.95	5.70	2.54	0.00	0.00	0.00	0.49	26.86	94.49	4.73	16.28	1947	14948	2567	76	0	0	0	0	19538	164.69	37.63	21.80	83.75	35.76	84.70	56.66	1.46	39.95	11.55
8/15/2019 5:21:26 AM	3.78	15.34	5.98	2.60	0.00	0.00	0.00	0.47	27.70	94.67	4.75	16.10	2002	15338	2693	78	0	0	0	0	20110	165.00	38.80	22.77	86.16	36.55	86.74	58.44	1.47	39.95	11.55
8/15/2019 5:21:29 AM	3.54	15.79	6.39	2.28	0.00	0.00	0.00	0.44	28.01	94.51	4.78	16.13	1878	15785	2877	68	0	0	0	0	20609	164.74	38.91	23.19	87.76	36.40	87.41	58.02	1.47	39.95	11.55
8/15/2019 5:21:31 AM	3.94	15.17	5.14	2.44	0.00	0.00	0.00	0.46	26.70	94.50	4.80	16.20	2089	15173	2315	73	0	0	0	0	19650	164.70	36.29	21.11	83.96	34.86	85.19	54.46	1.47	39.92	11.60
8/15/2019 5:21:33 AM	3.75	15.66	5.60	1.60	0.00	0.00	0.00	0.52	26.60	94.60	4.82	16.32	1987	15661	2518	48	0	0	0	0	20214	164.89	35.16	20.63	84.53	34.88	84.24	52.78	1.47	39.94	11.58
8/15/2019 5:21:36 AM	3.69	14.58	4.46	1.78	0.00	0.00	0.00	0.54	24.51	94.92	4.84	16.34	1957	14582	2006	53	0	0	0	0	18599	165.45	32.18	18.55	78.59	32.47	79.64	48.13	1.47	39.92	11.59
8/15/2019 5:21:38 AM	3.55	14.76	4.59	1.72	0.00	0.00	0.00	0.57	24.60	95.14	4.87	16.10	1880	14756	2063	51	0	0	0	0	18751	165.83	32.40	19.20	79.46	32.87	79.84	48.28	1.48	39.92	11.62
8/15/2019 5:21:40 AM	3.53	15.11	4.97	1.54	0.00	0.00	0.00	0.55	25.15	94.92	4.89	16.01	1870	15111	2236	46	0	0	0	0	19263	165.45	33.00	19.57	81.07	33.28	80.98	49.13	1.48	39.91	11.59
8/15/2019 5:21:43 AM	3.58	14.81	4.81	1.66	0.00	0.00	0.00	0.54	24.87	94.97	4.91	15.96	1899	14812	2166	50	0	0	0	0	18927	165.54	32.77	19.34	79.86	32.97	80.10	48.97	1.48	39.90	11.59
8/15/2019 5:21:45 AM	4.36	15.21	5.19	1.32	0.00	0.00	0.00	0.49	26.08	94.91	4.94	15.88	2309	15215	2335	40	0	0	0	0	19898	165.43	33.20	20.06	82.10	33.88	81.13	51.30	1.48	39.90	11.59
8/15/2019 5:21:48 AM	4.33	15.08	4.73	1.56	0.00	0.00	0.00	0.52	25.70	94.84	4.96	15.68	2293	15079	2129	47	0	0	0	0	19548	165.31	32.85	19.79	81.47	33.71	81.20	50.48	1.49	39.86	11.65
8/15/2019 5:21:50 AM	4.24	15.82	5.59	0.62	0.00	0.00	0.00	0.49	26.28	94.62	4.97	15.40	2250	15824	2513	19	0	0	0	0	20606	164.91	32.43	19.48	83.39	33.69	81.46	49.87	1.49	39.86	11.57
8/15/2019 5:21:52 AM	3.49	15.44	5.06	0.89	0.00	0.00	0.00	0.59	24.88	94.41	5.01	15.61	1850	15436	2278	27	0	0	0	0	19590	164.56	31.50	19.00	81.08	32.85	79.85	46.93	1.49	39.86	11.62
8/15/2019 5:21:55 AM	4.80	15.52	5.00	1.08	0.00	0.00	0.00	0.51	26.40	94.41	5.05	15.56	2544	15517	2248	33	0	0	0	0	20343	164.56	32.59	19.74	83.00	34.22	81.80	51.12	1.50	39.81	11.60
8/15/2019 5:21:57 AM	3.60	15.83	5.48	0.20	0.00	0.00	0.00	0.61	25.10	95.09	5.10	15.06	1908	15826	2464	6	0	0	0	0	20204	165.74	30.75	18.78	81.81	32.99	79.21	46.36	1.50	39.79	11.68
8/15/2019 5:21:59 AM	3.87	14.78	4.83	0.24	0.00	0.00	0.00	0.66	23.72	94.89	5.13	14.71	2053	14780	2174	7	0	0	0	0	19014	165.39	28.79	17.31	76.67	32.09	74.71	44.63	1.50	39.84	11.61
8/15/2019 5:22:02 AM	4.33	14.35	4.08	0.00	0.00	0.00	0.00	0.72	22.76	94.87	5.16	14.46	2296	14350	1837	0	0	0	0	0	18483	165.35	26.42	16.10	74.47	31.37	70.97	42.12	1.51	39.75	11.62
8/15/2019 5:22:04 AM	4.53	14.44	4.22	0.00	0.00	0.00	0.00	0.70	23.19	95.05	5.20	14.70	2401	14441	1897	0	0	0	0	0	18739	165.68	26.85	16.38	75.03	31.75	71.78	43.21	1.51	39.72	11.64
8/15/2019 5:22:07 AM	4.21	14.18	4.30	0.00	0.00	0.00	0.00	0.68	22.70	94.76	5.27	14.52	2230	14184	1937	0	0	0	0	0	18351	165.16	26.60	16.04	73.42	31.06	70.80	42.34	1.52	39.69	11.68
8/15/2019 5:22:09 AM	4.86	12.53	3.64	0.00	0.00	0.00	0.00	0.64	21.03	94.47	5.31	14.24	2576	12527	1638	0	0	0	0	0	16741	164.66	23.93	14.11	65.69	29.12	63.82	40.59	1.52	39.68	11.63
8/15/2019 5:22:11 AM	4.69	12.03	3.34	0.00	0.00	0.00	0.00	0.62	20.06	94.37	5.35	14.60	2488	12029	1504	0	0	0	0	0	16021	164.48	22.69	13.44	63.26	27.81	60.98	38.42	1.52	39.66	11.65
8/15/2019 5:22:14 AM	4.26	11.62	3.30	0.00	0.00	0.00	0.00	0.49	19.18	93.43	5.36	14.65	2257	11625	1486	0	0	0	0	0	15367	162.86	21.67	13.10	61.10	25.52	58.62	35.69	1.52	39.60	11.70
8/15/2019 5:22:16 AM	4.20	11.01	2.99	0.00	0.00	0.00	0.00	0.40	18.20	92.46	5.41	13.78	2226	11013	1344	0	0	0	0	0	14584	161.16	20.16	12.25	57.99	23.49	55.57	33.18	1.53	39.57	11.66
8/15/2019 5:22:19 AM	4.18	9.97	2.91	0.00	0.00	0.00	0.00	0.02	17.05	91.15	5.46	13.37	2214	9969	1309	0	0	0	0	0	13492	158.87	18.09	11.24	53.16	18.60	50.64	29.31	1.54	39.55	11.66
8/15/2019 5:22:21 AM	3.13	9.79	3.06	0.00	0.00	0.00	0.00	0.00	15.98	91.55	5.52	13.66	1657	9790	1377	0	0	0	0	0	12825	159.58	17.61	11.18	51.77	16.90	48.98	26.44	1.54	39.51	11.66
8/15/2019 5:22:23 AM	3.21	9.27	2.65	0.00	0.00	0.00	0.00	0.00	15.13	90.79	5.51	14.12	1702	9268	1191	0	0	0	0	0	12161	158.26	16.24	10.01	48.82	15.68	46.80	24.81	1.54	39.49	11.66
8/15/2019 5:22:26 AM	3.68	9.87	2.79	0.00	0.00	0.00	0.00	0.00	16.34	91.33	5.61	14.45	1948	9873	1255	0	0	0	0	0	13077	159.19	17.37	10.98	52.10	17.33	49.77	27.02	1.55	39.45	11.63
8/15/2019 5:22:28 AM	3.30	9.73	2.40	0.00	0.00	0.00	0.00	0.05	15.44	90.37	5.62	13.78	1751	9734	1082	0	0	0	0	0	12567	157.52	16.28	10.83	51.36	16.62	47.85	24.43	1.55	39.40	11.64
8/15/2019 5:22:30 AM	2.60	8.76	2.21	0.00	0.00	0.00	0.00	0.00	13.57	90.14	5.67	13.16	1378	8759	995	0	0	0	0	0	11132	157.12	14.39	9.85	46.15	13.55	42.99	20.82	1.56	39.37	11.67
8/15/2019 5:22:33 AM	2.57	8.31	2.08	0.00	0.00	0.00	0.00	0.00	12.96	89.72	5.69	13.19	1362	8312	935	0	0	0	0	0	10608	156.38	13.77	8.97	43.82	13.31	41.11	19.81	1.56	39.34	11.64
8/15/2019 5:22:35 AM	2.29	7.96	1.99	0.00	0.00	0.00	0.00	0.00	12.24	89.36	5.74	13.34	1215	7957	894	0	0	0	0	0	10066	155.76	13.09	8.57	41.95	12.43	39.24	18.43	1.56	39.28	11.65
8/15/2019 5:22:38 AM	2.14	7.60	1.89	0.00	0.00	0.00	0.00	0.00	11.63	89.23	5.78	13.33	1134	7601	852	0	0	0	0	0	9586	155.53	12.49	8.30	40.21	11.90	37.38	17.36	1.57	39.25	11.66
8/15/2019 5:22:40 AM	1.96	6.98	1.68	0.00	0.00	0.00	0.00	0.00	10.61	88.94	5.83	13.13	1038	6976	754	0	0	0	0	0	8768	155.03	11.30	7.63	36.80	10.61	34.63	15.68	1.57	39.20	11.66
8/15/2019 5:22:42 AM	2.05	7.40	1.97	0.00	0.00	0.00	0.00	0.00	11.42	89.11	5.89	12.64	1086	7399	887	0	0	0	0	0	9372	155.33	12.39	8.23	38.90	11.61	36.97	17.40	1.58	39.16	11.64
8/15/2019 5:22:45 AM	1.83	7.01	1.69	0.00	0.00	0.00	0.00	0.00	10.53	88.94	5.93	12.87	968	7005	763	0	0	0	0	0	8736	155.03	11.28	7.60	37.00	10.22	34.55	15.47	1.58	39.13	11.66
8/15/2019 5:22:47 AM	1.51	6.85	1.72	0.00	0.00	0.00	0.00	0.00	10.08	88.75	5.99	13.22	799	6847	776	0	0	0	0	0	8421	154.70	11.01	7.59	36.05	9.70	33.61	14.52	1.59	39.09	11.66
8/15/2019 5:22:50 AM	1.22	6.28	1.66	0.00	0.00	0.00	0.00	0.00	9.16	85.04	6.03	13.31	647	6276	749	0	0	0	0	0	7672	148.23	10.26	6.92	32.94	9.05	31.12	13.01	1.59	39.04	11.66
8/15/2019 5:22:52 AM	1.39	5.85	1.34	0.00	0.00	0.00	0.00	0.00	8.58	88.56	6.07	13.53	738	5846	603	0	0	0	0	0	7187	154.36	9.21	6.17	30.66	8.19	29.35	12.08	1.59	38.97	11.66
8/15/2019 5:22:54 AM	1.20	5.72	1.34	0.00	0.00	0.00	0.00	0.00	8.26	88.55	6.16	13.24	635	5724	603	0	0	0	0	0	6961	154.34	9.01	6.29	30.14	7.99	28.39	11.35	1.60	38.94	11.65
8/15/2019 5:22:57 AM	1.24	5.38	1.27	0.00	0.00	0.00	0.00	0.00	7.89	88.36	6.20	12.80	659	5376	572	0	0	0	0	0	6606	154.02	8.60	5.81	28.48	7.69	26.98	11.07	1.61	38.89	11.66
8/15/2019 5:22:59 AM	1.18	5.40	1.16	0.00	0.00	0.00	0.00	0.00	7.74	88.57	6.25	12.89	625	5396	524	0	0	0	0	0	6545	154.37	8.35	5.75	28.44	7.61	26.84	10.32	1.61	38.84	11.66
8/15/2019 5:23:01 AM	1.40	5.53	1.47	0.00	0.00	0.00	0.00	0.00	8.40	88.69	6.35	13.36	742	5532	660	0	0	0	0	0	6935	154.59	9.24	6.22	29.16	8.34	28.34	12.51	1.62	38.78	11.63
8/15/2019 5:23:04 AM	1.02	5.44	1.34	0.00	0.00	0.00	0.00	0.00	7.80	88.56	6.47	12.95	539	5442	602	0	0	0	0	0	6584	154.36	8.67	6.14	28.54	7.74	27.19	10.58	1.63	38.76	11.64
8/15/2019 5:23:06 AM	1.15	5.08	1.08	0.00	0.00	0.00	0.00	0.00	7.30	88.38	6.47	12.15	609	5077	485	0	0	0	0	0	6170	154.05	7.89	5.41	26.94	7.28	25.32	9.74	1.63	38.69	11.65
8/15/2019 5:23:09 AM	1.16	5.00	1.07	0.00	0.00	0.00	0.00	0.00	7.23	88.45	6.51	12.13	616	5005	479	0	0	0	0	0	6101	154.18	7.79	5.39	26.57	7.18	25.06	9.68	1.64	38.63	11.62
8/15/2019 5:23:11 AM	1.18	5.16	1.07	0.00	0.00	0.00	0.00	0.01	7.41	88.27	6.54	12.50	628	5158	481	0	0	0	0	0	6267	153.87	7.97	5.48	27.39	7.40	25.62	9.86	1.64	38.59	11.64
8/15/2019 5:23:13 AM	1.13	5.06	1.07	0.00	0.00	0.00	0.00	0.01	7.25	88.50	6.63	12.62	600	5056	479	0	0	0	0	0	6135	154.25	7.85	5.37	26.75	7.31	25.29	9.70	1.65	38.53	11.64
8/15/2019 5:23:16 AM	1.09	5.16	1.13	0.00	0.00	0.00	0.00	0.01	7.38	88.34	6.71	12.32	577	5157	510	0	0	0	0	0	6244	153.98	8.04	5.61	27.27	7.36	25.69	9.83	1.66	38.49	11.64
8/15/2019 5:23:18 AM	1.19	5.04	1.11	0.00	0.00	0.00	0.00	0.02	7.33	88.15	6.77	12.19	628	5042	498	0	0	0	0	0	6168	153.66	7.98	5.38	26.68	7.53	25.43	10.12	1.66	38.42	11.63
8/15/2019 5:23:20 AM	1.19	5.15	1.09	0.00	0.00	0.00	0.00	0.00	7.44	88.42	6.88	12.01	631	5152	492	0	0	0	0	0	6276	154.12	8.00	5.44	27.22	7.37	25.81	9.94	1.67	38.37	11.63
8/15/2019 5:23:23 AM	1.11	5.15	1.16	0.00	0.00	0.00	0.00	0.00	7.43	88.30	6.96	11.89	589	5153	524	0	0	0	0	0	6266	153.91	8.10	5.57	27.19	7.36	25.85	10.01	1.68	38.31	11.62
8/15/2019 5:23:25 AM	1.14	5.22	1.05	0.00	0.00	0.00	0.00	0.00	7.40	88.22	7.05	11.90	603	5215	473	0	0	0	0	0	6292	153.78	7.94	5.58	27.82	7.28	25.55	9.60	1.69	38.25	11.62
8/15/2019 5:23:28 AM	1.07	5.08	1.11	0.00	0.00	0.00	0.00	0.02	7.25	88.03	7.10	11.92	566	5077	498	0	0	0	0	0	6141	153.45	7.93	5.56	26.86	7.36	25.32	9.72	1.70	38.19	11.61
8/15/2019 5:23:30 AM	1.09	5.11	1.29	0.00	0.00	0.00	0.00	0.00	7.49	88.02	7.14	11.96	575	5110	580	0	0	0	0	0	6266	153.42	8.35	5.68	27.02	7.57	25.86	10.49	1.70	38.12	11.60
8/15/2019 5:23:32 AM	1.31	5.06	1.14	0.00	0.00	0.00	0.00	0.00	7.51	88.19	7.26	12.04	695	5062	511	0	0	0	0	0	6268	153.71	8.07	5.47	26.83	7.49	25.72	10.51	1.71	38.09	11.60
8/15/2019 5:23:35 AM	1.37	5.11	1.07	0.00	0.00	0.00	0.00	0.00	7.55	88.11	7.33	12.02	725	5111	483	0	0	0	0	0	6320	153.59	8.02	5.44	27.33	7.47	25.61	10.45	1.72	38.00	11.62
8/15/2019 5:23:37 AM	1.41	5.07	1.07	0.00	0.00	0.00	0.00	0.00	7.56	87.98	7.41	11.93	749	5074	482	0	0	0	0	0	6305	153.35	7.99	5.46	26.96	7.55	25.72	10.55	1.73	37.95	11.59
8/15/2019 5:23:40 AM	1.34	5.06	1.01	0.00	0.00	0.00	0.00	0.00	7.41	88.31	7.48	11.86	709	5057	455	0	0	0	0	0	6221	153.92	7.82	5.35	26.94	7.37	25.33	10.02	1.73	37.88	11.60
8/15/2019 5:23:42 AM	1.12	4.98	0.99	0.00	0.00	0.00	0.00	0.03	7.09	87.91	7.59	11.83	595	4977	447	0	0	0	0	0	6019	153.24	7.65	5.26	26.40	7.26	24.80	9.44	1.74	37.83	11.60
8/15/2019 5:23:44 AM	1.32	5.01	1.17	0.00	0.00	0.00	0.00	0.00	7.50	88.04	7.67	12.06	700	5008	526	0	0	0	0	0	6235	153.46	8.09	5.54	26.43	7.58	25.72	10.65	1.75	37.76	11.59
8/15/2019 5:23:47 AM	1.09	4.97	1.10	0.00	0.00	0.00	0.00	0.02	7.16	88.22	7.73	12.25	579	4966	495	0	0	0	0	0	6040	153.78	7.84	5.39	26.29	7.31	24.96	9.75	1.76	37.69	11.58
8/15/2019 5:23:49 AM	1.06	5.10	1.12	0.00	0.00	0.00	0.00	0.01	7.27	88.00	7.81	12.22	563	5096	502	0	0	0	0	0	6161	153.38	7.94	5.62	26.85	7.34	25.50	9.73	1.77	37.64	11.57
8/15/2019 5:23:51 AM	1.37	5.25	1.14	0.00	0.00	0.00	0.00	0.00	7.76	87.89	7.87	12.12	724	5248	515	0	0	0	0	0	6486	153.20	8.26	5.74	27.87	7.59	26.40	10.84	1.77	37.59	11.58
8/15/2019 5:23:54 AM	1.14	5.16	1.09	0.00	0.00	0.00	0.00	0.00	7.39	88.14	7.89	12.17	606	5164	489	0	0	0	0	0	6259	153.64	7.98	5.63	27.50	7.35	25.50	9.78	1.77	37.54	11.57
8/15/2019 5:23:56 AM	1.26	5.13	1.06	0.00	0.00	0.00	0.00	0.01	7.46	87.98	7.92	12.33	668	5132	479	0	0	0	0	0	6279	153.36	7.99	5.49	27.41	7.51	25.49	10.10	1.78	37.46	11.57
8/15/2019 5:23:59 AM	1.03	5.22	1.10	0.00	0.00	0.00	0.00	0.02	7.35	87.96	7.95	12.47	547	5218	496	0	0	0	0	0	6261	153.33	8.03	5.68	27.69	7.41	25.64	9.63	1.78	37.40	11.57
8/15/2019 5:24:01 AM	1.10	5.16	1.16	0.00	0.00	0.00	0.00	0.02	7.41	87.86	7.97	12.55	582	5157	521	0	0	0	0	0	6261	153.14	8.14	5.57	27.36	7.54	25.69	10.06	1.78	37.36	11.55
8/15/2019 5:24:03 AM	1.09	5.02	1.13	0.00	0.00	0.00	0.00	0.01	7.24	88.08	7.99	12.48	575	5017	510	0	0	0	0	0	6102	153.52	7.95	5.41	26.71	7.29	25.03	9.80	1.78	37.29	11.55
8/15/2019 5:24:06 AM	1.08	4.92	1.08	0.00	0.00	0.00	0.00	0.02	7.08	87.95	8.00	12.29	572	4920	486	0	0	0	0	0	5978	153.29	7.76	5.25	26.01	7.26	24.81	9.63	1.78	37.22	11.56
8/15/2019 5:24:08 AM	1.24	4.96	1.06	0.00	0.00	0.00	0.00	0.01	7.25	88.08	8.01	12.36	656	4955	475	0	0	0	0	0	6086	153.52	7.79	5.31	26.39	7.31	24.92	9.92	1.78	37.15	11.55
8/15/2019 5:24:11 AM	1.05	4.97	1.02	0.00	0.00	0.00	0.00	0.03	7.04	88.14	8.07	12.59	558	4967	458	0	0	0	0	0	5983	153.64	7.67	5.34	26.37	7.24	24.67	9.35	1.79	37.09	11.55
8/15/2019 5:24:13 AM	1.18	5.19	1.02	0.00	0.00	0.00	0.00	0.03	7.39	87.88	8.10	12.59	625	5190	461	0	0	0	0	0	6276	153.19	7.94	5.58	27.70	7.54	25.48	9.81	1.79	37.04	11.53
8/15/2019 5:24:15 AM	0.94	5.05	1.09	0.00	0.00	0.00	0.00	0.03	7.08	88.03	8.16	12.33	499	5048	492	0	0	0	0	0	6038	153.44	7.83	5.45	26.57	7.26	25.13	9.35	1.80	37.00	11.52
8/15/2019 5:24:18 AM	1.11	5.16	1.04	0.00	0.00	0.00	0.00	0.02	7.31	88.00	8.22	12.11	587	5164	468	0	0	0	0	0	6219	153.38	7.91	5.52	27.53	7.41	25.34	9.61	1.81	36.94	11.50
8/15/2019 5:24:20 AM	1.39	5.17	1.00	0.00	0.00	0.00	0.00	0.00	7.56	88.00	8.32	11.92	738	5172	450	0	0	0	0	0	6360	153.39	7.92	5.61	27.81	7.42	25.50	10.22	1.82	36.86	11.51
8/15/2019 5:24:22 AM	1.12	4.97	1.13	0.00	0.00	0.00	0.00	0.01	7.22	87.71	8.36	11.74	595	4966	509	0	0	0	0	0	6070	152.89	7.91	5.36	26.33	7.30	25.04	9.89	1.82	36.81	11.52
8/15/2019 5:24:25 AM	1.18	5.01	1.03	0.00	0.00	0.00	0.00	0.02	7.22	86.78	8.42	11.89	625	5007	465	0	0	0	0	0	6097	151.26	7.79	5.43	26.69	7.38	24.92	9.76	1.82	36.75	11.49
8/15/2019 5:24:27 AM	1.08	5.17	1.04	0.00	0.00	0.00	0.00	0.02	7.29	88.07	8.47	12.09	570	5172	468	0	0	0	0	0	6209	153.52	7.87	5.58	27.40	7.34	25.48	9.49	1.83	36.68	11.50
8/15/2019 5:24:30 AM	1.26	5.12	1.02	0.00	0.00	0.00	0.00	0.01	7.39	88.00	8.49	12.23	666	5117	459	0	0	0	0	0	6243	153.39	7.86	5.59	27.27	7.43	25.38	9.90	1.83	36.64	11.51
8/15/2019 5:24:32 AM	0.96	5.09	1.06	0.00	0.00	0.00	0.00	0.05	7.12	87.90	8.52	12.36	510	5090	479	0	0	0	0	0	6079	153.22	7.85	5.59	26.80	7.47	25.25	9.46	1.84	36.58	11.49
8/15/2019 5:24:34 AM	1.12	5.27	1.07	0.00	0.00	0.00	0.00	0.03	7.45	87.73	8.55	12.40	594	5265	479	0	0	0	0	0	6339	152.92	8.04	5.87	27.92	7.59	25.88	9.84	1.84	36.50	11.47
8/15/2019 5:24:37 AM	1.15	5.24	1.10	0.00	0.00	0.00	0.00	0.03	7.49	87.82	8.58	12.38	610	5239	497	0	0	0	0	0	6345	153.07	8.15	5.86	27.89	7.76	25.81	10.15	1.84	36.45	11.48
8/15/2019 5:24:39 AM	1.76	5.42	1.03	0.00	0.00	0.00	0.00	0.00	8.21	87.68	8.60	12.39	930	5424	464	0	0	0	0	0	6818	152.83	8.39	5.85	29.04	8.15	27.18	11.62	1.84	36.38	11.45
8/15/2019 5:24:41 AM	1.84	5.57	0.93	0.00	0.00	0.00	0.00	0.00	8.34	87.90	8.68	12.35	974	5570	420	0	0	0	0	0	6964	153.21	8.37	5.94	30.35	8.05	27.06	11.57	1.85	36.32	11.46
8/15/2019 5:24:44 AM	2.44	5.66	1.38	0.00	0.00	0.00	0.00	0.00	9.49	87.25	8.75	12.18	1292	5664	623	0	0	0	0	0	7579	152.09	9.73	5.94	31.08	8.87	29.36	15.89	1.86	36.26	11.44
8/15/2019 5:24:46 AM	1.13	5.01	1.08	0.00	0.00	0.00	0.00	0.03	7.21	87.60	8.85	12.01	598	5007	485	0	0	0	0	0	6089	152.70	7.87	5.42	26.46	7.51	25.18	9.89	1.87	36.21	11.48
8/15/2019 5:24:49 AM	1.32	4.99	0.97	0.00	0.00	0.00	0.00	0.03	7.28	87.66	8.93	11.89	698	4994	435	0	0	0	0	0	6128	152.80	7.71	5.47	26.62	7.54	24.98	9.98	1.88	36.15	11.43
8/15/2019 5:24:51 AM	1.16	4.94	0.98	0.00	0.00	0.00	0.00	0.05	7.08	87.90	8.98	11.94	615	4944	441	0	0	0	0	0	5999	153.21	7.65	5.33	26.19	7.45	24.76	9.63	1.88	36.10	11.43
8/15/2019 5:24:53 AM	1.28	5.08	1.05	0.00	0.00	0.00	0.00	0.03	7.41	88.06	9.01	11.97	676	5083	474	0	0	0	0	0	6233	153.49	7.98	5.49	27.16	7.69	25.33	10.25	1.88	36.04	11.43
8/15/2019 5:24:56 AM	1.18	5.11	1.18	0.00	0.00	0.00	0.00	0.03	7.48	88.17	9.03	11.98	627	5114	531	0	0	0	0	0	6271	153.68	8.19	5.68	26.97	7.75	25.90	10.49	1.88	35.98	11.43
8/15/2019 5:24:58 AM	1.32	5.31	1.01	0.00	0.00	0.00	0.00	0.03	7.64	87.63	9.10	12.11	697	5306	457	0	0	0	0	0	6461	152.74	8.12	5.66	28.30	7.89	26.13	10.31	1.89	35.92	11.41
8/15/2019 5:25:01 AM	1.19	5.34	1.09	0.00	0.00	0.00	0.00	0.02	7.62	87.10	9.21	11.97	630	5336	492	0	0	0	0	0	6459	151.83	8.21	5.81	28.26	7.76	26.35	10.18	1.90	35.86	11.41
8/15/2019 5:25:03 AM	1.02	5.08	0.93	0.00	0.00	0.00	0.00	0.06	7.03	87.76	9.29	11.79	542	5079	420	0	0	0	0	0	6041	152.97	7.61	5.41	26.64	7.46	25.19	9.18	1.91	35.79	11.41
8/15/2019 5:25:05 AM	1.07	5.12	1.00	0.00	0.00	0.00	0.00	0.05	7.20	87.62	9.36	11.84	567	5125	452	0	0	0	0	0	6144	152.73	7.84	5.44	27.12	7.60	25.33	9.59	1.92	35.74	11.40
8/15/2019 5:25:08 AM	1.26	5.14	1.01	0.00	0.00	0.00	0.00	0.03	7.42	87.75	9.44	11.91	670	5137	457	0	0	0	0	0	6264	152.95	7.90	5.42	27.07	7.61	25.82	10.03	1.92	35.70	11.39
8/15/2019 5:25:10 AM	1.17	5.04	1.03	0.00	0.00	0.00	0.00	0.04	7.24	87.56	9.52	11.90	618	5044	465	0	0	0	0	0	6127	152.63	7.84	5.42	26.55	7.60	25.41	9.90	1.93	35.63	11.38
8/15/2019 5:25:12 AM	1.10	5.01	1.01	0.00	0.00	0.00	0.00	0.06	7.12	87.93	9.56	11.87	584	5013	454	0	0	0	0	0	6051	153.26	7.76	5.34	26.36	7.58	25.19	9.69	1.94	35.57	11.36
8/15/2019 5:25:15 AM	1.04	4.96	0.96	0.00	0.00	0.00	0.00	0.05	6.96	87.92	9.59	11.89	553	4962	430	0	0	0	0	0	5946	153.26	7.56	5.37	26.27	7.34	24.60	9.23	1.94	35.52	11.35
8/15/2019 5:25:17 AM	1.08	5.08	1.01	0.00	0.00	0.00	0.00	0.05	7.17	87.47	9.59	11.87	571	5083	453	0	0	0	0	0	6108	152.46	7.81	5.41	26.78	7.58	25.33	9.62	1.94	35.46	11.35
8/15/2019 5:25:20 AM	1.09	5.09	1.11	0.00	0.00	0.00	0.00	0.04	7.29	87.97	9.68	11.88	576	5093	500	0	0	0	0	0	6169	153.34	7.99	5.47	26.64	7.58	25.78	9.96	1.95	35.40	11.35
8/15/2019 5:25:22 AM	1.09	5.04	1.02	0.00	0.00	0.00	0.00	0.05	7.15	88.02	9.77	11.79	576	5045	459	0	0	0	0	0	6080	153.42	7.79	5.43	26.71	7.52	25.08	9.63	1.96	35.33	11.34
8/15/2019 5:25:24 AM	1.20	5.10	1.02	0.00	0.00	0.00	0.00	0.05	7.32	87.95	9.85	11.71	635	5097	461	0	0	0	0	0	6193	153.30	7.90	5.54	27.03	7.71	25.41	10.01	1.96	35.28	11.34
8/15/2019 5:25:27 AM	1.18	5.08	0.99	0.00	0.00	0.00	0.00	0.05	7.24	88.00	9.89	11.75	623	5078	444	0	0	0	0	0	6145	153.39	7.81	5.53	26.98	7.66	25.18	9.81	1.97	35.21	11.36
8/15/2019 5:25:29 AM	1.69	5.39	1.21	0.00	0.00	0.00	0.00	0.00	8.29	87.87	9.94	11.81	896	5393	543	0	0	0	0	0	6832	153.17	8.71	6.01	28.71	8.32	27.49	12.19	1.97	35.18	11.34
8/15/2019 5:25:31 AM	1.16	5.09	1.00	0.00	0.00	0.00	0.00	0.05	7.25	87.70	9.99	11.91	616	5089	449	0	0	0	0	0	6153	152.86	7.79	5.57	26.72	7.60	25.53	9.77	1.98	35.11	11.30
8/15/2019 5:25:34 AM	0.96	5.23	1.06	0.00	0.00	0.00	0.00	0.06	7.24	87.93	10.10	11.87	506	5230	475	0	0	0	0	0	6211	153.27	7.98	5.69	27.45	7.69	25.81	9.55	1.99	35.08	11.30
8/15/2019 5:25:36 AM	1.10	5.12	1.06	0.00	0.00	0.00	0.00	0.05	7.28	87.72	10.18	11.75	585	5121	476	0	0	0	0	0	6183	152.90	7.97	5.53	27.03	7.73	25.55	9.93	2.00	35.01	11.32
8/15/2019 5:25:39 AM	1.32	5.10	0.93	0.00	0.00	0.00	0.00	0.06	7.35	87.79	10.25	11.73	702	5101	417	0	0	0	0	0	6220	153.03	7.79	5.51	27.11	7.86	25.39	10.09	2.00	34.96	11.28
8/15/2019 5:25:41 AM	1.22	5.06	1.09	0.00	0.00	0.00	0.00	0.05	7.37	87.95	10.30	11.75	648	5060	491	0	0	0	0	0	6199	153.30	8.04	5.53	26.71	7.86	25.60	10.40	2.01	34.89	11.30
8/15/2019 5:25:43 AM	1.37	5.24	1.21	0.00	0.00	0.00	0.00	0.02	7.82	88.11	10.38	11.86	724	5244	546	0	0	0	0	0	6514	153.59	8.47	5.75	27.63	8.07	26.76	11.20	2.02	34.87	11.29
8/15/2019 5:25:46 AM	1.24	5.21	1.14	0.00	0.00	0.00	0.00	0.04	7.58	87.88	10.52	11.80	656	5206	512	0	0	0	0	0	6373	153.17	8.25	5.70	27.48	7.95	26.21	10.61	2.03	34.81	11.28
8/15/2019 5:25:48 AM	2.09	5.56	1.46	0.00	0.00	0.00	0.00	0.00	9.11	86.05	10.58	11.68	1108	5556	658	0	0	0	0	0	7323	149.99	9.62	6.03	29.99	8.76	29.01	14.95	2.04	34.75	11.28
