Date/Time	Green Algae	Bluegreen	Diatoms	Cryptophyta	#5	#6	#7	Yellow substances	Total conc.	Transmission	Depth	Temp. Sample	Green Algae	Bluegreen	Diatoms	Cryptophyta	#5	#6	#7	Yellow substances	Total cell count	Trans. 700 nm	LED 3 [525 nm]	LED 4 [570 nm]	LED 5 [610 nm]	LED 6 [370 nm]	LED 7 [590 nm]	LED 8 [470 nm]	Pressure	Temp. LEDs	Temp. Sensor
date	µg/l	µg/l	µg/l	µg/l	µg/l	µg/l	µg/l	r.u.	µg/l	%	m	°C	cells/ml	cells/ml	cells/ml	cells/ml	cells/ml	cells/ml	cells/ml	r.u.	cells/ml	digits	digits	digits	digits	digits	digits	digits	bar	°C	°C
8/15/2019 8:13:21 AM	10.11	12.19	1.86	0.00	0.00	0.00	0.00	0.54	24.17	91.78	0.46	25.46	5360	12195	837	0	0	0	0	0	18392	159.97	22.57	11.52	67.82	32.24	64.13	48.66	1.04	33.96	10.64
8/15/2019 8:13:23 AM	11.34	12.71	1.05	0.00	0.00	0.00	0.00	0.73	25.09	92.93	0.61	25.48	6009	12711	471	0	0	0	0	0	19191	161.98	22.15	12.15	69.39	34.92	67.64	50.73	1.06	34.04	10.63
8/15/2019 8:13:26 AM	10.57	12.67	2.02	0.00	0.00	0.00	0.00	0.66	25.26	91.59	0.52	25.42	5602	12672	908	0	0	0	0	0	19182	159.64	23.83	13.15	70.70	34.76	66.46	51.94	1.05	34.12	10.64
8/15/2019 8:13:28 AM	10.09	12.98	2.26	0.00	0.00	0.00	0.00	0.77	25.33	91.80	0.54	25.41	5348	12980	1018	0	0	0	0	0	19346	160.01	24.76	12.56	71.75	35.92	68.10	52.52	1.05	34.22	10.66
8/15/2019 8:13:31 AM	11.72	13.01	1.74	0.00	0.00	0.00	0.00	0.61	26.48	92.11	0.61	25.26	6214	13014	784	0	0	0	0	0	20012	160.54	24.10	12.16	72.45	35.65	69.25	54.14	1.06	34.29	10.67
8/15/2019 8:13:33 AM	11.46	12.77	1.86	0.00	0.00	0.00	0.00	0.71	26.09	91.66	0.69	25.17	6076	12768	836	0	0	0	0	0	19680	159.76	24.10	13.20	70.63	36.34	68.69	54.57	1.07	34.38	10.70
8/15/2019 8:13:35 AM	12.44	13.14	1.68	0.02	0.00	0.00	0.00	0.52	27.29	92.69	0.76	25.06	6594	13144	756	1	0	0	0	0	20494	161.56	24.08	13.40	71.99	35.80	71.89	55.65	1.07	34.48	10.71
8/15/2019 8:13:38 AM	13.01	12.95	1.82	0.00	0.00	0.00	0.00	0.30	27.77	91.12	0.86	25.05	6894	12946	819	0	0	0	0	0	20659	158.82	24.16	11.93	72.53	34.43	70.66	56.15	1.08	34.56	10.69
8/15/2019 8:13:40 AM	11.25	13.10	2.45	0.00	0.00	0.00	0.00	0.68	26.81	91.02	0.90	25.18	5965	13102	1103	0	0	0	0	0	20170	158.65	25.66	13.92	73.37	37.06	69.62	56.40	1.09	34.64	10.72
8/15/2019 8:13:43 AM	11.78	13.33	1.65	0.00	0.00	0.00	0.00	0.74	26.76	92.23	0.98	25.17	6246	13329	741	0	0	0	0	0	20316	160.76	24.46	12.96	73.94	37.16	70.47	55.08	1.10	34.71	10.72
8/15/2019 8:13:45 AM	11.31	13.21	1.47	0.00	0.00	0.00	0.00	0.72	26.00	92.38	1.02	25.25	5997	13207	664	0	0	0	0	0	19867	161.02	23.59	12.67	72.31	35.96	69.89	52.67	1.10	34.80	10.72
8/15/2019 8:13:47 AM	11.20	13.28	2.58	0.00	0.00	0.00	0.00	0.55	27.06	92.46	1.08	25.38	5937	13282	1161	0	0	0	0	0	20380	161.16	25.84	13.35	74.35	36.02	70.37	55.83	1.11	34.89	10.75
8/15/2019 8:13:50 AM	11.04	13.49	2.36	0.00	0.00	0.00	0.00	0.66	26.90	93.09	1.14	25.24	5854	13495	1062	0	0	0	0	0	20411	162.26	25.70	13.15	74.88	36.70	71.15	55.31	1.11	34.97	10.75
8/15/2019 8:13:52 AM	10.17	14.02	2.67	0.00	0.00	0.00	0.00	0.62	26.86	91.67	1.21	25.18	5390	14021	1203	0	0	0	0	0	20614	159.78	26.09	15.00	76.57	35.98	72.95	53.74	1.12	35.08	10.78
8/15/2019 8:13:54 AM	10.69	13.89	2.84	0.00	0.00	0.00	0.00	0.53	27.42	92.32	1.23	25.41	5663	13894	1279	0	0	0	0	0	20836	160.91	26.58	13.86	76.84	35.91	72.87	55.30	1.12	35.13	10.76
8/15/2019 8:13:57 AM	11.34	13.90	1.97	0.00	0.00	0.00	0.00	0.51	27.20	92.64	1.27	25.30	6008	13898	885	0	0	0	0	0	20791	161.47	24.72	13.19	74.94	35.10	74.19	53.40	1.12	35.22	10.78
8/15/2019 8:13:59 AM	11.40	14.44	1.30	0.00	0.00	0.00	0.00	0.68	27.14	92.56	1.31	25.12	6043	14442	583	0	0	0	0	0	21068	161.34	24.09	13.89	77.75	36.24	74.91	52.21	1.13	35.31	10.78
8/15/2019 8:14:02 AM	10.67	14.30	2.27	0.00	0.00	0.00	0.00	0.59	27.24	92.48	1.32	25.07	5655	14302	1022	0	0	0	0	0	20979	161.19	25.53	14.96	77.25	35.86	74.75	53.40	1.13	35.39	10.79
8/15/2019 8:14:04 AM	10.39	13.87	1.79	0.00	0.00	0.00	0.00	0.88	26.05	92.86	1.34	24.93	5506	13874	805	0	0	0	0	0	20185	161.86	24.68	13.96	74.89	37.26	72.29	52.54	1.13	35.48	10.81
8/15/2019 8:14:06 AM	10.58	13.82	2.27	0.00	0.00	0.00	0.00	0.70	26.68	92.49	1.38	24.70	5610	13820	1023	0	0	0	0	0	20453	161.21	25.57	13.92	76.23	36.58	71.60	53.89	1.14	35.58	10.82
8/15/2019 8:14:09 AM	11.96	13.88	1.62	0.00	0.00	0.00	0.00	0.57	27.46	91.72	1.42	24.77	6338	13883	729	0	0	0	0	0	20949	159.87	24.39	13.14	74.85	36.04	74.57	54.38	1.14	35.65	10.84
8/15/2019 8:14:11 AM	11.10	13.76	1.92	0.00	0.00	0.00	0.00	0.67	26.78	92.04	1.45	24.87	5885	13757	863	0	0	0	0	0	20505	160.42	24.83	13.05	74.68	36.25	72.89	53.69	1.14	35.73	10.84
8/15/2019 8:14:14 AM	10.77	13.79	1.82	0.00	0.00	0.00	0.00	0.63	26.38	92.22	1.48	24.81	5710	13793	817	0	0	0	0	0	20320	160.75	24.30	13.60	75.07	35.23	71.85	51.85	1.15	35.83	10.84
8/15/2019 8:14:16 AM	10.75	13.90	1.85	0.00	0.00	0.00	0.00	0.63	26.50	92.11	1.52	24.72	5698	13903	831	0	0	0	0	0	20431	160.56	24.35	14.11	74.76	35.38	73.13	52.00	1.15	35.92	10.85
8/15/2019 8:14:18 AM	10.92	13.89	1.94	0.00	0.00	0.00	0.00	0.55	26.74	92.54	1.55	24.69	5786	13887	873	0	0	0	0	0	20546	161.30	24.54	13.78	75.54	34.92	72.63	52.27	1.15	35.99	10.88
8/15/2019 8:14:21 AM	10.56	14.11	2.06	0.00	0.00	0.00	0.00	0.62	26.73	92.28	1.56	24.83	5595	14112	926	0	0	0	0	0	20633	160.84	25.00	14.11	76.67	35.53	73.14	52.29	1.15	36.07	10.86
8/15/2019 8:14:23 AM	10.88	14.27	1.93	0.00	0.00	0.00	0.00	0.53	27.08	92.99	1.58	24.90	5766	14274	869	0	0	0	0	0	20909	162.08	24.87	14.23	78.64	34.94	72.69	52.04	1.15	36.16	10.88
8/15/2019 8:14:25 AM	10.06	13.98	2.34	0.00	0.00	0.00	0.00	0.68	26.38	92.54	1.59	24.82	5333	13976	1054	0	0	0	0	0	20364	161.29	25.42	13.24	75.18	35.74	73.46	52.35	1.16	36.24	10.91
8/15/2019 8:14:28 AM	9.86	14.02	2.35	0.00	0.00	0.00	0.00	0.66	26.22	92.04	1.60	24.60	5224	14023	1055	0	0	0	0	0	20303	160.43	25.28	13.10	74.86	35.30	73.86	51.57	1.16	36.32	10.92
8/15/2019 8:14:30 AM	10.87	13.74	2.22	0.00	0.00	0.00	0.00	0.51	26.83	91.80	1.65	24.49	5762	13743	998	0	0	0	0	0	20502	160.01	24.90	13.84	74.66	34.78	72.71	52.96	1.16	36.40	10.90
8/15/2019 8:14:33 AM	10.88	14.33	1.92	0.00	0.00	0.00	0.00	0.55	27.12	92.07	1.67	24.68	5764	14325	866	0	0	0	0	0	20955	160.47	24.83	14.66	78.02	35.17	73.74	52.20	1.16	36.49	10.93
8/15/2019 8:14:35 AM	9.92	14.15	2.31	0.00	0.00	0.00	0.00	0.60	26.38	91.96	1.69	24.97	5257	14146	1041	0	0	0	0	0	20444	160.28	25.32	13.09	76.67	34.87	73.04	51.21	1.17	36.57	10.93
8/15/2019 8:14:37 AM	11.47	13.90	1.65	0.00	0.00	0.00	0.00	0.53	27.02	92.42	1.73	25.09	6081	13899	740	0	0	0	0	0	20720	161.10	24.13	13.46	75.55	35.00	73.08	52.60	1.17	36.64	10.96
8/15/2019 8:14:40 AM	9.96	13.79	2.21	0.00	0.00	0.00	0.00	0.62	25.95	91.72	1.76	25.04	5278	13787	992	0	0	0	0	0	20057	159.87	24.69	13.54	74.08	34.68	72.28	50.93	1.17	36.75	10.96
8/15/2019 8:14:42 AM	11.53	13.63	1.56	0.00	0.00	0.00	0.00	0.50	26.72	92.20	1.79	25.02	6109	13628	703	0	0	0	0	0	20440	160.70	23.72	12.84	74.57	34.42	71.62	52.07	1.18	36.83	10.97
8/15/2019 8:14:45 AM	11.41	14.10	1.73	0.00	0.00	0.00	0.00	0.51	27.24	91.60	1.82	25.01	6047	14097	779	0	0	0	0	0	20923	159.66	24.28	14.84	76.37	34.99	73.82	52.67	1.18	36.90	10.98
8/15/2019 8:14:47 AM	10.81	13.96	2.40	0.00	0.00	0.00	0.00	0.63	27.17	91.89	1.83	24.97	5728	13963	1081	0	0	0	0	0	20772	160.17	25.95	13.23	76.38	36.46	73.45	54.64	1.18	36.98	11.00
8/15/2019 8:14:49 AM	10.82	14.29	2.31	0.00	0.00	0.00	0.00	0.71	27.42	91.10	1.86	24.90	5732	14294	1039	0	0	0	0	0	21066	158.78	26.03	14.92	77.48	37.33	74.92	54.98	1.18	37.07	11.01
8/15/2019 8:14:52 AM	10.89	14.16	2.75	0.00	0.00	0.00	0.00	0.53	27.80	91.43	1.88	24.80	5771	14163	1236	0	0	0	0	0	21170	159.37	26.73	14.03	78.23	36.32	73.98	55.69	1.18	37.14	11.03
8/15/2019 8:14:54 AM	11.61	13.60	2.41	0.00	0.00	0.00	0.00	0.59	27.63	91.65	1.91	24.70	6156	13603	1084	0	0	0	0	0	20843	159.74	25.99	13.52	75.33	36.97	72.62	56.84	1.19	37.22	11.05
8/15/2019 8:14:56 AM	12.31	13.79	2.80	0.00	0.00	0.00	0.00	0.56	28.90	91.43	1.95	24.59	6526	13786	1258	0	0	0	0	0	21571	159.37	27.26	14.59	76.22	38.43	75.23	60.62	1.19	37.29	11.05
8/15/2019 8:14:59 AM	12.99	14.01	2.64	0.00	0.00	0.00	0.00	0.71	29.64	92.18	1.99	24.45	6883	14014	1186	0	0	0	0	0	22083	160.68	27.88	15.52	78.81	40.81	75.42	63.32	1.19	37.38	11.04
8/15/2019 8:15:01 AM	15.22	13.37	2.61	0.00	0.00	0.00	0.00	0.51	31.20	91.96	2.01	24.40	8065	13371	1175	0	0	0	0	0	22612	160.28	28.16	14.45	77.41	41.45	74.86	68.59	1.20	37.46	11.08
8/15/2019 8:15:04 AM	13.74	12.80	3.91	0.00	0.00	0.00	0.00	0.54	30.45	92.88	2.03	24.29	7283	12802	1758	0	0	0	0	0	21843	161.89	30.05	14.47	75.95	41.38	71.51	69.52	1.20	37.53	11.07
8/15/2019 8:15:06 AM	14.08	12.74	3.15	0.00	0.00	0.00	0.00	0.53	29.97	93.04	2.07	24.14	7462	12741	1416	0	0	0	0	0	21619	162.16	28.25	13.96	73.87	40.37	72.14	67.17	1.20	37.59	11.10
8/15/2019 8:15:08 AM	14.17	12.75	2.95	0.00	0.00	0.00	0.00	0.58	29.86	92.99	2.10	24.09	7508	12751	1326	0	0	0	0	0	21585	162.08	27.93	14.30	73.69	40.73	72.13	67.02	1.21	37.68	11.10
8/15/2019 8:15:11 AM	14.34	12.67	3.31	0.00	0.00	0.00	0.00	0.59	30.31	93.13	2.11	24.04	7598	12667	1490	0	0	0	0	0	21756	162.32	29.03	13.54	74.66	41.68	71.60	69.24	1.21	37.77	11.10
8/15/2019 8:15:13 AM	14.55	11.59	3.57	0.00	0.00	0.00	0.00	0.53	29.71	93.95	2.15	23.96	7712	11590	1608	0	0	0	0	0	20910	163.75	28.57	13.55	69.31	40.98	68.31	70.24	1.21	37.83	11.10
8/15/2019 8:15:15 AM	14.92	10.39	3.16	0.00	0.00	0.00	0.00	0.67	28.47	93.75	2.18	23.93	7907	10387	1422	0	0	0	0	0	19716	163.41	27.14	12.38	63.44	41.30	63.65	70.32	1.21	37.88	11.13
8/15/2019 8:15:18 AM	15.08	10.06	3.26	0.00	0.00	0.00	0.00	0.52	28.40	94.77	2.20	23.92	7993	10062	1466	0	0	0	0	0	19521	165.19	26.85	12.38	62.87	39.91	61.60	69.93	1.22	37.99	11.13
8/15/2019 8:15:20 AM	14.88	9.05	3.18	0.00	0.00	0.00	0.00	0.56	27.11	95.08	2.23	23.87	7887	9054	1429	0	0	0	0	0	18371	165.73	25.80	11.06	57.69	39.10	57.63	68.90	1.22	38.04	11.15
8/15/2019 8:15:23 AM	15.28	8.72	2.91	0.10	0.00	0.00	0.00	0.65	27.01	95.37	2.25	23.81	8097	8719	1311	3	0	0	0	0	18129	166.23	25.64	11.29	56.30	40.13	56.90	70.12	1.22	38.10	11.22
8/15/2019 8:15:25 AM	15.72	9.34	2.92	0.00	0.00	0.00	0.00	0.57	27.97	95.07	2.29	23.76	8331	9335	1312	0	0	0	0	0	18978	165.70	25.98	11.43	59.83	40.23	58.78	70.65	1.22	38.18	11.24
8/15/2019 8:15:27 AM	14.94	8.38	3.39	0.00	0.00	0.00	0.00	0.40	26.71	95.28	2.30	23.76	7916	8384	1524	0	0	0	0	0	17825	166.07	25.38	10.46	54.72	37.47	55.14	68.56	1.23	38.25	11.18
8/15/2019 8:15:30 AM	15.39	7.73	2.49	0.70	0.00	0.00	0.00	0.47	26.32	95.08	2.32	23.73	8159	7729	1123	21	0	0	0	0	17032	165.72	25.30	11.27	52.95	38.05	54.49	69.53	1.23	38.34	11.25
8/15/2019 8:15:32 AM	15.89	7.80	2.49	0.00	0.00	0.00	0.00	0.54	26.18	95.40	2.37	23.70	8424	7803	1119	0	0	0	0	0	17346	166.28	23.71	9.93	52.75	38.23	51.86	68.54	1.23	38.38	11.22
8/15/2019 8:15:35 AM	15.36	7.99	2.74	0.00	0.00	0.00	0.00	0.55	26.09	95.69	2.43	23.68	8139	7986	1235	0	0	0	0	0	17361	166.78	24.20	9.74	53.00	38.16	52.94	68.11	1.24	38.47	11.22
8/15/2019 8:15:37 AM	14.59	7.16	3.04	0.00	0.00	0.00	0.00	0.61	24.79	95.56	2.48	23.65	7733	7160	1369	0	0	0	0	0	16262	166.56	23.86	9.67	48.85	37.58	49.19	67.17	1.24	38.56	11.24
8/15/2019 8:15:39 AM	14.86	6.44	3.26	0.08	0.00	0.00	0.00	0.68	24.65	96.09	2.52	23.59	7875	6444	1468	3	0	0	0	0	15789	167.49	24.40	9.10	45.98	38.69	47.40	69.72	1.25	38.58	11.26
8/15/2019 8:15:42 AM	14.82	6.67	3.70	0.14	0.00	0.00	0.00	0.68	25.32	95.71	2.56	23.56	7853	6670	1663	4	0	0	0	0	16191	166.83	25.76	10.00	47.70	39.66	48.76	71.83	1.25	38.65	11.27
8/15/2019 8:15:44 AM	14.96	7.25	3.29	0.00	0.00	0.00	0.00	0.57	25.50	95.92	2.60	23.50	7928	7249	1482	0	0	0	0	0	16660	167.18	24.70	10.36	50.79	38.24	49.00	69.18	1.25	38.74	11.28
8/15/2019 8:15:46 AM	14.98	6.93	2.92	0.00	0.00	0.00	0.00	0.56	24.83	95.78	2.64	23.40	7941	6932	1313	0	0	0	0	0	16186	166.95	23.58	9.29	48.94	37.27	47.44	67.40	1.26	38.79	11.29
8/15/2019 8:15:49 AM	14.26	6.18	3.00	0.00	0.00	0.00	0.00	0.62	23.43	96.54	2.70	23.32	7556	6183	1348	0	0	0	0	0	15087	168.26	22.78	9.17	44.50	36.45	44.30	65.69	1.26	38.85	11.32
8/15/2019 8:15:51 AM	13.71	5.94	3.06	0.00	0.00	0.00	0.00	0.66	22.71	96.73	2.74	23.30	7266	5940	1376	0	0	0	0	0	14581	168.60	22.47	9.11	42.84	36.00	43.06	64.44	1.27	38.94	11.32
8/15/2019 8:15:54 AM	13.68	5.28	3.30	0.00	0.00	0.00	0.00	0.68	22.26	96.42	2.78	23.22	7249	5285	1485	0	0	0	0	0	14019	168.06	22.63	8.10	40.56	36.06	40.18	65.32	1.27	38.98	11.35
8/15/2019 8:15:56 AM	13.00	4.85	3.15	0.19	0.00	0.00	0.00	0.67	21.19	96.90	2.81	23.15	6888	4852	1420	6	0	0	0	0	13165	168.90	22.00	7.89	37.56	34.67	39.14	63.05	1.28	39.04	11.36
8/15/2019 8:15:58 AM	11.88	4.45	2.80	0.00	0.00	0.00	0.00	0.66	19.12	97.14	2.82	23.14	6297	4447	1258	0	0	0	0	0	12002	169.31	19.59	6.86	34.62	31.73	34.71	56.84	1.28	39.11	11.37
8/15/2019 8:16:01 AM	11.85	4.23	2.26	0.00	0.00	0.00	0.00	0.65	18.34	97.01	2.85	23.16	6282	4235	1016	0	0	0	0	0	11532	169.08	18.13	6.42	33.37	30.60	32.93	54.29	1.28	39.15	11.38
8/15/2019 8:16:03 AM	11.71	3.68	2.38	0.15	0.00	0.00	0.00	0.60	17.93	97.39	2.87	23.17	6206	3684	1073	5	0	0	0	0	10968	169.75	18.13	6.44	30.44	29.87	31.99	54.44	1.28	39.22	11.39
8/15/2019 8:16:06 AM	12.06	4.01	2.56	0.00	0.00	0.00	0.00	0.50	18.63	96.80	2.90	23.14	6390	4006	1153	0	0	0	0	0	11549	168.72	18.36	7.03	33.16	29.66	31.81	54.96	1.28	39.29	11.39
8/15/2019 8:16:08 AM	11.58	3.89	2.35	0.00	0.00	0.00	0.00	0.63	17.82	97.30	2.90	23.11	6139	3887	1055	0	0	0	0	0	11082	169.60	17.79	6.28	31.31	29.90	31.66	53.54	1.28	39.35	11.41
8/15/2019 8:16:10 AM	11.17	4.23	2.56	0.00	0.00	0.00	0.00	0.57	17.95	96.88	2.93	23.10	5918	4226	1150	0	0	0	0	0	11294	168.86	18.14	7.20	33.24	29.23	32.21	52.68	1.29	39.40	11.43
8/15/2019 8:16:13 AM	10.92	3.70	2.70	0.06	0.00	0.00	0.00	0.53	17.38	97.28	2.95	23.03	5785	3703	1213	2	0	0	0	0	10703	169.56	17.88	7.32	30.31	28.40	30.74	52.27	1.29	39.45	11.45
8/15/2019 8:16:15 AM	10.21	3.30	2.87	0.04	0.00	0.00	0.00	0.55	16.41	97.24	2.98	22.92	5409	3295	1290	1	0	0	0	0	9995	169.48	17.55	6.68	27.94	27.55	28.68	50.70	1.29	39.51	11.43
8/15/2019 8:16:17 AM	10.26	3.41	2.74	0.00	0.00	0.00	0.00	0.49	16.41	97.17	2.99	22.88	5440	3408	1231	0	0	0	0	0	10079	169.37	17.07	6.63	28.23	26.81	28.86	49.68	1.29	39.57	11.48
8/15/2019 8:16:20 AM	10.01	3.40	2.76	0.00	0.00	0.00	0.00	0.56	16.18	97.35	3.02	22.88	5306	3403	1244	0	0	0	0	0	9953	169.68	17.20	6.40	28.00	27.28	28.80	49.61	1.30	39.62	11.46
8/15/2019 8:16:22 AM	10.30	2.96	1.70	0.59	0.00	0.00	0.00	0.56	15.54	96.86	3.03	22.86	5457	2963	763	18	0	0	0	0	9200	168.82	16.29	6.25	26.46	26.49	28.47	48.21	1.30	39.67	11.49
8/15/2019 8:16:25 AM	9.35	3.11	2.95	0.12	0.00	0.00	0.00	0.49	15.53	97.22	3.06	22.82	4955	3111	1329	3	0	0	0	0	9398	169.44	17.18	6.37	26.57	25.88	27.59	48.12	1.30	39.73	11.50
8/15/2019 8:16:27 AM	9.80	2.76	2.05	0.62	0.00	0.00	0.00	0.56	15.22	97.43	3.08	22.77	5192	2764	921	18	0	0	0	0	8896	169.82	16.75	6.28	25.60	26.27	27.64	48.19	1.30	39.79	11.51
8/15/2019 8:16:29 AM	9.48	3.11	2.64	0.08	0.00	0.00	0.00	0.50	15.30	97.13	3.09	22.74	5023	3107	1186	2	0	0	0	0	9318	169.30	16.42	6.24	26.28	25.60	27.19	47.10	1.30	39.83	11.53
8/15/2019 8:16:32 AM	9.54	2.88	2.05	0.44	0.00	0.00	0.00	0.54	14.91	97.59	3.13	22.73	5057	2880	921	13	0	0	0	0	8871	170.09	16.09	6.08	25.48	25.52	27.21	46.51	1.31	39.88	11.55
8/15/2019 8:16:34 AM	9.27	2.70	2.20	0.45	0.00	0.00	0.00	0.52	14.62	97.23	3.18	22.61	4910	2701	991	13	0	0	0	0	8616	169.46	16.13	5.81	24.56	25.05	26.49	46.11	1.31	39.92	11.55
8/15/2019 8:16:37 AM	8.29	2.35	2.20	0.79	0.00	0.00	0.00	0.47	13.63	97.44	3.22	22.27	4391	2347	990	24	0	0	0	0	7751	169.84	16.21	6.15	23.07	23.54	25.31	44.00	1.32	39.98	11.57
8/15/2019 8:16:39 AM	8.47	2.18	1.79	1.09	0.00	0.00	0.00	0.47	13.54	97.48	3.25	21.97	4489	2184	807	33	0	0	0	0	7513	169.90	16.14	6.15	22.72	23.44	25.57	44.01	1.32	40.03	11.55
8/15/2019 8:16:41 AM	8.40	2.66	2.28	0.52	0.00	0.00	0.00	0.50	13.86	97.23	3.29	21.99	4452	2662	1027	16	0	0	0	0	8156	169.47	15.96	5.83	23.92	23.90	25.91	43.86	1.32	40.06	11.56
8/15/2019 8:16:44 AM	8.16	2.55	2.64	0.52	0.00	0.00	0.00	0.48	13.87	97.48	3.32	22.09	4324	2547	1189	16	0	0	0	0	8076	169.90	16.54	5.76	23.52	23.87	25.66	44.47	1.32	40.12	11.59
8/15/2019 8:16:46 AM	8.22	2.55	2.15	0.93	0.00	0.00	0.00	0.44	13.85	97.25	3.33	22.04	4355	2555	966	28	0	0	0	0	7903	169.50	16.57	6.24	24.10	23.39	26.75	43.95	1.33	40.15	11.60
8/15/2019 8:16:48 AM	7.74	2.20	1.92	1.47	0.00	0.00	0.00	0.40	13.33	97.36	3.37	21.87	4101	2201	865	44	0	0	0	0	7211	169.69	17.01	6.90	23.28	22.61	26.45	43.35	1.33	40.20	11.59
8/15/2019 8:16:51 AM	7.89	2.07	1.42	1.96	0.00	0.00	0.00	0.36	13.34	97.00	3.40	21.69	4181	2073	639	59	0	0	0	0	6952	169.07	17.23	7.47	23.54	22.35	27.30	43.45	1.33	40.25	11.62
8/15/2019 8:16:53 AM	7.33	2.33	2.02	1.57	0.00	0.00	0.00	0.40	13.24	97.10	3.42	21.59	3883	2328	907	47	0	0	0	0	7164	169.24	17.42	7.07	23.80	22.48	27.17	42.94	1.34	40.29	11.62
8/15/2019 8:16:56 AM	7.82	2.15	1.76	1.71	0.00	0.00	0.00	0.38	13.43	97.22	3.47	21.51	4143	2147	792	51	0	0	0	0	7133	169.46	17.35	6.81	23.36	22.59	27.24	43.75	1.34	40.32	11.64
8/15/2019 8:16:58 AM	7.67	2.13	1.91	1.87	0.00	0.00	0.00	0.38	13.58	97.67	3.52	21.34	4066	2132	858	56	0	0	0	0	7112	170.23	18.10	7.13	23.72	22.91	27.81	44.63	1.35	40.35	11.65
8/15/2019 8:17:00 AM	7.75	2.47	1.99	2.03	0.00	0.00	0.00	0.41	14.23	97.20	3.58	21.15	4106	2469	894	61	0	0	0	0	7529	169.41	19.19	7.51	25.68	23.97	30.12	46.25	1.35	40.39	11.66
8/15/2019 8:17:03 AM	7.26	2.96	2.02	3.08	0.00	0.00	0.00	0.41	15.32	97.00	3.63	21.08	3847	2956	910	93	0	0	0	0	7806	169.06	22.63	10.65	30.46	25.60	35.24	49.68	1.36	40.44	11.65
8/15/2019 8:17:05 AM	7.15	2.96	2.45	3.05	0.00	0.00	0.00	0.35	15.61	96.89	3.70	21.11	3787	2964	1104	91	0	0	0	0	7948	168.87	23.35	10.52	30.63	25.51	35.61	50.58	1.36	40.44	11.66
8/15/2019 8:17:07 AM	6.49	2.47	1.78	3.88	0.00	0.00	0.00	0.42	14.62	97.08	3.73	21.13	3440	2473	801	116	0	0	0	0	6831	169.21	23.74	10.49	29.01	25.17	35.78	49.51	1.37	40.50	11.70
8/15/2019 8:17:10 AM	6.23	3.39	3.29	2.44	0.00	0.00	0.00	0.42	15.35	96.96	3.78	20.95	3302	3386	1481	73	0	0	0	0	8242	168.99	23.44	10.10	31.14	25.57	35.28	49.33	1.37	40.54	11.69
8/15/2019 8:17:12 AM	6.19	2.83	2.32	3.49	0.00	0.00	0.00	0.33	14.83	97.13	3.80	20.64	3282	2828	1045	105	0	0	0	0	7260	169.29	23.72	10.41	29.95	24.39	36.05	48.67	1.37	40.54	11.70
8/15/2019 8:17:15 AM	5.64	3.67	2.80	2.90	0.00	0.00	0.00	0.35	15.00	97.10	3.84	20.47	2987	3672	1258	87	0	0	0	0	8003	169.25	23.41	10.51	32.39	24.22	37.31	46.83	1.38	40.58	11.73
8/15/2019 8:17:17 AM	4.94	3.87	3.12	2.94	0.00	0.00	0.00	0.38	14.87	96.82	3.88	20.42	2616	3869	1404	88	0	0	0	0	7977	168.76	24.16	10.60	33.06	24.32	38.21	46.51	1.38	40.62	11.74
8/15/2019 8:17:19 AM	5.71	3.96	3.27	2.57	0.00	0.00	0.00	0.33	15.51	96.92	3.94	20.22	3027	3960	1473	77	0	0	0	0	8537	168.92	23.75	10.27	33.35	24.55	37.94	47.64	1.39	40.64	11.75
8/15/2019 8:17:22 AM	4.66	4.14	3.02	3.40	0.00	0.00	0.00	0.39	15.22	96.53	3.98	19.84	2470	4141	1360	102	0	0	0	0	8073	168.24	25.44	11.63	35.11	24.88	40.70	47.39	1.39	40.67	11.76
8/15/2019 8:17:24 AM	5.15	4.11	2.56	3.65	0.00	0.00	0.00	0.36	15.47	96.89	4.00	19.66	2728	4112	1153	109	0	0	0	0	8103	168.88	25.32	11.60	35.41	24.90	41.58	47.78	1.39	40.70	11.76
8/15/2019 8:17:27 AM	3.47	6.03	4.46	3.13	0.00	0.00	0.00	0.32	17.09	96.24	4.03	19.45	1840	6027	2009	94	0	0	0	0	9970	167.74	28.63	14.01	43.61	25.83	47.71	48.73	1.39	40.74	11.76
8/15/2019 8:17:29 AM	3.74	5.47	3.93	3.55	0.00	0.00	0.00	0.35	16.68	96.39	4.05	19.20	1981	5467	1767	106	0	0	0	0	9322	168.00	28.46	13.74	41.71	25.93	46.78	49.15	1.40	40.74	11.78
8/15/2019 8:17:31 AM	3.83	5.12	3.70	3.83	0.00	0.00	0.00	0.34	16.48	96.34	4.08	19.18	2031	5120	1664	115	0	0	0	0	8930	167.92	28.56	13.33	40.49	25.80	46.47	49.48	1.40	40.76	11.78
8/15/2019 8:17:34 AM	3.81	5.36	3.62	4.10	0.00	0.00	0.00	0.44	16.89	96.30	4.10	19.25	2021	5355	1630	123	0	0	0	0	9129	167.85	29.65	14.44	42.33	27.35	48.20	51.17	1.40	40.78	11.79
8/15/2019 8:17:36 AM	4.16	5.75	3.93	5.11	0.00	0.00	0.00	0.32	18.95	96.31	4.13	18.91	2204	5750	1767	153	0	0	0	0	9875	167.86	33.79	16.11	46.91	29.23	54.57	57.27	1.40	40.79	11.81
8/15/2019 8:17:38 AM	3.49	6.36	3.99	5.66	0.00	0.00	0.00	0.46	19.50	96.14	4.16	18.51	1849	6358	1797	170	0	0	0	0	10174	167.58	36.14	17.32	50.45	31.24	58.94	59.14	1.41	40.81	11.81
8/15/2019 8:17:41 AM	3.82	6.54	4.61	4.77	0.00	0.00	0.00	0.40	19.73	96.19	4.18	18.51	2022	6535	2073	143	0	0	0	0	10774	167.66	34.99	16.59	50.06	30.66	57.04	58.52	1.41	40.83	11.81
8/15/2019 8:17:43 AM	4.30	7.07	4.72	4.80	0.00	0.00	0.00	0.35	20.89	96.19	4.23	18.61	2278	7066	2124	144	0	0	0	0	11612	167.66	35.95	17.63	53.18	31.58	59.69	60.56	1.41	40.83	11.82
8/15/2019 8:17:46 AM	3.38	7.47	4.90	4.89	0.00	0.00	0.00	0.43	20.63	96.20	4.27	18.53	1789	7474	2203	147	0	0	0	0	11613	167.68	36.66	17.54	54.43	31.81	61.51	59.50	1.42	40.83	11.82
8/15/2019 8:17:48 AM	3.25	7.98	5.09	4.15	0.00	0.00	0.00	0.41	20.46	96.06	4.32	18.37	1724	7975	2289	125	0	0	0	0	12113	167.42	35.08	16.81	54.96	30.78	60.91	56.66	1.42	40.83	11.83
8/15/2019 8:17:50 AM	2.48	8.70	5.50	3.33	0.00	0.00	0.00	0.35	20.00	96.12	4.38	18.35	1312	8699	2473	100	0	0	0	0	12584	167.53	33.46	16.50	56.09	28.89	60.40	52.15	1.43	40.86	11.85
8/15/2019 8:17:53 AM	1.25	9.99	5.13	2.90	0.00	0.00	0.00	0.45	19.27	95.96	4.44	17.87	663	9992	2309	87	0	0	0	0	13052	167.25	31.82	16.66	59.50	27.78	62.83	45.95	1.43	40.86	11.85
8/15/2019 8:17:55 AM	2.59	12.05	5.44	0.84	0.00	0.00	0.00	0.31	20.93	95.25	4.49	17.59	1374	12048	2449	25	0	0	0	0	15896	166.02	28.23	16.05	65.36	26.76	64.70	42.17	1.44	40.89	11.87
8/15/2019 8:17:58 AM	1.97	11.25	4.44	2.03	0.00	0.00	0.00	0.44	19.70	95.68	4.55	17.66	1045	11255	1998	61	0	0	0	0	14359	166.76	28.88	16.25	62.99	26.92	64.66	41.72	1.45	40.89	11.88
8/15/2019 8:18:00 AM	2.25	12.35	4.81	0.98	0.00	0.00	0.00	0.35	20.39	95.28	4.61	17.38	1192	12345	2166	30	0	0	0	0	15733	166.07	27.30	16.10	66.08	26.02	65.62	39.30	1.45	40.88	11.88
8/15/2019 8:18:02 AM	2.66	12.72	4.61	0.58	0.00	0.00	0.00	0.31	20.57	95.13	4.67	17.10	1409	12717	2073	18	0	0	0	0	16216	165.81	26.03	15.50	66.80	25.48	65.91	37.80	1.46	40.91	11.87
8/15/2019 8:18:05 AM	2.61	13.22	4.67	0.29	0.00	0.00	0.00	0.32	20.80	95.06	4.70	17.20	1384	13220	2104	9	0	0	0	0	16716	165.69	25.65	15.88	68.53	25.47	66.72	36.88	1.46	40.88	11.89
8/15/2019 8:18:07 AM	3.18	13.65	4.74	0.00	0.00	0.00	0.00	0.24	21.57	94.75	4.74	17.33	1683	13646	2135	0	0	0	0	0	17464	165.15	25.45	15.33	70.50	25.36	67.73	37.19	1.46	40.88	11.87
8/15/2019 8:18:09 AM	2.84	13.74	4.37	0.00	0.00	0.00	0.00	0.26	20.95	94.29	4.79	17.11	1507	13744	1965	0	0	0	0	0	17216	164.34	24.45	15.46	70.10	24.54	67.63	34.68	1.47	40.87	11.90
8/15/2019 8:18:12 AM	2.92	14.23	4.01	0.00	0.00	0.00	0.00	0.25	21.16	94.20	4.85	16.73	1549	14227	1803	0	0	0	0	0	17579	164.20	24.09	15.62	72.69	24.33	68.60	33.43	1.47	40.89	11.91
8/15/2019 8:18:14 AM	2.86	14.03	3.76	0.00	0.00	0.00	0.00	0.35	20.66	94.36	4.89	16.23	1517	14033	1692	0	0	0	0	0	17242	164.47	23.53	15.19	71.23	24.61	67.91	32.83	1.48	40.86	11.91
8/15/2019 8:18:17 AM	3.15	14.31	3.70	0.00	0.00	0.00	0.00	0.34	21.16	94.58	4.95	15.69	1669	14312	1664	0	0	0	0	0	17646	164.85	23.81	15.39	72.97	25.09	68.93	33.55	1.48	40.85	11.91
8/15/2019 8:18:19 AM	3.60	15.81	3.52	0.00	0.00	0.00	0.00	0.38	22.93	94.47	5.01	15.68	1909	15811	1585	0	0	0	0	0	19304	164.65	25.04	16.64	80.35	27.00	75.04	35.05	1.49	40.85	11.93
8/15/2019 8:18:21 AM	4.04	15.25	2.94	0.00	0.00	0.00	0.00	0.52	22.23	94.65	5.05	15.42	2141	15247	1323	0	0	0	0	0	18711	164.97	23.82	15.85	77.60	27.62	72.59	34.82	1.49	40.82	11.94
8/15/2019 8:18:24 AM	4.02	14.57	2.83	0.00	0.00	0.00	0.00	0.58	21.43	94.87	5.08	15.27	2132	14573	1275	0	0	0	0	0	17981	165.36	23.15	15.07	74.26	27.53	69.91	34.57	1.50	40.83	11.93
8/15/2019 8:18:26 AM	4.19	14.65	2.70	0.00	0.00	0.00	0.00	0.59	21.54	94.77	5.12	15.75	2221	14651	1217	0	0	0	0	0	18089	165.17	23.06	14.92	75.00	27.63	69.88	34.57	1.50	40.81	11.93
8/15/2019 8:18:28 AM	5.10	14.13	2.39	0.00	0.00	0.00	0.00	0.56	21.61	94.37	5.17	15.82	2703	14127	1073	0	0	0	0	0	17903	164.49	22.33	14.56	73.10	27.70	68.02	35.69	1.51	40.78	11.96
8/15/2019 8:18:31 AM	4.14	11.82	2.57	0.00	0.00	0.00	0.00	0.44	18.53	93.76	5.19	15.28	2192	11825	1156	0	0	0	0	0	15172	163.42	19.93	12.26	61.30	23.64	58.46	31.66	1.51	40.76	11.95
8/15/2019 8:18:33 AM	4.34	11.60	2.35	0.00	0.00	0.00	0.00	0.28	18.29	93.30	5.21	14.77	2300	11601	1059	0	0	0	0	0	14960	162.62	19.00	12.06	60.98	21.77	56.47	30.00	1.51	40.76	11.93
8/15/2019 8:18:36 AM	4.05	11.58	2.62	0.00	0.00	0.00	0.00	0.24	18.25	92.86	5.22	14.85	2149	11578	1180	0	0	0	0	0	14907	161.86	19.29	12.05	60.15	21.41	57.20	29.97	1.51	40.72	11.96
8/15/2019 8:18:38 AM	4.46	12.35	2.41	0.00	0.00	0.00	0.00	0.25	19.23	93.20	5.25	14.97	2366	12350	1087	0	0	0	0	0	15802	162.45	19.78	12.79	64.86	22.29	59.40	30.65	1.51	40.70	11.97
8/15/2019 8:18:40 AM	3.04	10.28	2.47	0.00	0.00	0.00	0.00	0.12	15.79	92.15	5.28	14.72	1610	10279	1113	0	0	0	0	0	13002	160.62	16.90	10.70	52.77	17.46	51.12	24.64	1.52	40.67	11.96
8/15/2019 8:18:43 AM	3.80	10.50	2.14	0.00	0.00	0.00	0.00	0.00	16.44	92.51	5.30	14.42	2012	10500	964	0	0	0	0	0	13476	161.24	16.52	11.19	55.58	16.85	50.55	24.75	1.52	40.65	11.96
8/15/2019 8:18:45 AM	3.40	9.81	1.91	0.00	0.00	0.00	0.00	0.00	15.13	90.23	5.34	14.59	1803	9814	861	0	0	0	0	0	12478	157.27	15.12	10.34	52.36	14.72	46.75	22.52	1.52	40.62	11.96
8/15/2019 8:18:48 AM	2.66	9.15	1.99	0.00	0.00	0.00	0.00	0.00	13.80	88.81	5.37	14.90	1410	9150	896	0	0	0	0	0	11456	154.81	14.16	9.36	47.79	12.62	44.68	20.55	1.53	40.59	11.97
8/15/2019 8:18:50 AM	2.46	8.67	1.59	0.00	0.00	0.00	0.00	0.00	12.72	89.30	5.41	14.57	1306	8674	713	0	0	0	0	0	10693	155.65	12.79	8.88	45.20	12.09	41.77	17.63	1.53	40.56	11.97
8/15/2019 8:18:52 AM	1.89	6.71	1.38	0.00	0.00	0.00	0.00	0.00	9.98	88.96	5.44	13.76	1003	6713	621	0	0	0	0	0	8337	155.05	10.33	6.98	35.33	9.52	33.17	14.20	1.53	40.52	11.97
8/15/2019 8:18:55 AM	2.56	7.23	1.36	0.00	0.00	0.00	0.00	0.00	11.16	89.20	5.46	13.39	1358	7231	613	0	0	0	0	0	9202	155.48	11.11	7.63	38.76	10.54	35.35	16.57	1.54	40.50	11.98
8/15/2019 8:18:57 AM	1.67	6.39	1.35	0.00	0.00	0.00	0.00	0.00	9.41	88.64	5.51	13.63	884	6394	607	0	0	0	0	0	7885	154.50	9.87	6.66	33.65	9.00	31.61	13.20	1.54	40.45	11.97
8/15/2019 8:18:59 AM	1.40	5.77	1.30	0.00	0.00	0.00	0.00	0.00	8.47	88.56	5.58	13.63	742	5766	585	0	0	0	0	0	7093	154.37	9.08	6.28	30.29	8.35	28.87	11.80	1.55	40.41	12.00
8/15/2019 8:19:02 AM	1.27	5.25	1.17	0.00	0.00	0.00	0.00	0.00	7.69	88.75	5.66	13.34	671	5250	527	0	0	0	0	0	6448	154.69	8.24	5.69	27.57	7.47	26.64	10.65	1.55	40.38	11.99
8/15/2019 8:19:04 AM	1.12	5.36	1.15	0.00	0.00	0.00	0.00	0.00	7.63	88.56	5.74	13.36	594	5358	518	0	0	0	0	0	6470	154.36	8.25	5.60	28.28	7.38	26.57	10.10	1.56	40.34	11.97
8/15/2019 8:19:07 AM	1.14	5.09	1.07	0.00	0.00	0.00	0.00	0.00	7.30	88.58	5.79	13.32	605	5085	483	0	0	0	0	0	6172	154.41	7.84	5.31	26.83	7.03	25.53	9.75	1.57	40.29	11.99
8/15/2019 8:19:09 AM	1.23	5.20	1.15	0.00	0.00	0.00	0.00	0.00	7.59	88.47	5.86	13.40	653	5202	520	0	0	0	0	0	6375	154.20	8.19	5.57	27.79	7.36	25.89	10.45	1.57	40.25	11.99
8/15/2019 8:19:11 AM	1.46	5.22	1.00	0.00	0.00	0.00	0.00	0.00	7.68	88.56	5.90	13.57	776	5216	451	0	0	0	0	0	6442	154.37	7.95	5.59	27.85	7.33	26.03	10.57	1.58	40.20	11.99
8/15/2019 8:19:14 AM	1.45	5.05	1.14	0.00	0.00	0.00	0.00	0.00	7.64	88.57	5.94	13.47	768	5048	513	0	0	0	0	0	6328	154.38	8.13	5.39	26.94	7.48	25.77	11.05	1.58	40.17	11.96
8/15/2019 8:19:16 AM	1.32	5.08	1.18	0.00	0.00	0.00	0.00	0.00	7.58	88.52	6.00	13.44	702	5076	533	0	0	0	0	0	6311	154.29	8.17	5.57	26.99	7.42	25.82	10.85	1.59	40.12	11.99
8/15/2019 8:19:19 AM	1.26	5.04	1.13	0.00	0.00	0.00	0.00	0.00	7.43	88.27	6.04	13.66	667	5042	510	0	0	0	0	0	6219	153.87	8.02	5.50	26.79	7.42	25.47	10.31	1.59	40.07	11.99
8/15/2019 8:19:21 AM	1.21	5.30	1.08	0.00	0.00	0.00	0.00	0.00	7.59	88.33	6.12	13.45	641	5304	484	0	0	0	0	0	6429	153.97	8.09	5.54	28.03	7.37	26.33	10.02	1.60	40.03	11.98
8/15/2019 8:19:23 AM	1.28	5.27	1.22	0.00	0.00	0.00	0.00	0.00	7.78	88.22	6.18	13.05	681	5273	549	0	0	0	0	0	6503	153.78	8.38	5.64	27.73	7.47	26.85	10.99	1.61	39.99	11.97
8/15/2019 8:19:26 AM	1.25	4.95	1.12	0.00	0.00	0.00	0.00	0.00	7.32	88.44	6.23	13.35	665	4952	502	0	0	0	0	0	6119	154.15	7.91	5.33	26.33	7.31	25.11	10.20	1.61	39.94	11.99
8/15/2019 8:19:28 AM	1.29	5.05	1.07	0.00	0.00	0.00	0.00	0.00	7.42	88.26	6.26	13.76	686	5050	483	0	0	0	0	0	6220	153.84	7.91	5.51	27.02	7.26	25.25	10.22	1.61	39.87	11.99
8/15/2019 8:19:30 AM	1.26	5.13	1.16	0.00	0.00	0.00	0.00	0.00	7.55	87.92	6.32	14.10	670	5130	522	0	0	0	0	0	6322	153.24	8.16	5.53	27.42	7.35	25.70	10.56	1.62	39.84	11.98
8/15/2019 8:19:33 AM	1.17	5.13	1.16	0.00	0.00	0.00	0.00	0.00	7.45	88.55	6.36	14.24	619	5127	522	0	0	0	0	0	6267	154.34	8.08	5.46	27.10	7.22	25.84	10.25	1.62	39.78	11.98
8/15/2019 8:19:35 AM	1.37	5.02	1.08	0.00	0.00	0.00	0.00	0.00	7.48	88.53	6.41	14.15	725	5024	488	0	0	0	0	0	6237	154.31	7.97	5.40	26.92	7.43	25.28	10.46	1.63	39.72	11.98
8/15/2019 8:19:38 AM	1.45	5.12	1.14	0.00	0.00	0.00	0.00	0.00	7.71	87.99	6.49	13.38	771	5120	511	0	0	0	0	0	6402	153.38	8.18	5.53	27.19	7.60	26.13	11.05	1.64	39.68	11.98
8/15/2019 8:19:40 AM	1.14	4.94	1.12	0.00	0.00	0.00	0.00	0.00	7.21	88.11	6.62	12.46	602	4944	506	0	0	0	0	0	6052	153.58	7.83	5.39	26.15	7.09	25.05	9.88	1.65	39.62	11.99
8/15/2019 8:19:42 AM	1.15	4.98	1.06	0.00	0.00	0.00	0.00	0.00	7.19	88.15	6.69	12.03	607	4976	479	0	0	0	0	0	6062	153.66	7.73	5.35	26.20	7.10	25.16	9.62	1.66	39.57	11.95
8/15/2019 8:19:45 AM	1.30	5.32	1.16	0.00	0.00	0.00	0.00	0.00	7.78	87.91	6.72	12.00	688	5318	524	0	0	0	0	0	6529	153.24	8.33	5.75	28.23	7.55	26.58	10.74	1.66	39.51	11.97
8/15/2019 8:19:47 AM	1.46	5.20	1.25	0.00	0.00	0.00	0.00	0.00	7.92	88.09	6.76	12.13	776	5200	564	0	0	0	0	0	6540	153.54	8.51	5.67	27.62	7.75	26.68	11.68	1.66	39.44	11.96
8/15/2019 8:19:49 AM	1.65	5.50	1.26	0.00	0.00	0.00	0.00	0.00	8.41	88.10	6.79	12.19	873	5498	569	0	0	0	0	0	6940	153.57	8.89	6.02	29.61	8.02	27.62	12.51	1.67	39.39	11.97
8/15/2019 8:19:52 AM	2.20	5.86	1.56	0.00	0.00	0.00	0.00	0.00	9.62	87.32	6.85	12.60	1164	5863	702	0	0	0	0	0	7730	152.21	10.08	7.36	32.40	8.90	29.52	16.00	1.67	39.34	11.95
8/15/2019 8:19:54 AM	1.22	5.38	1.35	0.00	0.00	0.00	0.00	0.00	7.95	85.71	6.89	12.68	646	5379	608	0	0	0	0	0	6633	149.39	8.74	5.96	28.62	7.59	27.01	11.43	1.68	39.27	11.96
8/15/2019 8:19:57 AM	1.29	5.38	1.08	0.00	0.00	0.00	0.00	0.00	7.76	87.97	6.92	12.73	685	5382	487	0	0	0	0	0	6554	153.34	8.22	5.76	28.82	7.47	26.35	10.38	1.68	39.21	11.94
8/15/2019 8:19:59 AM	1.48	5.41	1.09	0.00	0.00	0.00	0.00	0.00	7.98	87.62	6.97	13.04	786	5410	489	0	0	0	0	0	6685	152.72	8.35	5.83	29.07	7.66	26.70	11.06	1.68	39.15	11.94
8/15/2019 8:20:01 AM	1.30	5.34	1.22	0.00	0.00	0.00	0.00	0.00	7.86	87.61	7.02	12.94	689	5342	548	0	0	0	0	0	6579	152.71	8.46	5.93	28.43	7.59	26.70	11.04	1.69	39.08	11.95
8/15/2019 8:20:04 AM	1.24	5.13	1.14	0.00	0.00	0.00	0.00	0.00	7.52	87.68	7.06	12.96	659	5134	514	0	0	0	0	0	6307	152.83	8.10	5.56	27.20	7.42	25.87	10.37	1.69	39.02	11.94
8/15/2019 8:20:06 AM	1.42	5.40	1.15	0.00	0.00	0.00	0.00	0.00	7.97	87.69	7.11	13.25	754	5397	518	0	0	0	0	0	6669	152.85	8.46	5.90	28.83	7.85	26.83	11.08	1.70	38.96	11.91
8/15/2019 8:20:09 AM	1.33	5.31	1.19	0.00	0.00	0.00	0.00	0.00	7.83	87.73	7.17	13.45	702	5314	537	0	0	0	0	0	6554	152.91	8.40	5.75	28.16	7.62	26.74	10.97	1.70	38.90	11.91
8/15/2019 8:20:11 AM	1.57	5.43	1.13	0.00	0.00	0.00	0.00	0.00	8.12	87.92	7.21	13.37	830	5431	507	0	0	0	0	0	6768	153.25	8.50	5.93	29.55	7.64	26.64	11.61	1.71	38.82	11.93
8/15/2019 8:20:13 AM	1.37	5.28	1.23	0.00	0.00	0.00	0.00	0.00	7.88	87.89	7.25	13.36	724	5279	554	0	0	0	0	0	6558	153.19	8.50	5.89	28.20	7.83	26.50	11.22	1.71	38.78	11.91
8/15/2019 8:20:16 AM	1.47	5.16	1.03	0.00	0.00	0.00	0.00	0.00	7.66	87.85	7.29	13.46	777	5156	466	0	0	0	0	0	6399	153.12	8.02	5.52	27.53	7.62	25.86	10.59	1.71	38.71	11.92
8/15/2019 8:20:18 AM	1.42	5.23	1.09	0.00	0.00	0.00	0.00	0.00	7.74	87.49	7.36	13.08	751	5234	489	0	0	0	0	0	6475	152.49	8.17	5.66	27.97	7.62	26.13	10.72	1.72	38.65	11.91
8/15/2019 8:20:20 AM	1.40	5.23	1.20	0.00	0.00	0.00	0.00	0.00	7.83	87.81	7.41	12.46	744	5234	538	0	0	0	0	0	6516	153.05	8.41	5.64	27.88	7.75	26.46	11.17	1.73	38.58	11.91
8/15/2019 8:20:23 AM	1.52	5.22	1.06	0.00	0.00	0.00	0.00	0.00	7.79	88.01	7.49	12.34	805	5217	475	0	0	0	0	0	6497	153.41	8.15	5.56	27.93	7.72	26.15	10.89	1.73	38.54	11.90
8/15/2019 8:20:25 AM	1.45	5.26	1.06	0.00	0.00	0.00	0.00	0.00	7.77	87.97	7.54	12.74	767	5259	477	0	0	0	0	0	6503	153.33	8.17	5.61	28.19	7.68	26.12	10.68	1.74	38.48	11.88
8/15/2019 8:20:28 AM	1.33	5.21	1.13	0.00	0.00	0.00	0.00	0.00	7.66	87.97	7.63	12.73	703	5206	510	0	0	0	0	0	6418	153.33	8.22	5.47	27.71	7.63	26.11	10.58	1.75	38.40	11.88
8/15/2019 8:20:30 AM	1.20	5.29	1.14	0.00	0.00	0.00	0.00	0.00	7.63	87.64	7.69	12.58	637	5288	514	0	0	0	0	0	6439	152.76	8.21	5.66	27.93	7.48	26.41	10.27	1.75	38.34	11.88
8/15/2019 8:20:32 AM	1.22	5.06	1.05	0.00	0.00	0.00	0.00	0.02	7.33	87.83	7.74	12.84	646	5057	474	0	0	0	0	0	6177	153.09	7.90	5.40	26.85	7.51	25.33	10.00	1.76	38.27	11.89
8/15/2019 8:20:35 AM	1.43	5.13	1.13	0.00	0.00	0.00	0.00	0.00	7.70	87.76	7.86	12.66	760	5131	511	0	0	0	0	0	6402	152.97	8.21	5.63	27.49	7.74	25.83	10.91	1.77	38.21	11.87
8/15/2019 8:20:37 AM	1.34	4.97	1.07	0.00	0.00	0.00	0.00	0.00	7.38	87.75	7.95	12.27	709	4968	483	0	0	0	0	0	6161	152.96	7.90	5.28	26.51	7.46	25.13	10.30	1.78	38.15	11.86
8/15/2019 8:20:40 AM	1.51	5.16	1.09	0.00	0.00	0.00	0.00	0.00	7.76	87.65	8.04	12.43	802	5160	490	0	0	0	0	0	6452	152.79	8.18	5.54	27.64	7.76	25.99	10.99	1.79	38.08	11.85
8/15/2019 8:20:42 AM	1.40	4.96	1.10	0.00	0.00	0.00	0.00	0.00	7.47	87.76	8.12	12.50	744	4964	495	0	0	0	0	0	6204	152.97	7.98	5.31	26.53	7.53	25.24	10.61	1.80	38.01	11.87
8/15/2019 8:20:44 AM	1.26	4.97	1.04	0.00	0.00	0.00	0.00	0.01	7.28	87.96	8.20	12.31	670	4975	468	0	0	0	0	0	6113	153.32	7.81	5.32	26.62	7.38	24.88	9.97	1.80	37.95	11.85
8/15/2019 8:20:47 AM	1.72	5.21	1.05	0.00	0.00	0.00	0.00	0.00	7.98	87.69	8.28	12.11	911	5213	472	0	0	0	0	0	6595	152.84	8.25	5.63	28.34	7.85	26.02	11.56	1.81	37.89	11.84
8/15/2019 8:20:49 AM	1.25	4.97	1.02	0.00	0.00	0.00	0.00	0.02	7.24	88.02	8.36	12.05	660	4974	459	0	0	0	0	0	6094	153.43	7.77	5.30	26.47	7.44	24.96	9.92	1.82	37.82	11.83
8/15/2019 8:20:51 AM	1.20	4.96	0.99	0.00	0.00	0.00	0.00	0.01	7.15	87.42	8.47	12.13	636	4963	446	0	0	0	0	0	6044	152.37	7.64	5.30	26.43	7.20	24.74	9.55	1.83	37.75	11.81
8/15/2019 8:20:54 AM	1.36	5.08	1.02	0.00	0.00	0.00	0.00	0.00	7.46	87.72	8.57	12.17	722	5076	459	0	0	0	0	0	6257	152.91	7.89	5.39	27.25	7.43	25.24	10.14	1.84	37.69	11.81
8/15/2019 8:20:56 AM	1.29	5.08	0.97	0.00	0.00	0.00	0.00	0.01	7.34	87.80	8.65	11.96	685	5078	437	0	0	0	0	0	6200	153.04	7.74	5.39	27.11	7.34	25.17	9.76	1.85	37.61	11.82
8/15/2019 8:20:59 AM	1.29	5.04	1.05	0.00	0.00	0.00	0.00	0.01	7.39	87.87	8.74	11.98	683	5045	473	0	0	0	0	0	6201	153.17	7.87	5.46	26.84	7.42	25.32	10.07	1.86	37.55	11.82
8/15/2019 8:21:01 AM	1.32	5.02	1.01	0.00	0.00	0.00	0.00	0.00	7.35	87.90	8.83	11.91	701	5019	454	0	0	0	0	0	6174	153.21	7.79	5.38	26.85	7.37	25.04	9.98	1.87	37.49	11.79
8/15/2019 8:21:03 AM	1.40	4.95	1.11	0.00	0.00	0.00	0.00	0.00	7.46	87.79	8.94	11.77	745	4953	498	0	0	0	0	0	6195	153.02	7.97	5.42	26.48	7.53	25.18	10.63	1.88	37.41	11.81
8/15/2019 8:21:06 AM	1.31	4.96	1.12	0.00	0.00	0.00	0.00	0.01	7.39	87.86	9.07	11.83	696	4956	506	0	0	0	0	0	6158	153.14	8.00	5.30	26.43	7.54	25.18	10.46	1.89	37.37	11.79
8/15/2019 8:21:08 AM	1.14	4.89	1.08	0.00	0.00	0.00	0.00	0.04	7.11	87.69	9.16	11.82	602	4894	484	0	0	0	0	0	5980	152.86	7.81	5.25	25.99	7.48	24.69	9.92	1.90	37.28	11.79
8/15/2019 8:21:10 AM	1.48	5.06	1.05	0.00	0.00	0.00	0.00	0.00	7.60	87.92	9.23	11.89	787	5059	475	0	0	0	0	0	6320	153.26	8.00	5.50	27.17	7.66	25.43	10.68	1.90	37.23	11.79
8/15/2019 8:21:13 AM	1.27	5.03	1.12	0.00	0.00	0.00	0.00	0.03	7.42	87.77	9.31	11.90	673	5028	505	0	0	0	0	0	6206	152.99	8.09	5.45	26.79	7.77	25.38	10.53	1.91	37.16	11.78
8/15/2019 8:21:15 AM	1.50	5.02	1.10	0.00	0.00	0.00	0.00	0.00	7.62	87.75	9.40	11.93	794	5025	494	0	0	0	0	0	6312	152.96	8.08	5.43	27.02	7.66	25.42	10.93	1.92	37.08	11.76
8/15/2019 8:21:18 AM	1.27	4.98	1.05	0.00	0.00	0.00	0.00	0.02	7.30	87.53	9.47	11.86	674	4978	472	0	0	0	0	0	6124	152.57	7.85	5.27	26.31	7.54	25.28	10.15	1.93	37.02	11.75
8/15/2019 8:21:20 AM	1.42	5.05	1.11	0.00	0.00	0.00	0.00	0.02	7.58	87.62	9.50	11.84	754	5047	498	0	0	0	0	0	6299	152.72	8.15	5.49	27.09	7.91	25.45	10.91	1.93	36.97	11.74
8/15/2019 8:21:22 AM	1.44	5.04	1.17	0.00	0.00	0.00	0.00	0.01	7.64	87.73	9.53	11.99	762	5036	526	0	0	0	0	0	6323	152.92	8.26	5.39	26.93	7.92	25.68	11.14	1.93	36.91	11.74
8/15/2019 8:21:25 AM	1.49	5.01	1.02	0.00	0.00	0.00	0.00	0.02	7.52	87.84	9.59	12.07	790	5009	458	0	0	0	0	0	6257	153.11	7.95	5.32	26.89	7.79	25.27	10.69	1.94	36.84	11.74
8/15/2019 8:21:27 AM	1.61	5.10	1.25	0.00	0.00	0.00	0.00	0.00	7.95	87.49	9.69	12.06	852	5097	560	0	0	0	0	0	6510	152.49	8.54	5.56	27.16	8.22	26.43	11.96	1.95	36.78	11.73
8/15/2019 8:21:30 AM	2.04	5.36	1.03	0.00	0.00	0.00	0.00	0.00	8.43	87.22	9.78	12.08	1084	5356	462	0	0	0	0	0	6902	152.02	8.55	5.79	29.52	8.47	26.58	12.53	1.96	36.73	11.74
8/15/2019 8:21:32 AM	1.52	4.99	1.07	0.00	0.00	0.00	0.00	0.01	7.57	87.72	9.83	12.00	803	4994	479	0	0	0	0	0	6276	152.91	8.02	5.43	26.96	7.77	25.16	10.87	1.96	36.66	11.70
8/15/2019 8:21:34 AM	1.81	5.16	1.00	0.00	0.00	0.00	0.00	0.00	7.97	87.76	9.86	12.06	960	5160	451	0	0	0	0	0	6571	152.98	8.20	5.53	28.24	8.10	25.68	11.54	1.97	36.61	11.70
8/15/2019 8:21:37 AM	1.61	4.94	1.12	0.00	0.00	0.00	0.00	0.02	7.66	86.83	9.91	12.25	852	4936	504	0	0	0	0	0	6292	151.35	8.20	5.33	26.79	8.05	25.13	11.47	1.97	36.54	11.67
8/15/2019 8:21:39 AM	1.45	4.93	1.14	0.00	0.00	0.00	0.00	0.01	7.52	87.72	9.94	12.30	768	4934	512	0	0	0	0	0	6215	152.90	8.12	5.36	26.67	7.79	24.99	10.99	1.97	36.46	11.70
8/15/2019 8:21:41 AM	1.42	4.94	1.20	0.00	0.00	0.00	0.00	0.01	7.56	87.26	9.96	12.28	752	4944	538	0	0	0	0	0	6235	152.11	8.24	5.35	26.53	7.86	25.31	11.17	1.98	36.42	11.69
8/15/2019 8:21:44 AM	1.60	5.04	1.02	0.00	0.00	0.00	0.00	0.03	7.66	87.48	10.05	12.15	848	5039	459	0	0	0	0	0	6346	152.48	8.06	5.48	27.17	8.08	25.42	11.15	1.99	36.34	11.67
8/15/2019 8:21:46 AM	1.24	4.99	1.09	0.00	0.00	0.00	0.00	0.05	7.32	87.61	10.17	11.96	658	4993	490	0	0	0	0	0	6141	152.71	8.03	5.30	26.64	7.86	25.14	10.44	2.00	36.29	11.70
8/15/2019 8:21:49 AM	1.51	5.11	1.05	0.00	0.00	0.00	0.00	0.02	7.67	87.71	10.24	11.82	803	5107	474	0	0	0	0	0	6383	152.89	8.10	5.59	27.40	7.90	25.68	10.91	2.00	36.25	11.68
8/15/2019 8:21:51 AM	1.36	4.96	1.01	0.00	0.00	0.00	0.00	0.03	7.33	87.74	10.33	11.83	719	4964	452	0	0	0	0	0	6135	152.93	7.80	5.34	26.40	7.64	25.12	10.27	2.01	36.17	11.64
8/15/2019 8:21:53 AM	1.41	4.96	1.19	0.00	0.00	0.00	0.00	0.02	7.57	87.76	10.41	11.84	746	4964	538	0	0	0	0	0	6247	152.98	8.24	5.49	26.62	7.88	25.34	11.14	2.02	36.11	11.66
8/15/2019 8:21:56 AM	4.79	8.02	2.21	0.00	0.00	0.00	0.00	0.00	15.02	83.60	10.43	11.73	2538	8020	996	0	0	0	0	0	11555	145.72	14.51	7.26	43.91	11.07	43.77	29.74	2.02	36.05	11.64
8/15/2019 8:21:58 AM	2.96	7.93	3.36	0.00	0.00	0.00	0.00	0.00	14.25	87.00	10.52	11.82	1571	7927	1510	0	0	0	0	0	11009	151.65	16.15	8.96	43.82	11.44	41.88	28.43	2.03	35.98	11.62
