Date/Time	Green Algae	Bluegreen	Diatoms	Cryptophyta	#5	#6	#7	Yellow substances	Total conc.	Transmission	Depth	Temp. Sample	Green Algae	Bluegreen	Diatoms	Cryptophyta	#5	#6	#7	Yellow substances	Total cell count	Trans. 700 nm	LED 3 [525 nm]	LED 4 [570 nm]	LED 5 [610 nm]	LED 6 [370 nm]	LED 7 [590 nm]	LED 8 [470 nm]	Pressure	Temp. LEDs	Temp. Sensor
date	µg/l	µg/l	µg/l	µg/l	µg/l	µg/l	µg/l	r.u.	µg/l	%	m	°C	cells/ml	cells/ml	cells/ml	cells/ml	cells/ml	cells/ml	cells/ml	r.u.	cells/ml	digits	digits	digits	digits	digits	digits	digits	bar	°C	°C
8/14/2019 5:10:37 PM	11.35	9.20	2.35	0.00	0.00	0.00	0.00	0.13	22.90	62.74	0.20	27.93	6017	9198	1058	0	0	0	0	0	16273	109.39	20.65	10.82	54.23	28.38	54.08	50.54	1.02	43.73	13.81
8/14/2019 5:10:40 PM	12.92	9.81	2.15	0.00	0.00	0.00	0.00	0.00	24.88	68.74	0.34	27.88	6847	9815	967	0	0	0	0	0	17629	119.85	21.28	10.78	58.77	28.61	57.19	54.16	1.03	43.82	13.80
8/14/2019 5:10:42 PM	11.89	10.00	2.72	0.00	0.00	0.00	0.00	0.00	24.61	72.05	0.44	27.77	6303	9998	1226	0	0	0	0	0	17527	125.61	22.22	10.57	59.08	28.26	58.04	53.46	1.04	43.88	13.83
8/14/2019 5:10:44 PM	12.89	10.32	1.95	0.00	0.00	0.00	0.00	0.05	25.15	71.50	0.53	27.67	6829	10322	876	0	0	0	0	0	18027	124.65	21.45	10.59	60.37	29.91	59.58	53.42	1.05	43.95	13.82
8/14/2019 5:10:47 PM	12.81	10.32	1.96	0.29	0.00	0.00	0.00	0.05	25.37	73.29	0.61	27.58	6789	10316	880	9	0	0	0	0	17993	127.76	22.18	11.98	60.57	30.24	60.86	54.43	1.06	44.02	13.84
8/14/2019 5:10:49 PM	13.39	11.01	2.21	0.00	0.00	0.00	0.00	0.04	26.62	76.74	0.69	27.46	7099	11011	996	0	0	0	0	0	19105	133.77	22.86	12.09	64.20	31.49	63.02	56.36	1.07	44.10	13.85
8/14/2019 5:10:52 PM	13.71	10.74	2.59	0.00	0.00	0.00	0.00	0.01	27.03	77.52	0.79	27.30	7265	10740	1163	0	0	0	0	0	19168	135.14	23.65	11.68	63.49	32.02	62.71	58.65	1.08	44.16	13.85
8/14/2019 5:10:54 PM	13.45	10.98	2.70	0.19	0.00	0.00	0.00	0.00	27.32	78.96	0.88	27.01	7127	10979	1216	6	0	0	0	0	19329	137.65	24.49	12.02	64.32	32.03	65.09	59.33	1.09	44.25	13.85
8/14/2019 5:10:56 PM	13.77	11.48	2.64	0.00	0.00	0.00	0.00	0.00	27.89	79.00	0.94	26.77	7298	11477	1187	0	0	0	0	0	19962	137.70	24.35	12.41	67.21	32.17	65.70	59.50	1.09	44.30	13.87
8/14/2019 5:10:59 PM	13.84	11.70	2.75	0.00	0.00	0.00	0.00	0.00	28.28	79.69	1.01	26.68	7333	11698	1236	0	0	0	0	0	20268	138.92	24.76	13.31	67.88	32.82	67.17	60.19	1.10	44.37	13.87
8/14/2019 5:11:01 PM	14.10	11.64	2.87	0.00	0.00	0.00	0.00	0.02	28.62	78.83	1.08	26.62	7475	11641	1293	0	0	0	0	0	20410	137.42	25.41	12.33	68.22	33.95	67.18	61.64	1.11	44.44	13.88
8/14/2019 5:11:03 PM	14.77	12.17	2.63	0.00	0.00	0.00	0.00	0.00	29.57	78.52	1.14	26.58	7830	12167	1182	0	0	0	0	0	21179	136.88	25.46	13.69	70.62	34.55	69.83	62.72	1.11	44.51	13.89
8/14/2019 5:11:06 PM	14.36	12.46	2.79	0.00	0.00	0.00	0.00	0.03	29.60	78.72	1.18	26.55	7611	12457	1253	0	0	0	0	0	21321	137.22	26.08	13.04	72.40	34.87	70.35	62.41	1.12	44.56	13.91
8/14/2019 5:11:08 PM	13.73	12.44	3.32	0.00	0.00	0.00	0.00	0.00	29.49	78.71	1.22	26.48	7277	12437	1495	0	0	0	0	0	21209	137.21	26.81	12.91	71.50	34.39	71.21	62.55	1.12	44.63	13.91
8/14/2019 5:11:11 PM	14.16	12.42	2.94	0.00	0.00	0.00	0.00	0.07	29.52	78.52	1.27	26.40	7503	12420	1325	0	0	0	0	0	21248	136.87	26.28	13.69	71.46	35.24	70.94	62.79	1.12	44.69	13.91
8/14/2019 5:11:13 PM	14.82	12.76	2.50	0.00	0.00	0.00	0.00	0.06	30.09	78.11	1.31	26.30	7857	12760	1126	0	0	0	0	0	21743	136.16	25.97	13.44	73.79	35.56	71.80	62.98	1.13	44.76	13.92
8/14/2019 5:11:15 PM	14.51	13.33	3.58	0.00	0.00	0.00	0.00	0.00	31.42	78.56	1.36	26.16	7691	13330	1610	0	0	0	0	0	22632	136.95	28.61	14.44	76.77	36.66	75.46	66.47	1.13	44.81	13.95
8/14/2019 5:11:18 PM	15.82	14.18	3.81	0.00	0.00	0.00	0.00	0.05	33.81	78.14	1.41	26.03	8383	14182	1713	0	0	0	0	0	24278	136.21	30.72	15.76	81.71	40.13	80.63	72.29	1.14	44.87	13.92
8/14/2019 5:11:20 PM	17.00	14.20	3.33	0.46	0.00	0.00	0.00	0.04	34.99	78.65	1.46	25.80	9008	14197	1500	14	0	0	0	0	24719	137.11	31.72	15.91	82.88	41.71	83.57	75.95	1.14	44.93	13.93
8/14/2019 5:11:23 PM	16.32	13.77	4.06	0.00	0.00	0.00	0.00	0.04	34.16	78.89	1.50	25.54	8652	13772	1827	0	0	0	0	0	24251	137.52	31.36	15.34	81.01	40.97	79.16	74.88	1.15	45.00	13.95
8/14/2019 5:11:25 PM	16.91	13.36	3.83	0.00	0.00	0.00	0.00	0.07	34.10	78.88	1.54	25.17	8961	13359	1724	0	0	0	0	0	24044	137.51	30.84	15.06	79.06	41.34	78.05	75.81	1.15	45.05	13.95
8/14/2019 5:11:27 PM	17.26	12.84	4.03	0.00	0.00	0.00	0.00	0.02	34.13	79.78	1.58	24.83	9146	12841	1814	0	0	0	0	0	23800	139.07	30.99	15.27	77.86	41.34	75.56	77.26	1.16	45.11	13.99
8/14/2019 5:11:30 PM	17.03	12.27	3.86	0.00	0.00	0.00	0.00	0.07	33.16	79.59	1.65	24.70	9027	12267	1737	0	0	0	0	0	23032	138.75	30.07	15.17	75.26	40.75	72.37	75.95	1.16	45.18	13.98
8/14/2019 5:11:32 PM	17.29	10.94	3.68	0.00	0.00	0.00	0.00	0.13	31.90	80.82	1.70	24.55	9163	10936	1655	0	0	0	0	0	21755	140.89	28.87	13.11	68.55	40.43	67.80	76.04	1.17	45.24	13.99
8/14/2019 5:11:34 PM	17.78	10.66	3.49	0.01	0.00	0.00	0.00	0.19	31.95	80.83	1.72	24.43	9423	10663	1572	0	0	0	0	0	21658	140.90	28.63	13.19	67.21	41.26	67.33	77.27	1.17	45.28	13.98
8/14/2019 5:11:37 PM	17.68	10.55	3.58	0.00	0.00	0.00	0.00	0.18	31.81	80.86	1.77	24.46	9369	10551	1610	0	0	0	0	0	21531	140.96	28.64	13.11	67.03	41.03	66.43	77.12	1.17	45.34	13.98
8/14/2019 5:11:39 PM	17.62	10.36	3.84	0.00	0.00	0.00	0.00	0.17	31.82	80.99	1.82	24.41	9336	10355	1730	0	0	0	0	0	21421	141.18	29.03	12.88	65.98	41.11	66.25	77.93	1.18	45.39	14.00
8/14/2019 5:11:42 PM	17.55	10.14	3.95	0.00	0.00	0.00	0.00	0.18	31.64	81.13	1.88	24.41	9299	10138	1779	0	0	0	0	0	21216	141.42	29.09	12.78	65.09	41.12	65.36	78.18	1.18	45.44	14.00
8/14/2019 5:11:44 PM	17.48	9.88	3.76	0.19	0.00	0.00	0.00	0.19	31.31	80.97	1.94	24.41	9264	9876	1692	6	0	0	0	0	20838	141.15	29.00	12.83	64.12	40.97	64.73	77.98	1.19	45.49	14.02
8/14/2019 5:11:46 PM	17.75	9.28	3.98	0.00	0.00	0.00	0.00	0.17	31.01	81.41	1.99	24.34	9409	9279	1792	0	0	0	0	0	20480	141.92	28.64	12.23	62.29	40.83	61.00	78.67	1.19	45.54	14.05
8/14/2019 5:11:49 PM	17.93	9.09	3.84	0.00	0.00	0.00	0.00	0.17	30.87	81.42	2.04	24.26	9505	9093	1730	0	0	0	0	0	20328	141.93	28.27	12.07	61.54	40.70	60.14	78.57	1.20	45.59	14.05
8/14/2019 5:11:51 PM	17.94	9.22	3.80	0.00	0.00	0.00	0.00	0.22	30.95	81.76	2.08	24.23	9509	9215	1709	0	0	0	0	0	20433	142.51	28.38	12.07	62.01	41.18	60.72	78.79	1.20	45.63	14.05
8/14/2019 5:11:54 PM	18.08	8.60	3.92	0.00	0.00	0.00	0.00	0.21	30.59	81.94	2.11	24.24	9584	8596	1762	0	0	0	0	0	19942	142.83	28.16	11.83	59.09	41.03	58.70	79.50	1.21	45.68	14.06
8/14/2019 5:11:56 PM	18.15	7.49	3.90	0.00	0.00	0.00	0.00	0.22	29.54	82.05	2.14	24.26	9619	7490	1756	0	0	0	0	0	18866	143.03	27.27	10.99	54.05	40.40	54.20	79.39	1.21	45.75	14.06
8/14/2019 5:11:58 PM	17.81	7.84	4.23	0.00	0.00	0.00	0.00	0.28	29.88	82.12	2.16	24.30	9440	7839	1903	0	0	0	0	0	19183	143.15	28.30	11.24	55.56	41.33	55.95	80.32	1.21	45.77	14.06
8/14/2019 5:12:01 PM	17.95	8.24	3.94	0.00	0.00	0.00	0.00	0.20	30.13	81.45	2.18	24.38	9514	8242	1771	0	0	0	0	0	19527	141.97	27.83	11.46	57.66	40.47	56.84	78.93	1.21	45.82	14.09
8/14/2019 5:12:03 PM	18.66	7.90	3.81	0.00	0.00	0.00	0.00	0.21	30.37	81.67	2.22	24.37	9889	7898	1716	0	0	0	0	0	19503	142.36	27.70	11.03	56.23	41.17	56.29	80.68	1.22	45.88	14.07
8/14/2019 5:12:05 PM	18.96	7.88	3.85	0.00	0.00	0.00	0.00	0.23	30.69	81.72	2.24	24.28	10047	7883	1734	0	0	0	0	0	19665	142.45	28.03	11.38	57.03	41.83	55.89	81.94	1.22	45.90	14.10
8/14/2019 5:12:08 PM	17.84	7.56	4.07	0.01	0.00	0.00	0.00	0.30	29.46	82.10	2.27	24.19	9453	7556	1830	0	0	0	0	0	18839	143.11	27.72	11.11	54.09	41.05	54.67	79.75	1.22	45.95	14.10
8/14/2019 5:12:10 PM	17.80	6.48	3.82	0.00	0.00	0.00	0.00	0.28	28.10	82.35	2.31	24.14	9434	6478	1720	0	0	0	0	0	17632	143.54	26.17	10.05	48.97	39.56	49.77	78.02	1.23	46.00	14.11
8/14/2019 5:12:13 PM	17.14	6.05	3.82	0.16	0.00	0.00	0.00	0.37	27.17	82.52	2.36	23.97	9083	6046	1720	5	0	0	0	0	16854	143.84	26.18	9.76	46.88	39.55	48.12	77.22	1.23	46.03	14.11
8/14/2019 5:12:15 PM	17.06	5.61	3.72	0.26	0.00	0.00	0.00	0.35	26.65	82.80	2.41	23.88	9042	5611	1672	8	0	0	0	0	16334	144.32	25.77	9.55	45.01	38.89	46.41	76.62	1.24	46.06	14.13
8/14/2019 5:12:17 PM	17.07	6.04	4.03	0.00	0.00	0.00	0.00	0.35	27.14	82.51	2.44	23.95	9045	6045	1812	0	0	0	0	0	16902	143.83	26.09	9.67	47.15	39.26	47.05	76.97	1.24	46.10	14.12
8/14/2019 5:12:20 PM	17.81	6.09	3.83	0.00	0.00	0.00	0.00	0.27	27.73	82.45	2.47	24.06	9437	6095	1724	0	0	0	0	0	17256	143.72	25.90	9.50	47.62	39.18	47.81	77.85	1.24	46.14	14.14
8/14/2019 5:12:22 PM	17.61	5.88	4.17	0.00	0.00	0.00	0.00	0.28	27.66	82.52	2.51	24.14	9332	5881	1877	0	0	0	0	0	17090	143.84	26.42	9.57	46.53	39.48	47.43	78.77	1.25	46.20	14.14
8/14/2019 5:12:24 PM	17.31	6.05	4.16	0.00	0.00	0.00	0.00	0.33	27.51	82.54	2.57	24.09	9172	6045	1870	0	0	0	0	0	17088	143.88	26.46	9.86	47.14	39.65	47.73	78.18	1.25	46.21	14.15
8/14/2019 5:12:27 PM	17.27	6.36	3.94	0.00	0.00	0.00	0.00	0.31	27.57	82.44	2.62	23.89	9151	6364	1772	0	0	0	0	0	17287	143.70	26.18	9.98	48.69	39.30	48.40	77.06	1.26	46.26	14.14
8/14/2019 5:12:29 PM	16.48	5.57	4.02	0.15	0.00	0.00	0.00	0.36	26.22	82.51	2.67	23.82	8735	5572	1807	5	0	0	0	0	16119	143.82	25.80	9.25	44.34	38.44	45.76	75.66	1.26	46.28	14.17
8/14/2019 5:12:32 PM	16.71	5.69	3.87	0.00	0.00	0.00	0.00	0.36	26.26	82.29	2.72	23.81	8854	5686	1740	0	0	0	0	0	16280	143.45	25.19	9.29	44.79	38.29	45.37	75.06	1.27	46.32	14.16
8/14/2019 5:12:34 PM	16.34	5.64	3.99	0.29	0.00	0.00	0.00	0.31	26.26	82.64	2.77	23.59	8662	5641	1794	9	0	0	0	0	16106	144.05	25.99	9.87	44.97	38.01	46.17	75.34	1.27	46.35	14.17
8/14/2019 5:12:36 PM	15.38	5.55	4.32	0.00	0.00	0.00	0.00	0.31	25.25	82.83	2.78	23.42	8151	5548	1945	0	0	0	0	0	15644	144.38	25.20	10.22	43.94	36.65	43.47	72.41	1.27	46.36	14.19
8/14/2019 5:12:39 PM	15.99	5.21	3.73	0.00	0.00	0.00	0.00	0.30	24.93	82.73	2.82	23.42	8475	5213	1677	0	0	0	0	0	15365	144.20	23.89	8.75	42.02	36.05	42.43	71.50	1.28	46.40	14.18
8/14/2019 5:12:41 PM	14.80	4.49	3.11	0.00	0.00	0.00	0.00	0.33	22.41	82.76	2.87	23.45	7845	4491	1401	0	0	0	0	0	13737	144.27	21.18	7.64	36.91	33.06	38.01	64.98	1.28	46.44	14.20
8/14/2019 5:12:44 PM	13.02	3.76	2.70	0.38	0.00	0.00	0.00	0.37	19.85	83.05	2.94	23.21	6900	3756	1213	11	0	0	0	0	11880	144.77	19.82	7.20	32.64	30.37	34.42	59.19	1.29	46.46	14.20
8/14/2019 5:12:46 PM	12.66	3.42	2.02	0.27	0.00	0.00	0.00	0.37	18.36	83.51	3.03	22.96	6711	3416	908	8	0	0	0	0	11042	145.57	17.33	6.64	29.97	28.24	31.36	54.44	1.30	46.50	14.20
8/14/2019 5:12:48 PM	12.91	3.55	2.40	0.00	0.00	0.00	0.00	0.35	18.85	83.50	3.10	22.40	6840	3549	1078	0	0	0	0	0	11467	145.55	17.60	6.74	30.67	28.67	31.27	55.60	1.30	46.50	14.22
8/14/2019 5:12:51 PM	11.80	3.10	2.11	0.35	0.00	0.00	0.00	0.38	17.37	83.65	3.19	21.75	6256	3102	949	11	0	0	0	0	10317	145.82	17.08	6.45	28.15	27.23	29.71	52.46	1.31	46.53	14.22
8/14/2019 5:12:53 PM	10.19	2.35	1.56	1.07	0.00	0.00	0.00	0.38	15.17	83.78	3.26	21.57	5403	2352	700	32	0	0	0	0	8488	146.03	16.44	6.28	24.55	24.70	27.41	47.77	1.32	46.55	14.20
8/14/2019 5:12:55 PM	9.32	2.14	1.47	1.11	0.00	0.00	0.00	0.36	14.03	84.27	3.33	21.62	4938	2139	661	33	0	0	0	0	7772	146.89	15.59	5.98	22.85	22.96	25.80	44.47	1.33	46.57	14.23
8/14/2019 5:12:58 PM	9.55	2.26	1.42	1.07	0.00	0.00	0.00	0.41	14.30	83.84	3.40	21.33	5060	2263	637	32	0	0	0	0	7992	146.15	15.72	6.29	23.58	23.74	26.24	45.27	1.33	46.58	14.24
8/14/2019 5:13:00 PM	9.34	2.51	2.06	0.50	0.00	0.00	0.00	0.40	14.40	83.61	3.45	20.81	4948	2506	926	15	0	0	0	0	8395	145.75	15.49	6.16	23.89	23.60	25.40	44.90	1.34	46.61	14.24
8/14/2019 5:13:03 PM	7.47	2.02	1.62	0.79	0.00	0.00	0.00	0.42	11.90	84.01	3.49	20.69	3957	2019	731	24	0	0	0	0	6730	146.44	13.92	5.49	20.31	20.56	22.55	38.27	1.34	46.59	14.24
8/14/2019 5:13:05 PM	6.38	1.71	1.20	1.07	0.00	0.00	0.00	0.44	10.36	84.17	3.52	20.90	3383	1705	539	32	0	0	0	0	5660	146.71	12.94	5.25	18.23	18.77	20.97	34.22	1.35	46.61	14.25
8/14/2019 5:13:07 PM	6.59	1.93	1.40	0.95	0.00	0.00	0.00	0.43	10.87	84.36	3.56	20.75	3493	1929	631	29	0	0	0	0	6082	147.06	13.32	5.30	19.28	19.22	21.88	35.21	1.35	46.63	14.25
8/14/2019 5:13:10 PM	6.75	2.19	1.33	1.27	0.00	0.00	0.00	0.39	11.55	84.19	3.61	20.63	3576	2194	599	38	0	0	0	0	6408	146.75	14.37	6.08	21.31	19.72	24.24	36.61	1.35	46.64	14.25
8/14/2019 5:13:12 PM	6.37	2.08	1.23	1.58	0.00	0.00	0.00	0.38	11.25	84.16	3.65	20.71	3374	2081	553	47	0	0	0	0	6055	146.70	14.72	6.37	21.11	19.30	24.48	36.11	1.36	46.65	14.26
8/14/2019 5:13:15 PM	6.61	2.12	1.17	1.61	0.00	0.00	0.00	0.36	11.51	83.89	3.69	20.78	3501	2116	528	48	0	0	0	0	6194	146.23	14.81	6.61	21.54	19.49	24.80	36.69	1.36	46.66	14.25
8/14/2019 5:13:17 PM	5.97	2.21	1.16	1.84	0.00	0.00	0.00	0.36	11.17	83.68	3.72	20.52	3163	2209	521	55	0	0	0	0	5948	145.87	15.18	6.69	21.85	18.97	25.65	35.55	1.36	46.65	14.26
8/14/2019 5:13:19 PM	6.16	3.04	2.08	1.51	0.00	0.00	0.00	0.30	12.79	83.49	3.76	20.18	3265	3037	937	45	0	0	0	0	7283	145.53	16.98	7.89	26.06	20.32	28.69	38.64	1.37	46.67	14.27
8/14/2019 5:13:22 PM	6.18	3.05	2.02	1.93	0.00	0.00	0.00	0.28	13.19	83.46	3.82	20.08	3275	3055	910	58	0	0	0	0	7298	145.49	18.11	8.47	27.07	20.72	30.35	40.07	1.37	46.68	14.27
8/14/2019 5:13:24 PM	4.58	3.79	2.26	2.77	0.00	0.00	0.00	0.28	13.39	83.10	3.85	19.46	2428	3789	1015	83	0	0	0	0	7315	144.85	20.98	10.18	31.22	20.95	35.66	39.96	1.38	46.69	14.27
8/14/2019 5:13:26 PM	4.77	3.72	2.15	3.19	0.00	0.00	0.00	0.33	13.83	82.66	3.90	19.52	2530	3719	967	96	0	0	0	0	7312	144.08	22.22	10.71	31.96	22.19	37.10	42.30	1.38	46.67	14.26
8/14/2019 5:13:29 PM	4.25	4.23	2.26	3.05	0.00	0.00	0.00	0.29	13.79	82.99	3.92	19.68	2250	4233	1015	92	0	0	0	0	7589	144.66	22.06	10.87	33.57	21.38	38.42	40.35	1.38	46.69	14.28
8/14/2019 5:13:31 PM	3.43	4.49	2.58	2.77	0.00	0.00	0.00	0.30	13.26	82.69	3.96	19.37	1816	4486	1162	83	0	0	0	0	7546	144.15	21.71	10.59	33.64	20.60	38.11	38.09	1.39	46.67	14.27
8/14/2019 5:13:34 PM	3.44	4.87	2.73	3.15	0.00	0.00	0.00	0.31	14.20	81.97	4.01	19.17	1822	4874	1230	94	0	0	0	0	8021	142.88	23.61	11.60	36.46	21.89	41.40	40.65	1.39	46.68	14.29
8/14/2019 5:13:36 PM	2.88	7.20	3.91	3.86	0.00	0.00	0.00	0.35	17.84	82.43	4.07	18.44	1525	7195	1761	116	0	0	0	0	10596	143.69	30.31	15.63	49.46	26.60	54.53	48.31	1.40	46.67	14.29
8/14/2019 5:13:38 PM	2.85	7.87	4.10	3.96	0.00	0.00	0.00	0.32	18.78	81.95	4.10	17.65	1509	7871	1843	119	0	0	0	0	11343	142.85	31.53	16.42	52.87	27.20	57.98	49.43	1.40	46.66	14.27
8/14/2019 5:13:41 PM	3.10	7.77	4.51	3.28	0.00	0.00	0.00	0.24	18.65	82.22	4.13	17.45	1641	7765	2030	98	0	0	0	0	11534	143.32	30.23	15.53	51.38	26.19	55.45	48.38	1.41	46.66	14.28
8/14/2019 5:13:43 PM	2.99	8.71	4.18	4.41	0.00	0.00	0.00	0.29	20.29	81.96	4.19	17.28	1585	8715	1879	132	0	0	0	0	12311	142.87	33.83	17.78	57.85	28.69	63.52	52.27	1.41	46.64	14.29
8/14/2019 5:13:46 PM	2.84	10.02	4.61	4.32	0.00	0.00	0.00	0.24	21.79	81.14	4.23	17.02	1504	10024	2074	129	0	0	0	0	13732	141.44	35.43	18.97	63.79	29.51	69.01	53.31	1.41	46.62	14.29
8/14/2019 5:13:48 PM	3.07	10.07	4.59	4.38	0.00	0.00	0.00	0.20	22.12	81.31	4.26	17.20	1629	10070	2067	131	0	0	0	0	13898	141.73	35.67	19.13	64.32	29.57	69.61	53.99	1.42	46.61	14.31
8/14/2019 5:13:50 PM	3.27	11.31	5.25	3.49	0.00	0.00	0.00	0.10	23.33	80.84	4.30	17.48	1732	11309	2364	105	0	0	0	0	15511	140.91	35.29	19.59	68.71	29.26	71.97	53.17	1.42	46.59	14.29
8/14/2019 5:13:53 PM	2.36	12.35	5.36	2.88	0.00	0.00	0.00	0.04	22.96	80.16	4.35	17.47	1253	12352	2414	86	0	0	0	0	16106	139.74	33.80	19.49	71.26	27.28	73.31	47.94	1.43	46.58	14.29
8/14/2019 5:13:55 PM	2.45	11.87	4.82	3.50	0.00	0.00	0.00	0.07	22.65	80.34	4.40	17.48	1301	11868	2170	105	0	0	0	0	15444	140.05	34.22	19.18	69.87	27.49	73.55	48.65	1.43	46.54	14.30
8/14/2019 5:13:57 PM	2.75	12.29	4.97	3.25	0.00	0.00	0.00	0.03	23.26	80.03	4.44	17.57	1459	12289	2236	97	0	0	0	0	16082	139.50	34.17	19.61	71.66	27.65	74.51	48.96	1.43	46.54	14.31
8/14/2019 5:14:00 PM	2.87	13.31	4.57	3.54	0.00	0.00	0.00	0.08	24.29	77.73	4.47	17.29	1523	13315	2055	106	0	0	0	0	16998	135.50	35.18	20.64	76.60	28.98	79.78	49.63	1.44	46.52	14.29
8/14/2019 5:14:02 PM	3.05	14.19	4.78	3.26	0.00	0.00	0.00	0.09	25.29	77.33	4.51	17.02	1619	14194	2152	98	0	0	0	0	18062	134.81	35.68	20.79	80.12	29.84	82.99	50.28	1.44	46.50	14.31
8/14/2019 5:14:05 PM	2.96	14.22	4.85	2.83	0.00	0.00	0.00	0.08	24.87	77.50	4.53	17.04	1570	14222	2184	85	0	0	0	0	18061	135.09	34.45	20.30	79.26	29.02	81.37	48.36	1.44	46.47	14.31
8/14/2019 5:14:07 PM	3.73	14.56	4.30	3.00	0.00	0.00	0.00	0.10	25.59	77.61	4.56	17.40	1976	14557	1934	90	0	0	0	0	18556	135.29	34.47	20.41	81.14	29.89	83.73	49.40	1.45	46.44	14.31
8/14/2019 5:14:09 PM	3.71	14.92	4.84	2.84	0.00	0.00	0.00	0.07	26.31	77.41	4.56	17.67	1967	14917	2178	85	0	0	0	0	19147	134.95	35.44	21.25	83.11	30.49	84.87	50.91	1.45	46.41	14.30
8/14/2019 5:14:12 PM	3.04	15.92	5.37	1.82	0.00	0.00	0.00	0.08	26.15	77.27	4.62	16.95	1612	15925	2415	55	0	0	0	0	20006	134.69	33.94	20.85	85.21	29.50	85.08	46.99	1.45	46.39	14.31
8/14/2019 5:14:14 PM	2.45	17.06	5.46	0.05	0.00	0.00	0.00	0.04	25.01	77.49	4.68	15.91	1300	17060	2455	1	0	0	0	0	20817	135.08	29.08	19.07	85.65	26.17	82.58	37.77	1.46	46.34	14.31
8/14/2019 5:14:16 PM	2.94	16.20	5.25	0.00	0.00	0.00	0.00	0.00	24.40	77.43	4.74	15.62	1558	16205	2364	0	0	0	0	0	20127	134.98	27.94	18.16	82.01	25.37	78.85	37.62	1.46	46.33	14.31
8/14/2019 5:14:19 PM	2.83	15.43	4.19	0.54	0.00	0.00	0.00	0.08	22.99	77.65	4.81	15.53	1501	15429	1886	16	0	0	0	0	18832	135.36	26.61	17.27	78.33	24.56	76.93	35.34	1.47	46.28	14.30
8/14/2019 5:14:21 PM	2.96	15.20	4.24	0.00	0.00	0.00	0.00	0.20	22.39	77.29	4.88	14.25	1567	15196	1907	0	0	0	0	0	18669	134.74	25.23	16.61	76.50	24.92	73.74	34.45	1.48	46.26	14.30
8/14/2019 5:14:24 PM	3.06	14.43	3.85	0.39	0.00	0.00	0.00	0.19	21.73	77.27	4.93	13.58	1621	14433	1732	12	0	0	0	0	17797	134.70	24.94	16.36	73.53	24.47	71.89	34.51	1.48	46.20	14.32
8/14/2019 5:14:26 PM	3.22	13.78	3.92	0.00	0.00	0.00	0.00	0.18	20.92	77.04	4.99	14.16	1706	13777	1765	0	0	0	0	0	17248	134.30	23.41	15.19	69.95	23.46	67.71	33.26	1.49	46.15	14.29
8/14/2019 5:14:28 PM	3.35	13.92	3.79	0.00	0.00	0.00	0.00	0.21	21.06	76.20	5.03	14.26	1774	13923	1705	0	0	0	0	0	17402	132.83	23.40	15.30	70.91	23.84	67.97	33.37	1.49	46.13	14.31
8/14/2019 5:14:31 PM	3.06	12.12	3.63	0.15	0.00	0.00	0.00	0.03	18.96	76.37	5.06	14.51	1620	12123	1633	4	0	0	0	0	15381	133.14	21.34	13.57	62.20	20.21	60.96	30.35	1.50	46.08	14.29
8/14/2019 5:14:33 PM	3.08	10.91	3.09	0.00	0.00	0.00	0.00	0.00	17.08	75.42	5.08	14.64	1634	10906	1390	0	0	0	0	0	13930	131.47	18.52	12.19	56.23	17.71	54.26	26.82	1.50	46.00	14.27
8/14/2019 5:14:36 PM	3.28	11.03	3.01	0.00	0.00	0.00	0.00	0.00	17.31	74.94	5.10	14.95	1738	11027	1353	0	0	0	0	0	14119	130.64	18.57	12.27	57.18	17.99	54.50	27.10	1.50	45.96	14.30
8/14/2019 5:14:38 PM	2.65	9.24	2.49	0.00	0.00	0.00	0.00	0.00	14.37	74.25	5.16	15.14	1402	9238	1120	0	0	0	0	0	11760	129.43	15.51	9.92	48.29	14.58	45.75	22.28	1.51	45.89	14.28
8/14/2019 5:14:40 PM	1.96	7.65	1.75	0.00	0.00	0.00	0.00	0.00	11.36	73.62	5.24	14.85	1037	7655	789	0	0	0	0	0	9480	128.35	12.02	8.63	40.30	11.12	37.14	16.31	1.51	45.87	14.29
8/14/2019 5:14:43 PM	3.95	7.17	1.77	0.00	0.00	0.00	0.00	0.00	12.89	72.96	5.30	13.88	2091	7166	798	0	0	0	0	0	10056	127.20	12.68	8.41	39.74	12.37	37.08	23.16	1.52	45.82	14.29
8/14/2019 5:14:45 PM	1.38	6.21	1.51	0.00	0.00	0.00	0.00	0.00	9.09	73.74	5.34	13.60	731	6207	678	0	0	0	0	0	7616	128.55	9.92	6.81	32.51	9.02	30.88	12.78	1.52	45.77	14.27
8/14/2019 5:14:47 PM	1.25	5.52	1.16	0.00	0.00	0.00	0.00	0.03	7.93	73.66	5.42	13.72	665	5523	521	0	0	0	0	0	6709	128.41	8.53	6.03	28.95	8.13	27.55	10.76	1.53	45.70	14.24
8/14/2019 5:14:50 PM	1.27	5.61	1.23	0.00	0.00	0.00	0.00	0.02	8.10	73.65	5.49	13.14	671	5610	553	0	0	0	0	0	6834	128.38	8.76	6.13	29.27	8.29	28.16	11.11	1.54	45.63	14.26
8/14/2019 5:14:52 PM	1.17	5.33	1.17	0.00	0.00	0.00	0.00	0.03	7.67	73.53	5.57	12.85	618	5335	525	0	0	0	0	0	6477	128.18	8.32	5.77	27.67	7.87	27.09	10.45	1.55	45.56	14.26
8/14/2019 5:14:55 PM	0.90	5.20	1.14	0.00	0.00	0.00	0.00	0.06	7.23	73.61	5.64	12.58	478	5196	511	0	0	0	0	0	6185	128.32	8.08	5.69	27.01	7.68	26.05	9.69	1.55	45.52	14.24
8/14/2019 5:14:57 PM	1.06	5.15	1.05	0.00	0.00	0.00	0.00	0.03	7.26	73.45	5.74	12.25	560	5147	473	0	0	0	0	0	6181	128.04	7.85	5.60	26.81	7.42	25.88	9.57	1.56	45.46	14.23
8/14/2019 5:14:59 PM	0.86	4.95	0.96	0.00	0.00	0.00	0.00	0.06	6.77	75.78	5.87	12.12	455	4952	433	0	0	0	0	0	5840	132.10	7.43	5.40	25.69	7.12	24.81	8.70	1.58	45.39	14.23
8/14/2019 5:15:02 PM	1.02	4.91	1.00	0.00	0.00	0.00	0.00	0.04	6.93	79.32	5.95	12.22	540	4907	449	0	0	0	0	0	5897	138.26	7.52	5.35	25.51	7.21	24.94	9.23	1.58	45.31	14.25
8/14/2019 5:15:04 PM	1.41	5.04	1.08	0.00	0.00	0.00	0.00	0.00	7.52	79.21	6.00	12.62	745	5037	486	0	0	0	0	0	6268	138.07	7.98	5.49	26.68	7.61	25.67	10.57	1.59	45.23	14.22
8/14/2019 5:15:07 PM	1.39	5.05	1.13	0.00	0.00	0.00	0.00	0.01	7.57	79.41	6.07	12.59	737	5049	510	0	0	0	0	0	6296	138.42	8.11	5.51	26.77	7.71	25.78	10.77	1.59	45.16	14.24
8/14/2019 5:15:09 PM	1.12	5.00	0.92	0.00	0.00	0.00	0.00	0.06	7.04	79.16	6.10	12.28	595	4998	413	0	0	0	0	0	6006	137.98	7.53	5.38	26.20	7.45	25.05	9.35	1.60	45.11	14.24
8/14/2019 5:15:11 PM	1.05	4.94	1.12	0.00	0.00	0.00	0.00	0.03	7.11	79.19	6.12	12.49	556	4936	504	0	0	0	0	0	5997	138.04	7.84	5.43	25.87	7.38	25.12	9.79	1.60	45.01	14.21
8/14/2019 5:15:14 PM	1.21	5.04	1.09	0.00	0.00	0.00	0.00	0.04	7.34	79.08	6.23	12.77	639	5041	491	0	0	0	0	0	6171	137.86	7.95	5.51	26.30	7.69	25.82	10.24	1.61	44.96	14.21
8/14/2019 5:15:16 PM	0.90	4.87	0.93	0.00	0.00	0.00	0.00	0.06	6.70	79.42	6.31	12.53	477	4865	420	0	0	0	0	0	5763	138.44	7.34	5.25	25.41	7.12	24.36	8.72	1.62	44.87	14.20
8/14/2019 5:15:18 PM	1.05	4.91	0.92	0.00	0.00	0.00	0.00	0.06	6.88	79.76	6.39	12.57	555	4908	415	0	0	0	0	0	5878	139.04	7.42	5.31	25.73	7.29	24.61	9.11	1.63	44.78	14.19
8/14/2019 5:15:21 PM	1.06	4.95	1.06	0.00	0.00	0.00	0.00	0.05	7.07	79.82	6.47	12.79	563	4945	476	0	0	0	0	0	5984	139.14	7.77	5.41	25.94	7.54	25.05	9.75	1.63	44.71	14.20
8/14/2019 5:15:23 PM	1.14	4.96	1.00	0.00	0.00	0.00	0.00	0.03	7.10	79.76	6.56	12.50	603	4959	450	0	0	0	0	0	6012	139.04	7.63	5.38	26.06	7.30	25.02	9.53	1.64	44.65	14.18
8/14/2019 5:15:26 PM	1.03	4.86	0.88	0.00	0.00	0.00	0.00	0.06	6.77	79.67	6.61	12.64	548	4856	397	0	0	0	0	0	5802	138.88	7.29	5.24	25.41	7.21	24.40	8.91	1.65	44.58	14.14
8/14/2019 5:15:28 PM	1.13	5.01	1.05	0.00	0.00	0.00	0.00	0.07	7.19	79.58	6.64	12.99	599	5009	473	0	0	0	0	0	6081	138.72	7.90	5.44	26.53	7.80	25.11	10.05	1.65	44.50	14.15
8/14/2019 5:15:30 PM	1.02	5.02	1.03	0.00	0.00	0.00	0.00	0.06	7.07	79.76	6.66	12.52	542	5019	463	0	0	0	0	0	6024	139.04	7.77	5.52	26.43	7.58	25.06	9.58	1.65	44.40	14.15
8/14/2019 5:15:33 PM	1.25	5.00	0.90	0.00	0.00	0.00	0.00	0.04	7.16	79.72	6.68	12.15	662	5003	407	0	0	0	0	0	6072	138.96	7.57	5.26	26.44	7.48	25.05	9.60	1.65	44.33	14.13
8/14/2019 5:15:35 PM	1.04	4.88	0.95	0.00	0.00	0.00	0.00	0.06	6.87	80.19	6.77	12.11	552	4884	427	0	0	0	0	0	5863	139.79	7.48	5.21	25.63	7.33	24.57	9.21	1.66	44.24	14.13
8/14/2019 5:15:37 PM	0.96	4.79	1.00	0.00	0.00	0.00	0.00	0.07	6.76	80.26	6.89	12.01	508	4794	452	0	0	0	0	0	5753	139.90	7.49	5.21	25.04	7.33	24.36	9.24	1.68	44.15	14.14
8/14/2019 5:15:40 PM	1.17	4.89	1.02	0.00	0.00	0.00	0.00	0.04	7.07	80.32	6.99	12.06	619	4890	457	0	0	0	0	0	5966	140.01	7.65	5.27	25.70	7.41	24.89	9.75	1.69	44.09	14.09
8/14/2019 5:15:42 PM	1.11	4.87	0.95	0.00	0.00	0.00	0.00	0.06	6.92	80.35	7.06	11.98	586	4870	426	0	0	0	0	0	5883	140.07	7.50	5.17	25.68	7.37	24.50	9.38	1.69	44.00	14.10
8/14/2019 5:15:45 PM	1.16	4.91	0.94	0.00	0.00	0.00	0.00	0.04	7.01	80.11	7.14	11.99	617	4911	422	0	0	0	0	0	5950	139.64	7.51	5.20	25.85	7.34	24.77	9.44	1.70	43.92	14.06
8/14/2019 5:15:47 PM	1.28	4.92	0.90	0.00	0.00	0.00	0.00	0.05	7.10	79.43	7.18	12.25	680	4920	405	0	0	0	0	0	6005	138.47	7.52	5.20	26.10	7.49	24.70	9.68	1.70	43.82	14.07
8/14/2019 5:15:49 PM	1.50	5.02	0.94	0.00	0.00	0.00	0.00	0.02	7.46	78.57	7.26	12.39	794	5019	423	0	0	0	0	0	6236	136.96	7.77	5.43	26.91	7.69	25.15	10.39	1.71	43.74	14.05
8/14/2019 5:15:52 PM	1.58	5.08	0.95	0.00	0.00	0.00	0.00	0.04	7.60	79.78	7.31	12.35	836	5078	427	0	0	0	0	0	6341	139.06	7.91	5.49	27.06	8.03	25.71	10.84	1.72	43.68	14.03
8/14/2019 5:15:54 PM	1.15	4.89	1.00	0.00	0.00	0.00	0.00	0.06	7.05	79.38	7.35	12.13	610	4894	452	0	0	0	0	0	5956	138.38	7.67	5.29	25.74	7.59	24.86	9.82	1.72	43.57	14.03
8/14/2019 5:15:57 PM	1.19	4.85	1.01	0.00	0.00	0.00	0.00	0.05	7.05	79.74	7.35	12.11	632	4850	455	0	0	0	0	0	5937	139.01	7.64	5.32	25.46	7.55	24.82	9.91	1.72	43.50	14.02
8/14/2019 5:15:59 PM	1.08	5.01	1.05	0.00	0.00	0.00	0.00	0.05	7.14	79.19	7.43	12.09	571	5014	472	0	0	0	0	0	6057	138.04	7.80	5.40	26.21	7.53	25.39	9.73	1.73	43.37	14.02
8/14/2019 5:16:01 PM	1.41	5.16	0.98	0.00	0.00	0.00	0.00	0.03	7.56	79.17	7.51	12.00	749	5163	441	0	0	0	0	0	6353	138.01	7.92	5.67	27.43	7.80	25.82	10.38	1.74	43.31	13.99
8/14/2019 5:16:04 PM	1.44	5.11	0.93	0.00	0.00	0.00	0.00	0.04	7.48	79.51	7.58	12.05	762	5107	420	0	0	0	0	0	6290	138.60	7.85	5.58	27.35	7.89	25.38	10.38	1.74	43.20	14.01
8/14/2019 5:16:06 PM	1.28	4.99	0.96	0.00	0.00	0.00	0.00	0.06	7.22	79.20	7.66	12.12	676	4988	432	0	0	0	0	0	6095	138.05	7.73	5.51	26.44	7.79	25.04	10.07	1.75	43.14	13.97
8/14/2019 5:16:08 PM	1.42	5.06	0.93	0.00	0.00	0.00	0.00	0.04	7.41	79.39	7.74	12.14	755	5056	418	0	0	0	0	0	6229	138.39	7.74	5.53	26.86	7.74	25.39	10.23	1.76	43.03	13.97
8/14/2019 5:16:11 PM	1.20	4.91	0.90	0.00	0.00	0.00	0.00	0.07	7.01	79.36	7.80	12.17	636	4911	405	0	0	0	0	0	5953	138.34	7.49	5.31	25.85	7.56	24.75	9.57	1.76	42.96	13.96
8/14/2019 5:16:13 PM	0.99	4.95	0.98	0.00	0.00	0.00	0.00	0.08	6.91	79.52	7.88	12.08	523	4951	440	0	0	0	0	0	5913	138.62	7.61	5.27	25.87	7.53	24.91	9.33	1.77	42.83	13.96
8/14/2019 5:16:16 PM	0.97	4.89	0.96	0.00	0.00	0.00	0.00	0.07	6.83	79.47	7.93	11.94	517	4893	433	0	0	0	0	0	5843	138.53	7.49	5.34	25.63	7.35	24.55	9.13	1.78	42.76	13.91
8/14/2019 5:16:18 PM	1.06	4.93	0.95	0.00	0.00	0.00	0.00	0.09	6.94	78.64	7.99	12.05	562	4927	430	0	0	0	0	0	5918	137.09	7.59	5.43	25.84	7.69	24.78	9.55	1.78	42.65	13.93
8/14/2019 5:16:20 PM	1.09	5.07	0.96	0.00	0.00	0.00	0.00	0.07	7.12	73.85	8.06	12.09	580	5067	430	0	0	0	0	0	6077	128.73	7.71	5.48	26.71	7.64	25.17	9.54	1.79	42.58	13.93
8/14/2019 5:16:23 PM	1.13	5.09	1.09	0.00	0.00	0.00	0.00	0.03	7.31	72.25	8.12	12.25	599	5091	489	0	0	0	0	0	6180	125.95	7.96	5.57	26.86	7.57	25.54	9.96	1.80	42.49	13.91
8/14/2019 5:16:25 PM	1.59	5.30	1.16	0.00	0.00	0.00	0.00	0.00	8.05	68.84	8.22	12.16	843	5303	522	0	0	0	0	0	6669	120.01	8.53	5.81	28.61	8.17	26.51	11.57	1.81	42.39	13.90
8/14/2019 5:16:28 PM	1.18	4.94	1.02	0.00	0.00	0.00	0.00	0.05	7.14	66.18	8.29	11.90	628	4936	457	0	0	0	0	0	6021	115.38	7.72	5.40	25.91	7.58	25.11	9.91	1.81	42.32	13.87
8/14/2019 5:16:30 PM	1.13	4.98	0.96	0.00	0.00	0.00	0.00	0.07	7.06	62.44	8.38	11.92	599	4977	430	0	0	0	0	0	6007	108.87	7.64	5.42	26.18	7.63	24.99	9.64	1.82	42.23	13.84
8/14/2019 5:16:32 PM	0.95	4.91	0.95	0.00	0.00	0.00	0.00	0.07	6.81	60.78	8.47	11.99	505	4909	426	0	0	0	0	0	5839	105.98	7.47	5.25	25.66	7.37	24.61	9.04	1.83	42.15	13.80
8/14/2019 5:16:35 PM	1.12	4.96	0.99	0.00	0.00	0.00	0.00	0.06	7.07	61.60	8.56	11.97	594	4957	446	0	0	0	0	0	5997	107.39	7.69	5.33	25.97	7.61	25.10	9.72	1.84	42.06	13.80
8/14/2019 5:16:37 PM	1.25	5.05	0.95	0.00	0.00	0.00	0.00	0.06	7.24	75.04	8.64	12.07	661	5046	427	0	0	0	0	0	6133	130.81	7.73	5.40	26.59	7.70	25.35	9.89	1.85	41.93	13.85
8/14/2019 5:16:39 PM	1.14	5.00	0.91	0.00	0.00	0.00	0.00	0.08	7.05	79.52	8.75	12.14	604	5001	409	0	0	0	0	0	6015	138.62	7.59	5.34	26.20	7.71	25.13	9.57	1.86	41.87	13.79
8/14/2019 5:16:42 PM	1.11	5.06	0.98	0.00	0.00	0.00	0.00	0.07	7.16	79.64	8.83	12.10	591	5060	443	0	0	0	0	0	6093	138.83	7.76	5.52	26.42	7.75	25.51	9.77	1.87	41.80	13.75
8/14/2019 5:16:44 PM	1.47	4.98	0.97	0.00	0.00	0.00	0.00	0.02	7.42	79.47	8.92	12.11	778	4979	436	0	0	0	0	0	6193	138.53	7.74	5.51	26.29	7.67	25.45	10.42	1.87	41.68	13.79
8/14/2019 5:16:47 PM	1.29	4.96	0.96	0.00	0.00	0.00	0.00	0.07	7.21	79.60	9.00	11.96	683	4964	432	0	0	0	0	0	6079	138.76	7.72	5.36	25.98	7.87	25.37	10.18	1.88	41.62	13.76
8/14/2019 5:16:49 PM	1.06	4.90	1.00	0.00	0.00	0.00	0.00	0.07	6.95	79.90	9.05	11.90	563	4897	448	0	0	0	0	0	5907	139.28	7.60	5.30	25.49	7.50	24.97	9.54	1.89	41.52	13.72
8/14/2019 5:16:51 PM	1.79	5.19	0.95	0.00	0.00	0.00	0.00	0.00	7.93	79.77	9.14	11.96	951	5191	427	0	0	0	0	0	6568	139.06	8.05	5.62	27.99	8.00	26.06	11.26	1.90	41.41	13.74
8/14/2019 5:16:54 PM	1.39	5.00	0.84	0.00	0.00	0.00	0.00	0.06	7.23	79.46	9.19	12.00	735	5003	376	0	0	0	0	0	6114	138.52	7.51	5.35	26.38	7.72	25.20	9.87	1.90	41.37	13.71
8/14/2019 5:16:56 PM	1.36	5.06	0.93	0.00	0.00	0.00	0.00	0.06	7.36	79.78	9.28	11.95	720	5064	420	0	0	0	0	0	6204	139.08	7.78	5.45	26.77	7.90	25.49	10.23	1.91	41.22	13.73
8/14/2019 5:16:58 PM	1.81	5.20	0.83	0.00	0.00	0.00	0.00	0.03	7.84	79.58	9.35	11.90	958	5197	374	0	0	0	0	0	6529	138.72	7.90	5.68	28.29	8.21	25.59	11.06	1.92	41.15	13.70
8/14/2019 5:17:01 PM	1.26	4.99	0.92	0.00	0.00	0.00	0.00	0.08	7.18	79.74	9.43	11.82	669	4990	415	0	0	0	0	0	6075	139.00	7.67	5.49	26.26	7.86	25.18	9.99	1.92	41.06	13.68
8/14/2019 5:17:03 PM	1.46	5.00	0.88	0.00	0.00	0.00	0.00	0.06	7.34	79.51	9.50	11.79	772	5003	398	0	0	0	0	0	6172	138.60	7.66	5.46	26.49	7.89	25.29	10.29	1.93	41.00	13.64
8/14/2019 5:17:06 PM	1.32	4.99	0.91	0.00	0.00	0.00	0.00	0.06	7.22	79.63	9.57	11.76	697	4995	409	0	0	0	0	0	6101	138.81	7.63	5.43	26.29	7.74	25.25	9.97	1.94	40.91	13.64
8/14/2019 5:17:08 PM	1.64	5.18	0.88	0.00	0.00	0.00	0.00	0.04	7.69	79.57	9.61	11.73	868	5176	395	0	0	0	0	0	6440	138.70	7.87	5.60	27.59	8.11	25.97	10.78	1.94	40.82	13.65
8/14/2019 5:17:10 PM	1.55	5.17	0.89	0.00	0.00	0.00	0.00	0.06	7.61	79.27	9.70	11.83	822	5171	401	0	0	0	0	0	6394	138.18	7.89	5.67	27.56	8.18	25.84	10.69	1.95	40.74	13.61
8/14/2019 5:17:13 PM	1.32	5.04	0.85	0.00	0.00	0.00	0.00	0.07	7.20	79.72	9.78	11.97	698	5035	382	0	0	0	0	0	6115	138.97	7.55	5.45	26.57	7.74	25.19	9.77	1.96	40.63	13.62
8/14/2019 5:17:15 PM	1.16	5.12	0.98	0.00	0.00	0.00	0.00	0.07	7.26	79.42	9.86	11.98	616	5124	440	0	0	0	0	0	6180	138.45	7.85	5.52	26.86	7.88	25.70	9.93	1.97	40.56	13.58
8/14/2019 5:17:18 PM	1.27	4.95	0.90	0.00	0.00	0.00	0.00	0.07	7.12	79.60	9.94	11.95	672	4947	406	0	0	0	0	0	6025	138.76	7.56	5.39	25.98	7.71	25.05	9.83	1.97	40.49	13.60
8/14/2019 5:17:20 PM	1.20	5.02	0.88	0.00	0.00	0.00	0.00	0.09	7.10	79.54	10.07	11.89	634	5025	394	0	0	0	0	0	6053	138.66	7.57	5.48	26.33	7.82	25.21	9.66	1.99	40.41	13.55
8/14/2019 5:17:22 PM	1.16	4.98	0.83	0.00	0.00	0.00	0.00	0.10	6.96	79.57	10.16	11.77	614	4977	372	0	0	0	0	0	5964	138.70	7.44	5.30	26.16	7.73	24.83	9.37	2.00	40.32	13.54
8/14/2019 5:17:25 PM	1.39	5.07	0.83	0.00	0.00	0.00	0.00	0.08	7.28	79.63	10.23	11.81	734	5065	375	0	0	0	0	0	6174	138.81	7.63	5.49	27.00	7.96	25.10	10.02	2.00	40.24	13.53
8/14/2019 5:17:27 PM	1.30	5.05	0.83	0.00	0.00	0.00	0.00	0.09	7.18	79.87	10.31	11.93	689	5046	373	0	0	0	0	0	6109	139.23	7.56	5.38	26.64	7.89	25.18	9.79	2.01	40.17	13.53
8/14/2019 5:17:29 PM	1.27	5.07	0.85	0.00	0.00	0.00	0.00	0.08	7.19	79.61	10.38	12.00	674	5069	384	0	0	0	0	0	6127	138.77	7.59	5.54	26.76	7.86	25.22	9.77	2.02	40.06	13.53
8/14/2019 5:17:32 PM	1.25	5.24	0.94	0.00	0.00	0.00	0.00	0.08	7.43	79.47	10.45	11.93	665	5236	421	0	0	0	0	0	6322	138.54	7.93	5.59	27.51	8.11	26.11	10.14	2.02	40.01	13.47
8/14/2019 5:17:34 PM	2.13	5.46	1.08	0.00	0.00	0.00	0.00	0.00	8.68	77.99	10.48	11.82	1131	5463	486	0	0	0	0	0	7080	135.96	8.73	6.06	29.67	8.55	27.64	13.18	2.03	39.94	13.46
