Date/Time	Green Algae	Bluegreen	Diatoms	Cryptophyta	#5	#6	#7	Yellow substances	Total conc.	Transmission	Depth	Temp. Sample	Green Algae	Bluegreen	Diatoms	Cryptophyta	#5	#6	#7	Yellow substances	Total cell count	Trans. 700 nm	LED 3 [525 nm]	LED 4 [570 nm]	LED 5 [610 nm]	LED 6 [370 nm]	LED 7 [590 nm]	LED 8 [470 nm]	Pressure	Temp. LEDs	Temp. Sensor
date	µg/l	µg/l	µg/l	µg/l	µg/l	µg/l	µg/l	r.u.	µg/l	%	m	°C	cells/ml	cells/ml	cells/ml	cells/ml	cells/ml	cells/ml	cells/ml	r.u.	cells/ml	digits	digits	digits	digits	digits	digits	digits	bar	°C	°C
6/13/2019 12:22:33 PM	2.51	3.62	2.51	0.09	0.00	0.00	0.00	0.37	8.73	94.94	0.22	21.30	1329	3622	1130	3	0	0	0	0	6084	165.47	12.09	5.27	22.46	14.48	23.44	23.29	1.02	35.11	11.15
6/13/2019 12:22:36 PM	3.27	3.61	2.45	0.00	0.00	0.00	0.00	0.19	9.33	93.74	0.25	21.31	1734	3607	1104	0	0	0	0	0	6446	163.39	11.69	4.62	22.69	13.42	23.57	23.62	1.02	35.19	11.17
6/13/2019 12:22:38 PM	4.15	3.20	1.99	0.00	0.00	0.00	0.00	0.40	9.33	94.45	0.37	21.28	2197	3196	896	0	0	0	0	0	6290	164.63	11.35	4.17	21.34	15.79	22.10	26.00	1.04	35.27	11.17
6/13/2019 12:22:41 PM	3.49	3.40	1.79	0.27	0.00	0.00	0.00	0.51	8.95	95.49	0.51	21.25	1849	3405	804	8	0	0	0	0	6067	166.43	11.78	3.70	21.47	16.18	24.25	25.08	1.05	35.32	11.18
6/13/2019 12:22:43 PM	3.79	3.40	2.61	0.01	0.00	0.00	0.00	0.23	9.82	95.57	0.65	21.23	2009	3403	1176	0	0	0	0	0	6589	166.58	12.32	5.07	22.37	14.77	23.37	26.34	1.06	35.40	11.17
6/13/2019 12:22:45 PM	4.12	3.71	2.12	0.28	0.00	0.00	0.00	0.29	10.23	94.85	0.72	21.24	2183	3707	955	8	0	0	0	0	6854	165.31	12.56	6.11	24.39	15.75	25.19	27.02	1.07	35.46	11.19
6/13/2019 12:22:48 PM	4.25	3.29	1.15	0.76	0.00	0.00	0.00	0.50	9.44	95.22	0.80	21.18	2250	3285	517	23	0	0	0	0	6075	165.97	12.08	4.61	22.25	16.82	25.34	26.72	1.08	35.52	11.21
6/13/2019 12:22:50 PM	5.53	2.79	0.92	1.06	0.00	0.00	0.00	0.19	10.30	95.12	0.95	21.09	2933	2793	412	32	0	0	0	0	6170	165.79	12.06	3.87	21.16	15.24	25.49	28.51	1.09	35.59	11.21
6/13/2019 12:22:53 PM	3.65	3.44	2.62	0.00	0.00	0.00	0.00	0.43	9.71	94.95	1.09	21.04	1934	3442	1179	0	0	0	0	0	6554	165.50	12.81	5.53	23.44	16.63	22.43	27.45	1.11	35.65	11.23
6/13/2019 12:22:55 PM	5.21	2.92	1.80	0.80	0.00	0.00	0.00	0.31	10.73	94.82	1.26	20.99	2761	2924	808	24	0	0	0	0	6517	165.27	13.54	4.70	22.10	17.16	25.37	31.21	1.12	35.70	11.22
6/13/2019 12:22:57 PM	4.70	3.04	2.27	0.68	0.00	0.00	0.00	0.17	10.69	94.64	1.31	20.97	2494	3041	1023	20	0	0	0	0	6577	164.95	13.72	4.79	22.35	15.72	25.33	30.07	1.13	35.79	11.23
6/13/2019 12:23:00 PM	3.89	3.66	2.78	0.00	0.00	0.00	0.00	0.49	10.33	94.81	1.42	20.91	2059	3662	1250	0	0	0	0	0	6971	165.25	13.72	4.77	24.19	18.01	24.63	29.47	1.14	35.82	11.25
6/13/2019 12:23:02 PM	2.94	3.62	4.24	0.00	0.00	0.00	0.00	0.25	10.81	95.37	1.55	20.88	1560	3622	1910	0	0	0	0	0	7092	166.22	16.08	4.04	24.35	16.63	25.52	30.93	1.15	35.90	11.24
6/13/2019 12:23:04 PM	5.00	3.30	2.80	0.11	0.00	0.00	0.00	0.25	11.21	96.03	1.71	20.86	2648	3297	1259	3	0	0	0	0	7208	167.38	13.86	3.94	22.77	17.11	25.42	31.63	1.17	35.96	11.24
6/13/2019 12:23:07 PM	3.09	3.79	3.38	0.00	0.00	0.00	0.00	0.44	10.26	95.71	1.85	20.82	1636	3788	1522	0	0	0	0	0	6946	166.83	14.72	4.78	25.04	17.50	24.75	29.21	1.18	36.01	11.27
6/13/2019 12:23:09 PM	5.38	3.72	2.26	0.15	0.00	0.00	0.00	0.36	11.51	95.38	1.95	20.80	2851	3717	1018	4	0	0	0	0	7590	166.24	13.51	4.59	24.71	18.18	26.92	31.62	1.19	36.07	11.28
6/13/2019 12:23:12 PM	2.48	4.23	3.61	0.00	0.00	0.00	0.00	0.49	10.32	95.80	2.05	20.77	1314	4232	1624	0	0	0	0	0	7170	166.98	15.35	5.27	26.18	17.90	27.01	28.85	1.20	36.12	11.26
6/13/2019 12:23:14 PM	4.62	3.92	2.36	0.27	0.00	0.00	0.00	0.28	11.18	95.24	2.14	20.75	2451	3923	1060	8	0	0	0	0	7442	166.01	13.62	5.25	25.51	16.90	27.46	29.63	1.21	36.18	11.29
6/13/2019 12:23:16 PM	3.07	3.77	2.54	0.63	0.00	0.00	0.00	0.46	10.02	95.23	2.22	20.73	1629	3775	1143	19	0	0	0	0	6565	165.99	14.61	5.48	24.63	17.31	27.28	28.39	1.22	36.23	11.30
6/13/2019 12:23:19 PM	4.29	4.41	2.50	0.00	0.00	0.00	0.00	0.42	11.21	95.12	2.33	20.66	2273	4412	1127	0	0	0	0	0	7813	165.79	13.75	5.61	27.96	18.01	27.36	29.28	1.23	36.29	11.28
6/13/2019 12:23:21 PM	4.05	4.61	2.82	0.00	0.00	0.00	0.00	0.44	11.47	94.80	2.45	20.57	2144	4606	1268	0	0	0	0	0	8018	165.23	14.64	4.83	28.71	18.51	28.75	30.08	1.24	36.34	11.29
6/13/2019 12:23:24 PM	4.34	4.92	2.71	0.00	0.00	0.00	0.00	0.42	11.96	95.14	2.56	20.48	2299	4915	1217	0	0	0	0	0	8432	165.82	14.70	5.58	30.31	18.73	29.99	30.44	1.25	36.38	11.32
6/13/2019 12:23:26 PM	4.12	5.09	2.79	0.00	0.00	0.00	0.00	0.44	12.00	95.06	2.68	20.37	2181	5088	1256	0	0	0	0	0	8526	165.69	14.90	5.96	30.27	18.97	31.38	30.40	1.26	36.44	11.31
6/13/2019 12:23:28 PM	4.72	4.34	1.77	0.89	0.00	0.00	0.00	0.38	11.72	95.16	2.76	20.29	2503	4335	798	27	0	0	0	0	7663	165.86	14.82	6.05	28.25	18.36	31.29	30.97	1.27	36.49	11.32
6/13/2019 12:23:31 PM	4.35	4.86	2.80	0.00	0.00	0.00	0.00	0.37	12.01	94.78	2.84	20.30	2307	4857	1259	0	0	0	0	0	8423	165.19	14.75	5.45	29.86	18.42	30.14	30.53	1.28	36.54	11.36
6/13/2019 12:23:33 PM	4.68	4.72	2.62	0.00	0.00	0.00	0.00	0.38	12.03	94.73	2.89	20.32	2482	4718	1181	0	0	0	0	0	8381	165.11	14.40	5.38	28.92	18.57	30.09	30.86	1.28	36.60	11.33
6/13/2019 12:23:35 PM	4.61	4.81	2.47	0.00	0.00	0.00	0.00	0.51	11.89	94.87	2.99	20.18	2445	4806	1113	0	0	0	0	0	8365	165.37	14.41	5.58	29.39	19.61	30.05	31.03	1.29	36.63	11.34
6/13/2019 12:23:38 PM	3.80	4.61	3.02	0.11	0.00	0.00	0.00	0.52	11.55	95.14	3.05	19.85	2015	4610	1361	3	0	0	0	0	7990	165.83	15.37	6.42	28.51	19.56	29.58	31.36	1.30	36.70	11.35
6/13/2019 12:23:40 PM	3.84	4.87	3.15	0.00	0.00	0.00	0.00	0.47	11.86	94.86	3.12	19.83	2033	4872	1417	0	0	0	0	0	8322	165.35	15.49	6.17	29.90	19.29	30.10	31.20	1.31	36.74	11.38
6/13/2019 12:23:43 PM	4.29	3.83	3.08	0.08	0.00	0.00	0.00	0.47	11.28	95.01	3.20	19.84	2275	3830	1386	2	0	0	0	0	7493	165.60	14.91	6.06	25.51	19.16	26.44	32.35	1.31	36.79	11.34
6/13/2019 12:23:45 PM	3.61	3.35	2.90	0.58	0.00	0.00	0.00	0.52	10.44	95.38	3.25	19.67	1911	3354	1306	17	0	0	0	0	6589	166.25	15.41	5.78	23.65	18.94	25.88	31.83	1.32	36.84	11.37
6/13/2019 12:23:47 PM	4.36	3.94	3.02	0.00	0.00	0.00	0.00	0.44	11.32	95.11	3.32	19.34	2311	3938	1361	0	0	0	0	0	7610	165.77	14.65	5.14	25.59	18.83	26.92	31.81	1.33	36.88	11.37
6/13/2019 12:23:50 PM	4.42	2.73	1.60	1.50	0.00	0.00	0.00	0.53	10.25	95.72	3.38	19.03	2341	2732	721	45	0	0	0	0	5839	166.84	15.20	5.94	22.33	19.12	26.24	32.63	1.33	36.93	11.39
6/13/2019 12:23:52 PM	3.94	2.79	2.57	1.08	0.00	0.00	0.00	0.52	10.38	95.85	3.50	18.68	2089	2786	1157	32	0	0	0	0	6065	167.06	15.92	6.16	22.34	19.30	25.24	33.47	1.34	36.97	11.37
6/13/2019 12:23:55 PM	3.89	2.50	2.60	1.14	0.00	0.00	0.00	0.57	10.13	96.38	3.60	18.19	2060	2496	1172	34	0	0	0	0	5762	167.99	16.04	6.12	21.23	19.68	24.20	34.01	1.35	37.01	11.37
6/13/2019 12:23:57 PM	3.78	2.45	2.56	1.15	0.00	0.00	0.00	0.58	9.94	96.48	3.70	17.94	2003	2448	1154	34	0	0	0	0	5639	168.15	15.90	5.72	20.77	19.49	24.09	33.55	1.36	37.04	11.41
6/13/2019 12:23:59 PM	3.51	2.19	2.48	1.28	0.00	0.00	0.00	0.56	9.46	96.26	3.82	17.49	1859	2189	1118	39	0	0	0	0	5205	167.77	15.70	5.95	19.75	18.85	23.00	32.70	1.37	37.08	11.41
6/13/2019 12:24:02 PM	3.37	2.48	2.78	0.72	0.00	0.00	0.00	0.56	9.35	96.34	3.90	17.09	1785	2477	1253	22	0	0	0	0	5536	167.91	14.86	4.77	19.61	18.42	22.65	31.23	1.38	37.13	11.42
6/13/2019 12:24:04 PM	4.86	1.99	1.27	1.53	0.00	0.00	0.00	0.60	9.64	96.82	3.98	16.75	2574	1992	569	46	0	0	0	0	5181	168.75	14.27	6.31	19.56	19.39	22.69	33.01	1.39	37.15	11.42
6/13/2019 12:24:06 PM	4.40	1.90	1.50	1.89	0.00	0.00	0.00	0.65	9.69	96.64	4.08	15.99	2333	1902	673	57	0	0	0	0	4965	168.44	15.74	6.36	19.70	20.16	23.86	34.48	1.40	37.19	11.42
6/13/2019 12:24:09 PM	3.84	2.06	2.24	2.20	0.00	0.00	0.00	0.65	10.35	96.31	4.15	15.36	2037	2060	1009	66	0	0	0	0	5172	167.87	18.30	7.47	21.54	21.30	25.94	37.40	1.41	37.20	11.42
6/13/2019 12:24:11 PM	4.44	1.57	1.11	3.44	0.00	0.00	0.00	0.68	10.55	96.83	4.19	15.57	2353	1568	499	103	0	0	0	0	4523	168.77	19.51	8.40	21.60	22.39	28.03	39.89	1.41	37.23	11.43
6/13/2019 12:24:14 PM	3.92	2.01	2.47	2.23	0.00	0.00	0.00	0.58	10.64	97.07	4.28	15.24	2078	2014	1113	67	0	0	0	0	5273	169.18	18.80	7.26	21.55	21.14	26.32	38.25	1.42	37.24	11.45
6/13/2019 12:24:16 PM	3.76	1.80	2.26	2.55	0.00	0.00	0.00	0.59	10.37	96.78	4.35	14.76	1993	1798	1016	77	0	0	0	0	4884	168.68	19.02	7.39	20.97	21.01	26.29	38.16	1.43	37.27	11.46
6/13/2019 12:24:18 PM	3.90	1.81	2.06	2.66	0.00	0.00	0.00	0.59	10.42	96.82	4.45	14.94	2069	1808	925	80	0	0	0	0	4883	168.75	18.99	7.41	21.15	21.13	26.70	38.26	1.44	37.30	11.46
6/13/2019 12:24:21 PM	3.27	1.65	1.92	3.03	0.00	0.00	0.00	0.67	9.89	96.78	4.50	14.78	1735	1654	866	91	0	0	0	0	4346	168.69	19.55	7.68	20.72	21.30	26.91	37.85	1.44	37.30	11.47
6/13/2019 12:24:23 PM	3.70	1.55	1.95	2.95	0.00	0.00	0.00	0.55	10.15	96.58	4.57	14.93	1962	1551	876	88	0	0	0	0	4478	168.34	19.18	7.62	20.43	20.51	26.37	37.96	1.45	37.33	11.47
6/13/2019 12:24:25 PM	3.77	1.49	1.70	2.88	0.00	0.00	0.00	0.52	9.83	96.84	4.66	14.83	1998	1488	764	86	0	0	0	0	4336	168.79	18.30	6.96	19.61	19.67	25.83	36.49	1.46	37.35	11.47
6/13/2019 12:24:28 PM	3.38	1.70	2.35	2.43	0.00	0.00	0.00	0.56	9.87	96.39	4.74	14.93	1791	1701	1060	73	0	0	0	0	4624	168.01	18.53	6.71	19.86	20.07	25.42	36.59	1.46	37.37	11.49
6/13/2019 12:24:30 PM	2.71	1.36	1.98	2.50	0.00	0.00	0.00	0.60	8.54	96.33	4.81	14.46	1434	1358	889	75	0	0	0	0	3757	167.90	17.27	6.35	17.61	18.74	23.24	33.29	1.47	37.39	11.47
6/13/2019 12:24:33 PM	3.19	1.43	1.64	2.12	0.00	0.00	0.00	0.50	8.38	96.10	4.89	13.42	1693	1427	740	64	0	0	0	0	3923	167.50	15.36	5.52	16.94	17.23	22.14	30.92	1.48	37.41	11.50
6/13/2019 12:24:35 PM	2.78	1.61	2.60	1.52	0.00	0.00	0.00	0.42	8.51	95.90	4.96	13.24	1475	1607	1171	46	0	0	0	0	4298	167.15	15.44	5.94	17.25	16.60	20.74	30.65	1.49	37.40	11.51
6/13/2019 12:24:37 PM	2.50	1.67	2.49	1.49	0.00	0.00	0.00	0.44	8.15	95.98	5.04	13.15	1327	1671	1119	45	0	0	0	0	4162	167.29	14.99	5.77	17.08	16.13	20.58	29.22	1.49	37.41	11.49
6/13/2019 12:24:40 PM	2.45	1.71	2.38	1.24	0.00	0.00	0.00	0.40	7.77	95.39	5.11	12.98	1298	1712	1069	37	0	0	0	0	4116	166.26	13.87	5.01	16.35	15.08	19.79	27.18	1.50	37.43	11.49
6/13/2019 12:24:42 PM	2.25	1.54	1.85	1.57	0.00	0.00	0.00	0.40	7.20	95.18	5.17	12.63	1191	1536	832	47	0	0	0	0	3606	165.90	13.36	5.26	15.71	14.33	19.49	25.59	1.51	37.41	11.50
6/13/2019 12:24:45 PM	2.28	1.79	2.12	1.09	0.00	0.00	0.00	0.36	7.29	94.96	5.25	12.12	1209	1789	956	33	0	0	0	0	3987	165.52	12.65	4.93	16.03	13.79	18.98	24.59	1.51	37.42	11.52
6/13/2019 12:24:47 PM	2.14	1.78	1.45	1.21	0.00	0.00	0.00	0.44	6.58	95.07	5.32	11.87	1136	1776	651	36	0	0	0	0	3598	165.71	11.49	5.06	15.59	13.41	18.45	22.29	1.52	37.42	11.52
6/13/2019 12:24:49 PM	1.44	1.69	1.65	1.14	0.00	0.00	0.00	0.39	5.92	94.52	5.36	12.05	765	1694	742	34	0	0	0	0	3234	164.75	11.16	4.29	14.41	12.08	17.71	20.19	1.53	37.42	11.51
6/13/2019 12:24:52 PM	1.55	1.78	1.37	1.13	0.00	0.00	0.00	0.40	5.83	94.37	5.47	11.84	824	1780	615	34	0	0	0	0	3253	164.48	10.61	4.66	14.76	11.95	17.60	19.41	1.54	37.41	11.52
6/13/2019 12:24:54 PM	1.85	1.77	1.53	0.97	0.00	0.00	0.00	0.30	6.12	94.41	5.54	11.24	981	1769	687	29	0	0	0	0	3467	164.56	10.42	4.24	14.60	11.33	17.45	19.56	1.54	37.39	11.52
6/13/2019 12:24:56 PM	1.52	1.88	1.82	0.75	0.00	0.00	0.00	0.35	5.97	94.40	5.63	11.25	804	1883	818	22	0	0	0	0	3528	164.55	10.42	4.32	14.71	11.51	17.00	19.20	1.55	37.41	11.52
6/13/2019 12:24:59 PM	1.48	1.92	1.78	0.67	0.00	0.00	0.00	0.38	5.84	94.22	5.70	11.51	783	1921	799	20	0	0	0	0	3523	164.22	10.16	4.28	14.65	11.62	16.76	18.82	1.56	37.38	11.52
6/13/2019 12:25:01 PM	1.34	1.94	1.62	0.71	0.00	0.00	0.00	0.39	5.61	94.31	5.80	11.82	712	1936	728	21	0	0	0	0	3397	164.38	9.86	4.38	14.59	11.32	16.64	17.94	1.57	37.37	11.52
6/13/2019 12:25:04 PM	1.30	1.76	1.39	0.85	0.00	0.00	0.00	0.37	5.31	93.92	5.89	11.19	689	1764	625	26	0	0	0	0	3103	163.71	9.59	3.81	13.68	10.81	16.49	17.24	1.58	37.34	11.52
6/13/2019 12:25:06 PM	1.31	1.76	1.16	0.96	0.00	0.00	0.00	0.46	5.19	94.05	5.96	10.98	695	1761	524	29	0	0	0	0	3009	163.94	9.57	4.42	13.95	11.53	16.40	17.44	1.58	37.33	11.51
6/13/2019 12:25:08 PM	1.54	1.67	1.21	0.90	0.00	0.00	0.00	0.36	5.31	94.06	6.02	11.74	814	1668	545	27	0	0	0	0	3053	163.95	9.33	3.65	13.32	10.73	16.30	17.27	1.59	37.30	11.55
6/13/2019 12:25:11 PM	1.39	1.98	1.75	0.57	0.00	0.00	0.00	0.35	5.69	93.90	6.07	12.44	737	1977	788	17	0	0	0	0	3519	163.67	9.71	4.19	14.57	11.03	16.48	17.79	1.59	37.28	11.52
6/13/2019 12:25:13 PM	1.28	1.75	1.54	0.85	0.00	0.00	0.00	0.35	5.42	94.04	6.16	12.60	680	1750	695	25	0	0	0	0	3150	163.90	9.84	4.19	13.87	10.82	16.35	17.66	1.60	37.25	11.55
6/13/2019 12:25:16 PM	1.32	1.91	1.39	0.79	0.00	0.00	0.00	0.39	5.41	93.80	6.24	11.90	701	1910	625	24	0	0	0	0	3259	163.50	9.52	4.29	14.38	11.01	16.62	17.20	1.61	37.25	11.54
6/13/2019 12:25:18 PM	1.71	1.64	1.02	1.06	0.00	0.00	0.00	0.36	5.43	93.94	6.34	11.86	904	1644	459	32	0	0	0	0	3039	163.73	9.43	4.08	13.66	10.85	16.61	17.64	1.62	37.22	11.53
6/13/2019 12:25:20 PM	1.35	1.82	1.38	0.78	0.00	0.00	0.00	0.32	5.34	93.93	6.41	11.80	718	1825	623	23	0	0	0	0	3189	163.72	9.25	4.20	13.97	10.27	16.18	16.65	1.63	37.20	11.53
6/13/2019 12:25:23 PM	1.14	1.82	1.27	0.77	0.00	0.00	0.00	0.41	5.00	93.82	6.46	11.55	603	1825	570	23	0	0	0	0	3021	163.53	9.07	3.93	13.61	10.69	16.02	16.15	1.63	37.17	11.55
6/13/2019 12:25:25 PM	1.38	1.97	1.51	0.48	0.00	0.00	0.00	0.38	5.34	93.64	6.49	11.62	731	1967	682	14	0	0	0	0	3393	163.21	8.92	4.00	14.10	10.76	15.80	16.55	1.64	37.15	11.52
6/13/2019 12:25:27 PM	1.14	1.82	1.48	0.76	0.00	0.00	0.00	0.41	5.19	93.83	6.56	11.66	602	1818	664	23	0	0	0	0	3107	163.55	9.50	4.11	13.80	10.94	16.09	16.94	1.64	37.11	11.53
6/13/2019 12:25:30 PM	1.29	1.88	1.59	0.56	0.00	0.00	0.00	0.38	5.32	93.81	6.63	11.33	682	1882	715	17	0	0	0	0	3296	163.51	9.23	3.84	13.82	10.75	15.90	16.86	1.65	37.08	11.53
6/13/2019 12:25:32 PM	1.33	1.82	1.33	0.65	0.00	0.00	0.00	0.37	5.12	93.85	6.70	11.15	703	1817	599	19	0	0	0	0	3139	163.58	8.84	3.60	13.42	10.38	15.81	16.13	1.66	37.07	11.52
6/13/2019 12:25:35 PM	0.98	1.90	1.54	0.62	0.00	0.00	0.00	0.39	5.04	93.52	6.77	11.43	518	1904	695	19	0	0	0	0	3136	163.00	9.16	3.93	13.77	10.48	15.88	16.02	1.66	37.02	11.51
6/13/2019 12:25:37 PM	1.25	1.83	1.34	0.63	0.00	0.00	0.00	0.39	5.05	93.71	6.85	11.66	662	1832	602	19	0	0	0	0	3114	163.33	8.82	3.82	13.49	10.50	15.64	16.03	1.67	36.97	11.51
6/13/2019 12:25:39 PM	1.22	1.89	1.44	0.45	0.00	0.00	0.00	0.41	5.00	93.56	6.92	11.77	649	1886	650	13	0	0	0	0	3198	163.07	8.56	3.64	13.39	10.53	15.25	15.76	1.68	36.93	11.51
6/13/2019 12:25:42 PM	1.52	1.82	1.27	0.56	0.00	0.00	0.00	0.38	5.17	93.69	6.99	11.64	808	1819	573	17	0	0	0	0	3217	163.29	8.56	3.55	13.36	10.50	15.55	16.19	1.68	36.89	11.50
6/13/2019 12:25:44 PM	1.37	1.82	1.19	0.75	0.00	0.00	0.00	0.37	5.13	93.45	7.05	11.50	727	1815	537	22	0	0	0	0	3101	162.88	8.84	3.94	13.64	10.44	15.95	16.15	1.69	36.84	11.51
6/13/2019 12:25:46 PM	1.24	1.80	1.27	0.59	0.00	0.00	0.00	0.38	4.91	93.39	7.15	11.17	659	1804	572	18	0	0	0	0	3053	162.78	8.48	3.56	13.14	10.14	15.37	15.43	1.70	36.82	11.50
6/13/2019 12:25:49 PM	1.04	1.89	1.40	0.39	0.00	0.00	0.00	0.40	4.72	93.41	7.24	10.86	550	1890	630	12	0	0	0	0	3082	162.82	8.16	3.47	13.06	10.01	14.87	14.66	1.71	36.76	11.50
6/13/2019 12:25:51 PM	1.21	1.97	1.47	0.22	0.00	0.00	0.00	0.38	4.87	93.43	7.31	10.74	639	1967	663	7	0	0	0	0	3276	162.85	7.90	3.45	13.25	9.92	14.67	14.62	1.72	36.71	11.50
6/13/2019 12:25:54 PM	1.10	1.93	1.50	0.25	0.00	0.00	0.00	0.37	4.78	93.59	7.37	10.76	581	1934	677	7	0	0	0	0	3199	163.13	7.95	3.37	13.07	9.79	14.61	14.47	1.72	36.69	11.48
6/13/2019 12:25:56 PM	1.20	1.85	1.43	0.39	0.00	0.00	0.00	0.39	4.88	93.52	7.45	10.79	638	1854	644	12	0	0	0	0	3148	163.00	8.27	3.43	13.04	10.17	14.90	15.23	1.73	36.64	11.48
6/13/2019 12:25:58 PM	1.26	1.99	1.47	0.29	0.00	0.00	0.00	0.40	5.02	93.02	7.52	10.85	669	1994	664	9	0	0	0	0	3335	162.13	8.24	3.55	13.58	10.38	15.15	15.32	1.74	36.60	11.47
6/13/2019 12:26:01 PM	1.29	1.85	1.23	0.46	0.00	0.00	0.00	0.41	4.84	93.35	7.67	10.90	685	1854	555	14	0	0	0	0	3108	162.72	8.09	3.59	13.13	10.24	14.96	15.06	1.75	36.54	11.48
6/13/2019 12:26:03 PM	1.11	1.83	1.35	0.34	0.00	0.00	0.00	0.38	4.63	93.48	7.82	10.67	586	1832	606	10	0	0	0	0	3035	162.94	7.81	3.41	12.71	9.70	14.37	14.26	1.77	36.50	11.47
6/13/2019 12:26:06 PM	1.10	1.86	1.40	0.33	0.00	0.00	0.00	0.39	4.68	93.50	7.94	10.33	581	1856	631	10	0	0	0	0	3077	162.97	7.94	3.38	12.81	9.86	14.51	14.48	1.78	36.44	11.45
6/13/2019 12:26:08 PM	1.23	1.80	1.49	0.39	0.00	0.00	0.00	0.40	4.90	93.33	8.05	10.22	651	1796	670	12	0	0	0	0	3129	162.67	8.39	3.37	12.84	10.33	14.75	15.59	1.79	36.38	11.46
6/13/2019 12:26:10 PM	1.28	1.91	1.27	0.37	0.00	0.00	0.00	0.41	4.83	93.33	8.13	10.34	676	1906	572	11	0	0	0	0	3165	162.68	7.98	3.52	13.19	10.24	14.89	14.88	1.80	36.35	11.45
6/13/2019 12:26:13 PM	1.24	1.88	1.42	0.31	0.00	0.00	0.00	0.39	4.85	93.42	8.22	10.48	659	1883	637	9	0	0	0	0	3188	162.82	8.02	3.51	13.07	10.11	14.61	14.96	1.81	36.29	11.47
6/13/2019 12:26:15 PM	1.16	1.92	1.36	0.42	0.00	0.00	0.00	0.42	4.86	93.24	8.30	10.68	614	1924	611	13	0	0	0	0	3161	162.52	8.29	3.69	13.41	10.38	15.12	15.15	1.81	36.23	11.43
6/13/2019 12:26:17 PM	1.38	2.08	1.61	0.22	0.00	0.00	0.00	0.38	5.29	93.54	8.41	10.85	732	2079	725	7	0	0	0	0	3543	163.04	8.42	3.78	14.10	10.49	15.36	15.84	1.82	36.18	11.43
6/13/2019 12:26:20 PM	1.33	1.88	1.38	0.27	0.00	0.00	0.00	0.39	4.85	93.35	8.52	10.61	703	1879	620	8	0	0	0	0	3210	162.72	7.84	3.37	12.95	10.03	14.51	14.84	1.83	36.12	11.46
6/13/2019 12:26:22 PM	1.23	2.00	1.46	0.22	0.00	0.00	0.00	0.40	4.91	93.34	8.55	10.29	653	1997	657	7	0	0	0	0	3314	162.70	7.98	3.47	13.40	10.23	14.83	14.88	1.84	36.06	11.41
6/13/2019 12:26:25 PM	1.46	1.84	1.12	0.51	0.00	0.00	0.00	0.42	4.93	93.29	8.60	10.40	776	1836	504	15	0	0	0	0	3131	162.60	8.11	3.59	13.20	10.48	15.14	15.43	1.84	36.01	11.41
6/13/2019 12:26:27 PM	1.36	1.95	1.46	0.29	0.00	0.00	0.00	0.41	5.06	93.25	8.72	10.61	722	1945	658	9	0	0	0	0	3334	162.54	8.24	3.58	13.46	10.52	14.98	15.61	1.85	35.95	11.41
6/13/2019 12:26:29 PM	1.20	1.95	1.48	0.28	0.00	0.00	0.00	0.40	4.91	93.19	8.81	10.39	637	1951	667	8	0	0	0	0	3263	162.43	8.15	3.51	13.32	10.29	14.86	15.11	1.86	35.90	11.40
6/13/2019 12:26:32 PM	1.20	1.94	1.42	0.30	0.00	0.00	0.00	0.43	4.86	93.41	8.88	10.24	638	1939	638	9	0	0	0	0	3223	162.81	8.14	3.45	13.25	10.46	14.89	15.13	1.87	35.85	11.39
6/13/2019 12:26:34 PM	1.36	1.91	1.44	0.31	0.00	0.00	0.00	0.41	5.01	93.21	8.91	10.30	718	1914	646	9	0	0	0	0	3288	162.47	8.20	3.53	13.31	10.48	14.90	15.54	1.87	35.80	11.38
6/13/2019 12:26:37 PM	1.15	1.82	1.19	0.42	0.00	0.00	0.00	0.41	4.59	94.90	9.04	10.22	611	1824	535	13	0	0	0	0	2984	165.40	7.78	3.45	12.75	9.88	14.55	14.27	1.89	35.71	11.38
6/13/2019 12:26:39 PM	1.05	1.92	1.39	0.33	0.00	0.00	0.00	0.41	4.69	96.21	9.21	10.15	555	1924	628	10	0	0	0	0	3116	167.70	8.00	3.59	13.14	10.05	14.67	14.49	1.90	35.66	11.38
6/13/2019 12:26:41 PM	1.17	1.87	1.39	0.30	0.00	0.00	0.00	0.41	4.72	96.33	9.33	10.19	622	1866	623	9	0	0	0	0	3121	167.90	7.91	3.36	12.85	10.06	14.49	14.67	1.91	35.58	11.36
6/13/2019 12:26:44 PM	1.28	1.86	1.38	0.32	0.00	0.00	0.00	0.42	4.84	96.33	9.43	10.23	678	1858	623	10	0	0	0	0	3168	167.91	8.07	3.47	12.99	10.38	14.61	15.20	1.92	35.54	11.36
6/13/2019 12:26:46 PM	1.48	1.85	1.27	0.40	0.00	0.00	0.00	0.40	4.99	96.15	9.51	10.25	782	1846	570	12	0	0	0	0	3211	167.59	8.10	3.54	13.15	10.44	14.90	15.54	1.93	35.47	11.36
6/13/2019 12:26:48 PM	1.39	1.88	1.44	0.39	0.00	0.00	0.00	0.41	5.10	96.51	9.58	10.27	739	1880	646	12	0	0	0	0	3276	168.21	8.44	3.69	13.41	10.64	15.05	15.99	1.94	35.41	11.33
6/13/2019 12:26:51 PM	1.40	1.90	1.51	0.43	0.00	0.00	0.00	0.41	5.24	96.38	9.68	10.42	744	1897	680	13	0	0	0	0	3334	167.99	8.79	3.83	13.68	10.89	15.39	16.58	1.95	35.36	11.33
6/13/2019 12:26:53 PM	1.36	1.94	1.62	0.25	0.00	0.00	0.00	0.39	5.17	96.36	9.78	10.51	719	1943	730	8	0	0	0	0	3398	167.95	8.45	3.63	13.52	10.56	14.95	15.99	1.96	35.29	11.33
6/13/2019 12:26:56 PM	1.18	1.96	1.44	0.27	0.00	0.00	0.00	0.41	4.84	96.25	9.91	10.44	625	1964	646	8	0	0	0	0	3243	167.75	8.02	3.53	13.31	10.24	14.78	14.84	1.97	35.23	11.32
6/13/2019 12:26:58 PM	1.22	1.93	1.45	0.25	0.00	0.00	0.00	0.40	4.84	96.16	10.04	10.23	644	1929	651	7	0	0	0	0	3232	167.60	7.94	3.39	13.11	10.09	14.64	14.79	1.98	35.19	11.32
6/13/2019 12:27:00 PM	1.22	1.93	1.33	0.34	0.00	0.00	0.00	0.42	4.81	96.27	10.16	10.25	646	1930	597	10	0	0	0	0	3183	167.80	8.01	3.48	13.22	10.31	14.89	14.88	2.00	35.12	11.31
6/13/2019 12:27:03 PM	1.17	1.83	1.22	0.27	0.00	0.00	0.00	0.41	4.50	96.16	10.26	10.28	619	1834	550	8	0	0	0	0	3011	167.61	7.42	3.24	12.48	9.75	14.06	13.84	2.01	35.07	11.28
6/13/2019 12:27:05 PM	1.16	1.82	1.18	0.33	0.00	0.00	0.00	0.41	4.49	96.35	10.40	10.22	616	1816	531	10	0	0	0	0	2972	167.94	7.49	3.20	12.46	9.76	14.21	13.89	2.02	35.00	11.30
6/13/2019 12:27:07 PM	1.26	1.80	1.11	0.31	0.00	0.00	0.00	0.41	4.48	96.22	10.48	10.29	666	1804	501	9	0	0	0	0	2980	167.70	7.29	3.22	12.39	9.72	14.03	13.78	2.03	34.94	11.30
6/13/2019 12:27:10 PM	1.37	1.96	1.42	0.10	0.00	0.00	0.00	0.41	4.86	96.23	10.50	10.20	727	1963	640	3	0	0	0	0	3333	167.73	7.58	3.21	13.02	10.17	14.33	14.65	2.03	34.89	11.26
