Date/Time	Green Algae	Bluegreen	Diatoms	Cryptophyta	#5	#6	#7	Yellow substances	Total conc.	Transmission	Depth	Temp. Sample	Green Algae	Bluegreen	Diatoms	Cryptophyta	#5	#6	#7	Yellow substances	Total cell count	Trans. 700 nm	LED 3 [525 nm]	LED 4 [570 nm]	LED 5 [610 nm]	LED 6 [370 nm]	LED 7 [590 nm]	LED 8 [470 nm]	Pressure	Temp. LEDs	Temp. Sensor
date	µg/l	µg/l	µg/l	µg/l	µg/l	µg/l	µg/l	r.u.	µg/l	%	m	°C	cells/ml	cells/ml	cells/ml	cells/ml	cells/ml	cells/ml	cells/ml	r.u.	cells/ml	digits	digits	digits	digits	digits	digits	digits	bar	°C	°C
8/14/2019 12:37:21 PM	9.08	0.01	0.00	1.22	0.00	0.00	0.00	0.39	10.30	95.86	0.21	26.39	4810	6	0	37	0	0	0	0	4853	167.08	9.44	3.66	10.55	19.16	17.01	37.31	1.02	40.98	12.99
8/14/2019 12:37:23 PM	10.57	0.35	0.93	0.00	0.00	0.00	0.00	0.15	11.86	94.84	0.31	26.35	5602	352	420	0	0	0	0	0	6374	165.30	9.67	0.90	11.98	18.32	15.25	38.96	1.03	41.04	12.97
8/14/2019 12:37:26 PM	10.27	0.27	0.39	0.44	0.00	0.00	0.00	0.29	11.38	95.06	0.45	26.34	5444	274	176	13	0	0	0	0	5907	165.68	9.81	2.69	12.49	19.19	15.10	38.70	1.04	41.10	12.99
8/14/2019 12:37:28 PM	8.19	0.29	2.76	0.00	0.00	0.00	0.00	0.24	11.23	95.68	0.59	26.19	4339	287	1242	0	0	0	0	0	5868	166.77	12.87	1.19	11.95	19.00	14.63	40.10	1.06	41.18	13.02
8/14/2019 12:37:30 PM	10.30	0.69	0.81	0.00	0.00	0.00	0.00	0.40	11.80	95.61	0.73	26.14	5461	689	363	0	0	0	0	0	6513	166.64	10.03	3.19	14.25	20.57	15.09	39.65	1.07	41.24	13.00
8/14/2019 12:37:33 PM	10.61	0.13	0.54	0.63	0.00	0.00	0.00	0.21	11.90	96.31	0.92	26.29	5623	128	241	19	0	0	0	0	6011	167.86	10.57	3.44	12.87	19.32	15.28	40.54	1.09	41.32	13.01
8/14/2019 12:37:35 PM	10.66	0.00	0.00	0.79	0.00	0.00	0.00	0.48	11.45	96.12	1.02	26.30	5648	0	0	24	0	0	0	0	5671	167.53	10.48	4.05	12.15	21.34	14.73	41.27	1.10	41.37	13.03
8/14/2019 12:37:38 PM	9.84	0.52	1.84	0.00	0.00	0.00	0.00	0.35	12.20	95.16	1.08	26.28	5214	517	829	0	0	0	0	0	6560	165.87	12.01	2.60	13.60	21.09	15.74	42.32	1.11	41.45	13.02
8/14/2019 12:37:40 PM	9.50	0.33	1.47	0.50	0.00	0.00	0.00	0.35	11.79	96.03	1.18	26.33	5033	333	661	15	0	0	0	0	6042	167.37	12.30	3.34	13.40	20.71	16.02	41.71	1.12	41.51	13.02
8/14/2019 12:37:42 PM	11.93	0.20	0.11	0.47	0.00	0.00	0.00	0.22	12.71	95.87	1.28	26.31	6321	201	50	14	0	0	0	0	6586	167.09	9.92	3.76	13.70	20.38	15.38	42.34	1.13	41.57	13.05
8/14/2019 12:37:45 PM	11.16	0.37	1.55	0.01	0.00	0.00	0.00	0.16	13.09	96.02	1.34	26.27	5914	371	697	0	0	0	0	0	6981	167.36	11.39	4.25	14.35	20.43	14.84	43.72	1.13	41.64	13.06
8/14/2019 12:37:47 PM	11.17	0.28	0.32	0.34	0.00	0.00	0.00	0.45	12.12	96.75	1.39	26.22	5922	281	146	10	0	0	0	0	6360	168.63	10.26	2.87	13.11	21.77	15.42	42.09	1.14	41.72	13.05
8/14/2019 12:37:50 PM	11.05	0.53	1.09	0.00	0.00	0.00	0.00	0.25	12.67	95.69	1.42	26.14	5856	530	490	0	0	0	0	0	6876	166.78	10.68	3.01	14.61	20.51	15.06	42.07	1.14	41.76	13.05
8/14/2019 12:37:52 PM	8.80	0.56	2.11	0.00	0.00	0.00	0.00	0.44	11.48	96.22	1.44	26.03	4665	563	951	0	0	0	0	0	6179	167.71	12.29	3.42	13.89	21.02	14.61	40.89	1.14	41.82	13.07
8/14/2019 12:37:54 PM	10.65	0.50	0.89	0.00	0.00	0.00	0.00	0.49	12.03	96.07	1.48	26.04	5643	496	400	0	0	0	0	0	6540	167.44	10.49	3.32	13.73	21.97	14.75	41.78	1.15	41.90	13.07
8/14/2019 12:37:57 PM	11.01	0.49	0.79	0.00	0.00	0.00	0.00	0.43	12.29	96.56	1.53	26.20	5835	486	354	0	0	0	0	0	6676	168.29	10.29	3.48	13.85	21.75	14.87	42.06	1.15	41.97	13.09
8/14/2019 12:37:59 PM	10.18	0.49	1.79	0.13	0.00	0.00	0.00	0.27	12.59	96.24	1.55	26.25	5397	489	804	4	0	0	0	0	6693	167.74	12.25	3.00	14.04	20.88	16.23	43.11	1.15	42.02	13.09
8/14/2019 12:38:01 PM	10.56	0.63	0.93	0.00	0.00	0.00	0.00	0.56	12.11	95.81	1.58	26.18	5594	629	419	0	0	0	0	0	6642	167.00	10.88	3.12	14.56	22.73	15.14	42.27	1.15	42.10	13.13
8/14/2019 12:38:04 PM	10.58	0.43	1.53	0.14	0.00	0.00	0.00	0.20	12.68	95.94	1.57	26.22	5608	434	688	4	0	0	0	0	6734	167.22	11.61	3.50	14.09	20.24	15.65	42.67	1.15	42.15	13.12
8/14/2019 12:38:06 PM	9.46	0.69	1.71	0.00	0.00	0.00	0.00	0.45	11.86	95.80	1.67	26.25	5015	691	768	0	0	0	0	0	6474	166.98	11.83	3.29	14.30	21.45	15.62	41.34	1.16	42.21	13.12
8/14/2019 12:38:09 PM	9.94	0.52	1.70	0.00	0.00	0.00	0.00	0.31	12.16	95.97	1.75	26.28	5269	517	766	0	0	0	0	0	6552	167.27	11.68	2.42	14.00	20.56	15.17	41.68	1.17	42.28	13.12
8/14/2019 12:38:11 PM	10.97	0.25	1.03	0.00	0.00	0.00	0.00	0.25	12.25	96.63	1.78	26.27	5814	247	463	0	0	0	0	0	6524	168.42	10.24	2.11	12.45	20.00	14.64	41.42	1.17	42.34	13.12
8/14/2019 12:38:13 PM	9.90	0.42	1.72	0.04	0.00	0.00	0.00	0.17	12.08	95.97	1.84	26.18	5247	423	774	1	0	0	0	0	6445	167.28	11.23	3.69	13.55	19.10	14.60	40.63	1.18	42.41	13.15
8/14/2019 12:38:16 PM	10.02	0.48	1.46	0.00	0.00	0.00	0.00	0.32	11.97	96.86	1.90	26.14	5313	481	659	0	0	0	0	0	6453	168.83	11.12	2.36	13.28	20.37	15.24	41.00	1.19	42.47	13.15
8/14/2019 12:38:18 PM	10.12	0.42	1.52	0.00	0.00	0.00	0.00	0.35	12.07	96.37	1.95	26.21	5366	422	685	0	0	0	0	0	6473	167.97	11.36	2.68	13.51	20.90	14.75	41.81	1.19	42.53	13.17
8/14/2019 12:38:20 PM	10.08	0.32	1.18	0.35	0.00	0.00	0.00	0.35	11.94	96.38	1.99	26.25	5343	325	532	11	0	0	0	0	6210	168.00	11.50	3.16	13.26	20.79	15.57	41.68	1.19	42.59	13.17
8/14/2019 12:38:23 PM	10.59	0.27	0.77	0.30	0.00	0.00	0.00	0.31	11.92	95.83	2.04	26.20	5611	267	346	9	0	0	0	0	6233	167.03	10.50	2.55	12.71	20.24	15.26	40.90	1.20	42.65	13.19
8/14/2019 12:38:25 PM	10.21	0.43	1.15	0.23	0.00	0.00	0.00	0.27	12.01	96.30	2.15	26.22	5410	427	515	7	0	0	0	0	6360	167.85	10.93	3.24	13.53	19.89	15.40	40.72	1.21	42.72	13.21
8/14/2019 12:38:28 PM	9.74	0.56	1.80	0.00	0.00	0.00	0.00	0.32	12.10	96.84	2.17	26.29	5161	555	811	0	0	0	0	0	6527	168.79	11.79	2.72	13.75	20.55	15.60	41.55	1.21	42.78	13.21
8/14/2019 12:38:30 PM	9.63	0.31	1.49	0.34	0.00	0.00	0.00	0.31	11.77	96.36	2.20	26.24	5104	308	669	10	0	0	0	0	6092	167.95	11.80	3.14	13.05	20.20	15.39	41.17	1.22	42.85	13.21
8/14/2019 12:38:32 PM	10.08	0.48	1.37	0.04	0.00	0.00	0.00	0.30	11.97	96.47	2.31	26.24	5343	482	618	1	0	0	0	0	6444	168.14	10.95	3.09	13.46	20.18	15.05	40.79	1.23	42.92	13.21
8/14/2019 12:38:35 PM	9.81	0.33	0.91	0.42	0.00	0.00	0.00	0.36	11.47	96.19	2.43	26.28	5202	328	409	13	0	0	0	0	5952	167.65	10.93	2.96	12.88	20.17	15.40	40.01	1.24	42.98	13.22
8/14/2019 12:38:37 PM	10.09	0.38	1.59	0.00	0.00	0.00	0.00	0.21	12.06	97.08	2.46	26.29	5349	382	715	0	0	0	0	0	6446	169.20	11.06	2.65	13.03	19.44	14.82	40.82	1.24	43.04	13.22
8/14/2019 12:38:40 PM	9.61	0.46	1.61	0.00	0.00	0.00	0.00	0.31	11.68	96.38	2.51	26.26	5094	456	726	0	0	0	0	0	6276	167.99	11.21	2.30	13.34	19.87	14.55	40.19	1.25	43.11	13.24
8/14/2019 12:38:42 PM	10.31	0.31	1.50	0.08	0.00	0.00	0.00	0.16	12.21	96.31	2.58	26.20	5467	314	674	2	0	0	0	0	6458	167.86	11.02	2.85	12.98	19.19	14.87	41.07	1.25	43.16	13.25
8/14/2019 12:38:44 PM	9.85	0.49	1.72	0.00	0.00	0.00	0.00	0.27	12.06	96.56	2.64	26.18	5221	491	773	0	0	0	0	0	6485	168.30	11.59	1.68	13.60	20.01	15.31	41.12	1.26	43.22	13.27
8/14/2019 12:38:47 PM	10.24	0.30	1.38	0.18	0.00	0.00	0.00	0.21	12.11	96.97	2.76	26.23	5428	303	622	5	0	0	0	0	6358	169.01	11.09	3.69	13.31	19.61	14.63	41.18	1.27	43.28	13.27
8/14/2019 12:38:49 PM	9.79	0.38	1.47	0.10	0.00	0.00	0.00	0.29	11.74	96.49	2.83	26.25	5191	378	662	3	0	0	0	0	6233	168.18	11.05	3.36	13.09	19.81	14.54	40.40	1.28	43.35	13.25
8/14/2019 12:38:51 PM	10.15	0.02	0.59	0.82	0.00	0.00	0.00	0.24	11.58	96.78	2.90	26.21	5379	22	266	25	0	0	0	0	5691	168.68	11.00	3.83	12.62	19.30	15.13	40.32	1.28	43.40	13.28
8/14/2019 12:38:54 PM	10.15	0.32	0.86	0.59	0.00	0.00	0.00	0.29	11.91	96.46	2.96	26.22	5377	319	386	18	0	0	0	0	6099	168.12	11.28	3.66	13.60	20.03	15.93	40.93	1.29	43.44	13.30
8/14/2019 12:38:56 PM	9.51	0.32	1.70	0.13	0.00	0.00	0.00	0.35	11.65	96.92	3.04	26.19	5038	317	763	4	0	0	0	0	6122	168.93	11.65	3.10	12.78	20.41	14.64	41.07	1.30	43.51	13.32
8/14/2019 12:38:59 PM	10.46	0.17	0.54	0.73	0.00	0.00	0.00	0.22	11.89	96.44	3.11	26.18	5542	169	241	22	0	0	0	0	5973	168.09	10.87	3.50	13.12	19.43	15.80	40.60	1.30	43.56	13.32
8/14/2019 12:39:01 PM	9.44	0.32	1.37	0.24	0.00	0.00	0.00	0.44	11.37	97.10	3.16	26.14	5002	318	618	7	0	0	0	0	5946	169.24	11.46	2.69	12.54	20.85	15.01	40.64	1.31	43.65	13.31
8/14/2019 12:39:03 PM	9.63	0.54	1.58	0.00	0.00	0.00	0.00	0.31	11.76	96.74	3.26	26.06	5103	543	713	0	0	0	0	0	6359	168.62	11.16	3.09	13.56	19.98	14.95	40.20	1.32	43.69	13.32
8/14/2019 12:39:06 PM	9.73	0.44	1.89	0.00	0.00	0.00	0.00	0.21	12.06	96.73	3.31	26.05	5159	439	849	0	0	0	0	0	6447	168.59	11.60	3.25	13.66	19.55	14.60	41.04	1.32	43.75	13.35
8/14/2019 12:39:08 PM	10.68	0.48	1.38	0.00	0.00	0.00	0.00	0.22	12.54	96.62	3.36	26.04	5662	475	623	0	0	0	0	0	6760	168.40	10.97	3.42	14.03	20.11	15.07	41.91	1.33	43.80	13.34
8/14/2019 12:39:11 PM	10.36	0.54	1.54	0.00	0.00	0.00	0.00	0.22	12.45	96.18	3.42	26.07	5490	543	695	0	0	0	0	0	6727	167.63	11.33	2.50	14.23	19.99	15.42	41.62	1.33	43.88	13.34
8/14/2019 12:39:13 PM	9.59	0.56	1.74	0.00	0.00	0.00	0.00	0.34	11.89	96.62	3.47	26.07	5082	562	784	0	0	0	0	0	6428	168.41	11.63	2.85	13.69	20.51	15.34	41.01	1.34	43.91	13.37
8/14/2019 12:39:15 PM	10.41	0.15	0.84	0.42	0.00	0.00	0.00	0.31	11.83	96.98	3.52	26.03	5519	153	380	13	0	0	0	0	6065	169.03	10.84	2.89	12.52	20.22	15.04	41.14	1.35	43.97	13.38
8/14/2019 12:39:18 PM	9.70	0.20	1.08	0.45	0.00	0.00	0.00	0.31	11.43	96.58	3.60	25.99	5140	200	485	14	0	0	0	0	5839	168.33	11.10	3.38	12.60	19.71	14.78	40.05	1.35	44.03	13.38
8/14/2019 12:39:20 PM	9.65	0.29	1.28	0.36	0.00	0.00	0.00	0.27	11.58	96.91	3.68	25.96	5115	293	574	11	0	0	0	0	5993	168.90	11.26	2.70	12.67	19.42	15.38	40.04	1.36	44.08	13.39
8/14/2019 12:39:22 PM	10.67	0.17	0.78	0.50	0.00	0.00	0.00	0.19	12.12	96.95	3.74	25.96	5653	169	351	15	0	0	0	0	6188	168.99	10.77	3.40	13.04	19.36	15.27	41.05	1.37	44.15	13.40
8/14/2019 12:39:25 PM	9.57	0.55	2.19	0.00	0.00	0.00	0.00	0.27	12.30	96.59	3.79	25.89	5070	549	984	0	0	0	0	0	6603	168.35	12.51	2.96	14.32	20.49	15.41	42.31	1.37	44.19	13.40
8/14/2019 12:39:27 PM	11.38	0.89	2.14	0.00	0.00	0.00	0.00	0.37	14.40	96.60	3.85	25.80	6030	889	962	0	0	0	0	0	7881	168.37	13.95	4.21	17.29	24.31	18.35	48.86	1.38	44.26	13.43
8/14/2019 12:39:30 PM	11.60	0.91	2.32	0.11	0.00	0.00	0.00	0.46	14.94	96.53	3.90	25.66	6147	910	1044	3	0	0	0	0	8104	168.25	15.10	4.28	17.85	26.00	19.56	51.54	1.38	44.29	13.43
8/14/2019 12:39:32 PM	11.46	0.90	2.61	0.44	0.00	0.00	0.00	0.39	15.41	96.29	3.96	25.35	6076	902	1173	13	0	0	0	0	8164	167.83	16.54	4.90	18.76	26.14	20.93	53.24	1.39	44.34	13.44
8/14/2019 12:39:34 PM	10.27	1.67	4.16	1.89	0.00	0.00	0.00	0.59	17.98	95.34	4.01	24.74	5441	1666	1870	57	0	0	0	0	9034	166.17	25.28	8.22	26.25	32.33	30.69	64.53	1.39	44.40	13.45
8/14/2019 12:39:37 PM	10.44	1.99	3.76	3.87	0.00	0.00	0.00	0.50	20.05	95.08	4.05	24.21	5531	1986	1690	116	0	0	0	0	9323	165.72	30.62	11.53	32.16	34.63	39.25	71.36	1.40	44.45	13.44
8/14/2019 12:39:39 PM	9.51	1.66	3.66	4.69	0.00	0.00	0.00	0.56	19.53	94.75	4.13	23.73	5041	1665	1649	141	0	0	0	0	8495	165.14	32.31	12.47	31.88	35.02	40.14	72.00	1.40	44.48	13.46
8/14/2019 12:39:42 PM	10.28	1.79	3.70	5.73	0.00	0.00	0.00	0.55	21.50	93.85	4.17	23.10	5450	1792	1663	172	0	0	0	0	9078	163.58	36.24	13.50	35.29	37.97	45.88	79.15	1.41	44.53	13.47
8/14/2019 12:39:44 PM	9.80	2.62	4.85	8.18	0.00	0.00	0.00	0.71	25.45	93.33	4.22	22.80	5195	2618	2181	245	0	0	0	0	10240	162.68	47.42	19.37	46.02	45.82	59.28	94.99	1.41	44.59	13.47
8/14/2019 12:39:46 PM	10.31	3.02	5.75	13.38	0.00	0.00	0.00	0.69	32.47	92.26	4.25	22.93	5466	3023	2590	401	0	0	0	0	11480	160.82	66.52	27.31	61.21	57.34	83.03	123.49	1.42	44.61	13.47
8/14/2019 12:39:49 PM	10.51	3.53	6.41	14.82	0.00	0.00	0.00	0.76	35.26	91.97	4.30	22.81	5572	3527	2883	445	0	0	0	0	12427	160.30	73.25	30.92	68.00	62.36	91.29	134.05	1.42	44.66	13.50
8/14/2019 12:39:51 PM	10.51	2.69	6.76	16.96	0.00	0.00	0.00	0.64	36.92	91.76	4.33	22.38	5569	2685	3044	509	0	0	0	0	11807	159.94	79.92	32.10	69.05	64.87	97.21	143.81	1.42	44.72	13.51
8/14/2019 12:39:53 PM	8.96	3.68	8.17	17.30	0.00	0.00	0.00	0.80	38.11	91.25	4.36	22.43	4748	3684	3677	519	0	0	0	0	12628	159.06	84.62	34.64	74.80	68.08	102.65	148.14	1.43	44.75	13.54
8/14/2019 12:39:56 PM	9.36	5.19	10.92	24.95	0.00	0.00	0.00	1.03	50.42	90.55	4.41	22.66	4959	5189	4913	749	0	0	0	0	15810	157.84	117.27	49.01	102.98	90.36	142.16	197.59	1.43	44.79	13.53
8/14/2019 12:39:58 PM	14.29	6.63	10.43	31.46	0.00	0.00	0.00	0.67	62.81	89.61	4.47	22.34	7576	6631	4692	944	0	0	0	0	19843	156.19	139.54	62.35	129.09	105.36	175.91	237.47	1.44	44.82	13.52
8/14/2019 12:40:01 PM	13.37	6.02	11.39	40.36	0.00	0.00	0.00	0.61	71.14	88.56	4.50	22.17	7084	6020	5125	1211	0	0	0	0	19440	154.36	168.64	73.82	146.98	120.19	209.15	277.17	1.44	44.85	13.53
8/14/2019 12:40:03 PM	11.53	5.19	11.46	35.04	0.00	0.00	0.00	0.61	63.22	89.03	4.55	22.20	6110	5193	5158	1051	0	0	0	0	17512	155.19	150.42	63.91	128.82	107.74	183.99	247.92	1.45	44.90	13.55
8/14/2019 12:40:05 PM	12.39	5.20	10.57	35.14	0.00	0.00	0.00	0.48	63.30	88.97	4.64	21.97	6567	5204	4756	1054	0	0	0	0	17581	155.08	148.76	64.10	128.99	106.33	183.91	246.17	1.45	44.90	13.57
8/14/2019 12:40:08 PM	12.58	5.10	9.09	32.05	0.00	0.00	0.00	0.49	58.82	89.39	4.71	21.86	6666	5100	4091	962	0	0	0	0	16819	155.80	135.47	60.36	120.52	98.61	169.06	226.67	1.46	44.95	13.58
8/14/2019 12:40:10 PM	11.55	4.49	8.16	29.46	0.00	0.00	0.00	0.49	53.66	89.93	4.76	21.55	6121	4491	3670	884	0	0	0	0	15166	156.75	124.05	54.83	109.63	90.59	154.83	207.69	1.47	44.98	13.59
8/14/2019 12:40:12 PM	11.13	4.44	7.90	29.22	0.00	0.00	0.00	0.54	52.69	90.73	4.80	21.61	5900	4438	3554	877	0	0	0	0	14769	158.14	122.58	53.46	107.92	89.60	153.56	204.56	1.47	45.02	13.59
8/14/2019 12:40:15 PM	12.18	4.94	8.78	29.48	0.00	0.00	0.00	0.44	55.38	90.54	4.82	21.76	6458	4938	3953	884	0	0	0	0	16233	157.82	126.20	56.00	112.97	92.44	157.74	212.34	1.47	45.05	13.59
8/14/2019 12:40:17 PM	11.98	4.46	7.57	29.92	0.00	0.00	0.00	0.56	53.94	90.11	4.86	21.79	6352	4460	3408	898	0	0	0	0	15118	157.07	124.52	55.15	110.33	91.65	156.40	209.07	1.48	45.07	13.61
8/14/2019 12:40:20 PM	11.05	3.92	7.75	29.04	0.00	0.00	0.00	0.41	51.76	90.43	4.92	21.85	5856	3924	3489	871	0	0	0	0	14140	157.62	120.85	52.53	104.88	87.18	150.40	201.63	1.48	45.11	13.62
8/14/2019 12:40:22 PM	10.01	4.66	7.81	28.12	0.00	0.00	0.00	0.55	50.61	90.49	4.97	21.87	5308	4664	3514	844	0	0	0	0	14330	157.72	118.41	52.38	105.53	86.17	148.84	195.86	1.49	45.11	13.60
8/14/2019 12:40:24 PM	9.86	3.67	7.43	28.57	0.00	0.00	0.00	0.39	49.54	90.80	5.04	21.66	5226	3672	3343	857	0	0	0	0	13098	158.27	117.68	50.44	100.97	83.62	146.64	194.03	1.49	45.14	13.61
8/14/2019 12:40:27 PM	12.69	2.39	5.86	37.21	0.00	0.00	0.00	0.18	58.14	90.47	5.09	21.47	6726	2391	2636	1116	0	0	0	0	12869	157.69	141.20	59.59	115.46	96.97	176.76	232.05	1.50	45.16	13.64
8/14/2019 12:40:29 PM	22.05	10.36	12.48	62.30	0.00	0.00	0.00	0.00	107.19	86.61	5.14	21.62	11687	10363	5616	1869	0	0	0	0	29535	150.98	246.71	113.72	227.71	167.42	319.98	404.01	1.50	45.18	13.64
8/14/2019 12:40:32 PM	13.65	6.33	13.13	59.18	0.00	0.00	0.00	0.22	92.29	85.93	5.19	21.69	7235	6329	5907	1775	0	0	0	0	21247	149.78	231.36	100.43	193.76	152.82	287.11	365.49	1.51	45.20	13.65
8/14/2019 12:40:34 PM	5.86	4.23	14.22	42.01	0.00	0.00	0.00	0.37	66.33	88.06	5.24	21.43	3105	4234	6400	1260	0	0	0	0	14999	153.50	174.28	71.22	137.94	113.48	206.64	270.33	1.51	45.21	13.64
8/14/2019 12:40:36 PM	10.44	4.16	8.25	38.72	0.00	0.00	0.00	0.39	61.57	88.90	5.31	21.18	5534	4160	3715	1162	0	0	0	0	14570	154.96	152.23	66.21	128.39	104.07	189.79	244.34	1.52	45.23	13.67
8/14/2019 12:40:39 PM	5.75	2.10	5.30	20.45	0.00	0.00	0.00	0.77	33.60	93.28	5.37	20.45	3048	2097	2385	613	0	0	0	0	8143	162.59	84.45	34.30	68.80	62.57	103.47	138.27	1.53	45.25	13.66
8/14/2019 12:40:41 PM	5.52	2.14	3.92	12.50	0.00	0.00	0.00	0.92	24.08	94.20	5.46	19.12	2927	2142	1762	375	0	0	0	0	7206	164.19	56.49	22.00	48.71	47.52	70.99	97.70	1.53	45.27	13.67
8/14/2019 12:40:43 PM	6.25	2.16	1.91	6.62	0.00	0.00	0.00	1.20	16.95	94.34	5.54	18.49	3315	2162	860	199	0	0	0	0	6536	164.43	34.36	13.99	34.18	37.67	45.98	67.60	1.54	45.29	13.68
8/14/2019 12:40:46 PM	6.32	2.00	1.60	5.27	0.00	0.00	0.00	1.21	15.19	93.09	5.61	18.02	3348	1999	722	158	0	0	0	0	6226	162.26	29.30	11.92	30.08	34.84	39.61	60.52	1.55	45.29	13.67
8/14/2019 12:40:48 PM	7.38	2.20	1.86	5.36	0.00	0.00	0.00	1.15	16.80	92.64	5.70	17.42	3913	2201	838	161	0	0	0	0	7112	161.48	30.84	12.51	32.33	36.51	41.94	65.07	1.56	45.29	13.68
8/14/2019 12:40:51 PM	7.68	2.60	2.37	2.57	0.00	0.00	0.00	1.29	15.23	91.63	5.79	17.10	4072	2600	1066	77	0	0	0	0	7815	159.72	24.19	9.20	28.43	34.67	33.57	57.29	1.57	45.27	13.68
8/14/2019 12:40:53 PM	7.85	2.35	1.73	1.84	0.00	0.00	0.00	1.28	13.77	91.88	5.89	16.82	4160	2352	779	55	0	0	0	0	7345	160.14	20.24	7.49	25.02	32.24	29.18	51.62	1.58	45.28	13.69
8/14/2019 12:40:55 PM	7.61	2.47	1.97	1.20	0.00	0.00	0.00	1.29	13.25	92.39	5.95	16.62	4033	2467	889	36	0	0	0	0	7424	161.03	18.77	7.00	24.18	31.41	27.06	49.24	1.58	45.25	13.70
8/14/2019 12:40:58 PM	7.56	2.29	1.65	1.17	0.00	0.00	0.00	1.36	12.67	92.73	5.98	16.98	4006	2291	742	35	0	0	0	0	7074	161.62	17.93	6.43	22.89	31.24	26.01	47.99	1.59	45.24	13.71
8/14/2019 12:41:00 PM	7.50	2.26	1.56	1.00	0.00	0.00	0.00	1.32	12.32	92.48	6.02	17.47	3976	2257	700	30	0	0	0	0	6963	161.20	17.03	5.91	22.11	30.36	25.13	46.38	1.59	45.25	13.70
8/14/2019 12:41:03 PM	7.52	2.58	2.07	0.82	0.00	0.00	0.00	1.35	12.99	92.52	6.06	17.44	3984	2582	933	25	0	0	0	0	7523	161.26	18.04	6.48	23.81	31.51	26.22	48.27	1.59	45.24	13.71
8/14/2019 12:41:05 PM	8.18	2.54	1.89	0.95	0.00	0.00	0.00	1.36	13.57	92.34	6.12	17.44	4334	2544	852	29	0	0	0	0	7759	160.94	18.39	6.74	24.36	32.40	26.89	50.20	1.60	45.23	13.73
8/14/2019 12:41:07 PM	8.31	2.63	2.13	0.86	0.00	0.00	0.00	1.45	13.93	92.39	6.18	17.55	4402	2627	961	26	0	0	0	0	8016	161.04	19.06	6.61	24.81	33.79	27.43	52.00	1.61	45.23	13.72
8/14/2019 12:41:10 PM	9.98	3.10	2.59	0.44	0.00	0.00	0.00	1.50	16.12	91.51	6.22	17.53	5289	3103	1166	13	0	0	0	0	9572	159.51	20.38	7.17	27.97	37.18	29.62	58.19	1.61	45.20	13.72
8/14/2019 12:41:12 PM	11.36	3.85	3.21	1.39	0.00	0.00	0.00	1.67	19.81	90.62	6.28	17.44	6021	3848	1446	42	0	0	0	0	11356	157.95	26.67	10.39	35.66	44.18	38.06	71.13	1.62	45.17	13.74
8/14/2019 12:41:14 PM	11.79	3.39	3.25	1.39	0.00	0.00	0.00	1.60	19.82	90.24	6.36	17.16	6248	3387	1465	42	0	0	0	0	11142	157.29	26.52	9.18	33.63	43.74	36.98	71.95	1.62	45.18	13.73
8/14/2019 12:41:17 PM	13.05	3.62	3.09	1.14	0.00	0.00	0.00	1.82	20.90	89.68	6.46	16.03	6917	3617	1390	34	0	0	0	0	11958	156.32	26.84	9.37	35.12	47.29	37.90	76.04	1.63	45.16	13.74
8/14/2019 12:41:19 PM	13.77	3.72	3.14	0.96	0.00	0.00	0.00	1.88	21.60	89.09	6.51	15.38	7301	3724	1413	29	0	0	0	0	12467	155.29	27.10	9.08	35.76	48.80	38.53	78.34	1.64	45.14	13.75
8/14/2019 12:41:22 PM	14.59	3.95	3.25	0.72	0.00	0.00	0.00	1.87	22.51	88.60	6.59	15.55	7734	3948	1463	22	0	0	0	0	13167	154.44	27.21	9.36	37.08	49.72	39.16	80.31	1.65	45.11	13.74
8/14/2019 12:41:24 PM	14.62	3.89	3.10	0.47	0.00	0.00	0.00	1.98	22.08	88.22	6.66	15.68	7746	3891	1396	14	0	0	0	0	13047	153.78	26.36	8.80	36.13	50.24	37.97	79.58	1.65	45.08	13.73
8/14/2019 12:41:26 PM	14.75	4.02	3.30	0.16	0.00	0.00	0.00	1.91	22.22	88.38	6.73	15.74	7817	4018	1486	5	0	0	0	0	13325	154.05	25.83	8.83	36.35	49.58	37.37	78.97	1.66	45.05	13.74
8/14/2019 12:41:29 PM	14.31	3.59	2.85	0.24	0.00	0.00	0.00	2.00	20.98	87.80	6.81	15.56	7584	3586	1280	7	0	0	0	0	12458	153.05	24.62	7.92	33.65	48.87	35.29	76.45	1.67	45.01	13.74
8/14/2019 12:41:31 PM	14.58	3.64	2.82	0.31	0.00	0.00	0.00	1.95	21.34	88.13	6.88	15.60	7726	3642	1268	9	0	0	0	0	12646	153.62	24.85	8.22	34.30	48.90	35.88	77.14	1.67	44.98	13.76
8/14/2019 12:41:33 PM	13.55	3.31	2.60	0.28	0.00	0.00	0.00	1.94	19.73	88.02	6.95	15.48	7180	3310	1170	8	0	0	0	0	11668	153.43	23.33	7.53	31.61	46.65	33.30	72.54	1.68	44.95	13.74
8/14/2019 12:41:36 PM	13.48	3.28	2.53	0.12	0.00	0.00	0.00	1.99	19.42	88.46	6.98	15.02	7147	3283	1138	4	0	0	0	0	11571	154.20	22.75	7.18	30.99	46.66	32.53	71.75	1.68	44.90	13.76
8/14/2019 12:41:38 PM	11.75	3.16	2.39	0.00	0.00	0.00	0.00	2.00	17.31	88.80	7.04	15.21	6227	3163	1077	0	0	0	0	0	10467	154.78	20.92	6.80	28.70	43.72	29.77	65.05	1.69	44.87	13.76
8/14/2019 12:41:41 PM	8.88	2.85	2.38	0.00	0.00	0.00	0.00	1.95	14.11	90.49	7.10	14.92	4705	2851	1072	0	0	0	0	0	8628	157.73	18.79	6.19	24.92	38.83	25.88	55.25	1.70	44.83	13.72
8/14/2019 12:41:43 PM	7.49	2.40	1.95	0.69	0.00	0.00	0.00	1.90	12.52	91.11	7.15	14.45	3969	2398	876	21	0	0	0	0	7264	158.80	18.60	6.20	22.76	36.53	25.14	51.39	1.70	44.79	13.74
8/14/2019 12:41:45 PM	7.35	2.29	1.67	0.86	0.00	0.00	0.00	1.98	12.18	91.21	7.22	14.87	3896	2294	754	26	0	0	0	0	6970	158.99	18.54	6.07	22.28	36.86	25.12	51.09	1.71	44.76	13.72
8/14/2019 12:41:48 PM	7.21	2.22	1.64	0.95	0.00	0.00	0.00	1.96	12.02	91.44	7.31	15.33	3820	2224	737	28	0	0	0	0	6809	159.38	18.53	6.11	22.01	36.54	24.97	50.70	1.72	44.72	13.75
8/14/2019 12:41:50 PM	7.11	2.32	1.81	0.76	0.00	0.00	0.00	1.99	12.01	91.23	7.34	15.19	3768	2321	815	23	0	0	0	0	6927	159.02	18.46	6.00	22.12	36.69	24.79	50.57	1.72	44.66	13.74
8/14/2019 12:41:53 PM	7.67	2.52	2.04	0.50	0.00	0.00	0.00	1.94	12.73	90.99	7.37	15.01	4063	2521	920	15	0	0	0	0	7519	158.59	18.54	6.15	23.15	37.06	25.19	51.88	1.72	44.59	13.74
8/14/2019 12:41:55 PM	6.69	2.12	1.60	0.76	0.00	0.00	0.00	1.93	11.17	91.34	7.53	14.30	3547	2117	720	23	0	0	0	0	6407	159.20	17.38	5.68	20.62	35.02	23.26	47.78	1.74	44.57	13.74
8/14/2019 12:41:57 PM	7.24	2.21	1.63	0.58	0.00	0.00	0.00	1.99	11.66	91.00	7.69	12.85	3839	2208	733	17	0	0	0	0	6798	158.61	17.44	5.59	21.12	36.21	23.50	49.38	1.75	44.51	13.76
8/14/2019 12:42:00 PM	6.94	2.23	1.53	0.41	0.00	0.00	0.00	2.09	11.11	91.09	7.79	12.10	3678	2227	688	12	0	0	0	0	6605	158.77	16.76	5.31	20.50	36.31	22.61	48.00	1.76	44.46	13.70
8/14/2019 12:42:02 PM	6.80	2.37	1.66	0.33	0.00	0.00	0.00	2.30	11.15	91.05	7.86	11.94	3601	2368	748	10	0	0	0	0	6726	158.70	17.39	5.40	21.03	38.43	23.04	49.48	1.77	44.41	13.71
8/14/2019 12:42:04 PM	6.22	2.49	1.62	0.19	0.00	0.00	0.00	2.47	10.52	91.07	8.00	11.73	3296	2490	727	6	0	0	0	0	6519	158.73	17.09	5.16	20.78	39.20	22.68	48.30	1.78	44.32	13.72
8/14/2019 12:42:07 PM	5.28	2.30	1.25	0.00	0.00	0.00	0.00	2.36	8.82	90.97	8.17	11.29	2796	2297	563	0	0	0	0	0	5656	158.56	14.59	4.44	18.31	35.59	19.76	41.83	1.80	44.25	13.74
8/14/2019 12:42:09 PM	4.66	1.94	0.97	0.00	0.00	0.00	0.00	2.10	7.57	91.04	8.34	10.88	2469	1944	437	0	0	0	0	0	4850	158.69	12.59	3.75	15.81	31.29	17.27	36.41	1.82	44.17	13.74
8/14/2019 12:42:12 PM	3.96	1.62	0.87	0.00	0.00	0.00	0.00	1.85	6.46	90.99	8.51	10.58	2100	1623	392	0	0	0	0	0	4115	158.60	11.01	3.18	13.48	27.31	15.15	31.61	1.83	44.08	13.75
8/14/2019 12:42:14 PM	3.96	1.61	0.80	0.00	0.00	0.00	0.00	1.74	6.36	91.19	8.61	10.38	2098	1606	358	0	0	0	0	0	4062	158.95	10.52	3.23	13.39	26.04	14.79	30.37	1.84	44.04	13.66
8/14/2019 12:42:16 PM	3.49	1.54	0.70	0.00	0.00	0.00	0.00	1.72	5.72	91.12	8.75	10.47	1847	1535	313	0	0	0	0	0	3696	158.83	9.90	3.03	12.75	24.89	13.76	28.19	1.86	43.96	13.68
8/14/2019 12:42:19 PM	2.88	1.30	0.64	0.00	0.00	0.00	0.00	1.53	4.82	91.19	8.88	10.30	1526	1296	289	0	0	0	0	0	3111	158.94	8.74	2.55	10.95	21.88	12.16	24.46	1.87	43.87	13.76
8/14/2019 12:42:21 PM	2.32	1.19	0.47	0.00	0.00	0.00	0.00	1.48	3.98	91.12	8.98	10.00	1231	1190	211	0	0	0	0	0	2632	158.83	7.74	2.42	9.74	20.13	11.06	21.42	1.88	43.84	13.68
8/14/2019 12:42:24 PM	2.17	1.15	0.54	0.00	0.00	0.00	0.00	1.47	3.86	91.36	9.12	9.88	1150	1153	241	0	0	0	0	0	2545	159.24	7.76	2.38	9.46	19.93	10.91	21.16	1.89	43.75	13.67
8/14/2019 12:42:26 PM	1.84	1.07	0.43	0.00	0.00	0.00	0.00	1.41	3.34	91.18	9.19	9.84	977	1068	194	0	0	0	0	0	2238	158.92	7.08	2.21	8.72	18.59	10.05	19.12	1.90	43.62	13.64
8/14/2019 12:42:28 PM	1.77	1.04	0.37	0.00	0.00	0.00	0.00	1.42	3.18	91.07	9.26	9.90	940	1040	165	0	0	0	0	0	2145	158.74	6.91	2.07	8.48	18.50	9.82	18.72	1.91	43.55	13.64
8/14/2019 12:42:31 PM	1.63	1.10	0.43	0.00	0.00	0.00	0.00	1.42	3.15	90.88	9.39	9.83	863	1096	193	0	0	0	0	0	2153	158.41	7.00	2.18	8.70	18.40	9.97	18.51	1.92	43.50	13.64
8/14/2019 12:42:33 PM	1.55	1.03	0.42	0.00	0.00	0.00	0.00	1.41	3.00	91.02	9.47	9.91	821	1029	191	0	0	0	0	0	2041	158.65	6.84	2.10	8.23	18.08	9.69	18.10	1.93	43.36	13.68
8/14/2019 12:42:35 PM	1.48	1.06	0.37	0.00	0.00	0.00	0.00	1.41	2.91	90.92	9.53	9.92	783	1062	167	0	0	0	0	0	2011	158.47	6.74	2.11	8.44	18.01	9.54	17.71	1.93	43.35	13.64
8/14/2019 12:42:38 PM	1.58	1.07	0.34	0.00	0.00	0.00	0.00	1.41	2.98	90.78	9.58	9.99	836	1068	153	0	0	0	0	0	2057	158.23	6.72	2.08	8.47	18.07	9.67	17.87	1.94	43.21	13.70
8/14/2019 12:42:40 PM	1.50	0.97	0.32	0.03	0.00	0.00	0.00	1.41	2.82	90.75	9.69	9.99	795	975	142	1	0	0	0	0	1913	158.18	6.60	2.02	7.85	17.87	9.46	17.59	1.95	43.09	13.64
8/14/2019 12:42:43 PM	1.56	1.04	0.32	0.00	0.00	0.00	0.00	1.40	2.92	90.56	9.82	9.70	827	1042	144	0	0	0	0	0	2013	157.86	6.60	2.18	8.27	17.90	9.54	17.66	1.96	43.02	13.71
8/14/2019 12:42:45 PM	1.28	1.02	0.32	0.00	0.00	0.00	0.00	1.42	2.62	90.48	9.95	9.53	679	1019	143	0	0	0	0	0	1842	157.71	6.47	2.00	7.94	17.65	9.24	16.88	1.97	42.91	13.58
8/14/2019 12:42:47 PM	1.27	1.05	0.31	0.00	0.00	0.00	0.00	1.40	2.63	90.29	10.10	9.64	674	1049	137	0	0	0	0	0	1861	157.38	6.42	2.02	8.09	17.49	9.29	16.68	1.99	42.83	13.57
8/14/2019 12:42:50 PM	1.15	1.03	0.33	0.00	0.00	0.00	0.00	1.43	2.52	90.55	10.25	9.69	611	1034	149	0	0	0	0	0	1794	157.83	6.45	2.02	7.89	17.58	9.23	16.59	2.00	42.70	13.58
8/14/2019 12:42:52 PM	1.21	1.00	0.34	0.00	0.00	0.00	0.00	1.42	2.55	90.36	10.40	9.38	642	998	152	0	0	0	0	0	1793	157.51	6.46	1.99	7.70	17.62	9.23	16.78	2.02	42.64	13.57
8/14/2019 12:42:54 PM	1.21	1.08	0.32	0.00	0.00	0.00	0.00	1.45	2.61	90.42	10.54	9.20	640	1084	145	0	0	0	0	0	1869	157.61	6.58	2.03	8.28	17.92	9.38	16.93	2.03	42.51	13.57
8/14/2019 12:42:57 PM	0.93	1.08	0.48	0.00	0.00	0.00	0.00	1.48	2.50	90.15	10.68	9.19	494	1085	216	0	0	0	0	0	1795	157.14	6.86	2.10	8.02	18.14	9.56	17.02	2.05	42.45	13.53
8/14/2019 12:42:59 PM	1.36	1.25	0.48	0.00	0.00	0.00	0.00	1.51	3.08	89.85	10.76	9.27	718	1248	216	0	0	0	0	0	2182	156.61	7.33	2.29	9.36	19.11	10.38	18.61	2.05	42.36	13.55
8/14/2019 12:43:02 PM	0.98	1.23	0.41	0.00	0.00	0.00	0.00	1.55	2.62	89.51	10.87	9.37	519	1231	183	0	0	0	0	0	1933	156.01	7.05	2.09	8.86	18.91	10.01	17.45	2.07	42.23	13.52
8/14/2019 12:43:04 PM	1.35	1.29	0.47	0.00	0.00	0.00	0.00	1.57	3.12	89.63	11.01	9.46	718	1294	211	0	0	0	0	0	2224	156.23	7.53	2.25	9.55	19.82	10.66	19.12	2.08	42.13	13.49
8/14/2019 12:43:06 PM	1.17	1.25	0.38	0.00	0.00	0.00	0.00	1.58	2.81	89.41	11.11	9.38	620	1252	173	0	0	0	0	0	2045	155.84	7.18	2.17	9.12	19.42	10.23	18.17	2.09	42.11	13.51
8/14/2019 12:43:09 PM	1.07	1.29	0.42	0.00	0.00	0.00	0.00	1.59	2.78	89.55	11.17	9.31	567	1289	190	0	0	0	0	0	2046	156.09	7.27	2.32	9.31	19.47	10.26	18.10	2.09	41.93	13.46
8/14/2019 12:43:11 PM	10.76	2.81	2.92	0.19	0.00	0.00	0.00	0.87	16.69	81.42	11.19	9.41	5702	2814	1315	6	0	0	0	0	9838	141.93	18.98	5.95	26.51	31.69	28.38	55.85	2.10	41.84	13.45
