Date/Time	Green Algae	Bluegreen	Diatoms	Cryptophyta	#5	#6	#7	Yellow substances	Total conc.	Transmission	Depth	Temp. Sample	Green Algae	Bluegreen	Diatoms	Cryptophyta	#5	#6	#7	Yellow substances	Total cell count	Trans. 700 nm	LED 3 [525 nm]	LED 4 [570 nm]	LED 5 [610 nm]	LED 6 [370 nm]	LED 7 [590 nm]	LED 8 [470 nm]	Pressure	Temp. LEDs	Temp. Sensor
date	µg/l	µg/l	µg/l	µg/l	µg/l	µg/l	µg/l	r.u.	µg/l	%	m	°C	cells/ml	cells/ml	cells/ml	cells/ml	cells/ml	cells/ml	cells/ml	r.u.	cells/ml	digits	digits	digits	digits	digits	digits	digits	bar	°C	°C
10/28/2019 1:56:33 PM	7.22	0.67	3.96	4.90	0.00	0.00	0.00	0.67	16.74	100.00	0.36	15.56	3829	665	1780	147	0	0	0	0	6420	168.62	26.09	9.05	22.17	26.71	28.35	55.12	1.04	30.75	9.84
10/28/2019 1:56:35 PM	6.15	1.06	4.83	4.16	0.00	0.00	0.00	1.01	16.20	100.00	0.44	15.45	3261	1062	2172	125	0	0	0	0	6620	168.01	27.00	6.74	21.98	29.05	29.13	56.10	1.04	30.82	9.85
10/28/2019 1:56:38 PM	8.76	0.90	4.15	4.48	0.00	0.00	0.00	0.95	18.29	100.00	0.51	15.45	4644	898	1867	134	0	0	0	0	7543	168.56	26.92	10.61	24.08	30.62	28.61	60.63	1.05	30.86	9.85
10/28/2019 1:56:40 PM	6.28	2.04	9.33	1.53	0.00	0.00	0.00	0.73	19.18	100.00	0.55	15.46	3328	2039	4200	46	0	0	0	0	9612	169.61	30.89	6.12	25.21	30.84	29.81	64.17	1.05	30.94	9.88
10/28/2019 1:56:43 PM	8.67	0.75	5.75	4.73	0.00	0.00	0.00	1.01	19.89	100.00	0.57	15.51	4595	746	2588	142	0	0	0	0	8070	169.10	31.15	9.91	24.98	33.56	31.18	67.88	1.06	30.99	9.85
10/28/2019 1:56:45 PM	9.86	0.41	5.38	5.54	0.00	0.00	0.00	0.52	21.19	100.00	0.60	15.49	5225	406	2422	166	0	0	0	0	8219	168.08	31.50	9.73	25.13	30.99	32.75	68.32	1.06	31.10	9.89
10/28/2019 1:56:47 PM	7.25	2.14	7.56	2.53	0.00	0.00	0.00	1.21	19.48	100.00	0.63	15.52	3844	2138	3402	76	0	0	0	0	9459	169.00	30.83	8.35	27.01	34.60	31.40	66.38	1.06	31.06	9.95
10/28/2019 1:56:50 PM	8.73	0.95	4.73	5.05	0.00	0.00	0.00	1.23	19.46	100.00	0.66	15.52	4628	946	2127	152	0	0	0	0	7853	166.67	30.54	7.48	24.67	34.52	33.28	66.69	1.06	31.13	9.89
10/28/2019 1:56:52 PM	9.26	1.83	6.78	2.70	0.00	0.00	0.00	0.75	20.58	100.00	0.70	15.48	4910	1828	3052	81	0	0	0	0	9871	168.57	29.23	6.97	26.11	31.71	31.58	65.43	1.07	31.19	9.90
10/28/2019 1:56:55 PM	9.84	0.41	3.84	6.05	0.00	0.00	0.00	0.82	20.15	100.00	0.75	15.49	5217	410	1729	182	0	0	0	0	7538	170.83	29.89	10.89	25.07	31.82	32.24	66.00	1.07	31.25	9.92
10/28/2019 1:56:57 PM	7.89	0.18	4.59	6.39	0.00	0.00	0.00	1.01	19.06	100.00	0.81	15.55	4184	182	2064	192	0	0	0	0	6621	166.70	31.85	9.46	23.80	32.70	32.86	66.36	1.08	31.28	9.94
10/28/2019 1:56:59 PM	8.72	1.82	7.65	3.02	0.00	0.00	0.00	0.61	21.20	100.00	0.86	15.74	4622	1816	3441	91	0	0	0	0	9969	169.20	31.24	8.48	27.35	31.59	32.44	67.43	1.08	31.33	9.94
10/28/2019 1:57:02 PM	7.49	1.30	7.47	3.57	0.00	0.00	0.00	0.79	19.83	100.00	0.96	15.77	3968	1303	3362	107	0	0	0	0	8740	168.72	31.66	8.47	25.49	31.89	31.31	66.53	1.09	31.37	9.95
10/28/2019 1:57:04 PM	6.99	1.59	7.92	3.60	0.00	0.00	0.00	0.74	20.10	100.00	1.07	15.63	3705	1590	3564	108	0	0	0	0	8967	168.40	32.48	10.39	27.23	31.87	31.76	66.91	1.11	31.41	9.94
10/28/2019 1:57:06 PM	7.51	0.57	6.71	5.17	0.00	0.00	0.00	0.79	19.96	100.00	1.13	15.54	3983	575	3017	155	0	0	0	0	7730	169.37	33.20	9.91	25.04	32.34	32.19	68.44	1.11	31.47	9.94
10/28/2019 1:57:09 PM	5.02	1.82	8.57	3.30	0.00	0.00	0.00	1.22	18.72	100.00	1.17	15.60	2661	1825	3858	99	0	0	0	0	8442	168.01	33.63	9.83	26.99	34.55	31.71	67.14	1.11	31.50	9.94
10/28/2019 1:57:11 PM	8.22	1.05	6.02	5.47	0.00	0.00	0.00	1.20	20.76	100.00	1.22	15.67	4357	1050	2710	164	0	0	0	0	8281	169.41	33.98	11.04	27.54	36.23	34.58	71.68	1.12	31.53	9.93
10/28/2019 1:57:14 PM	8.45	0.81	6.78	4.89	0.00	0.00	0.00	0.80	20.93	100.00	1.27	15.71	4479	813	3050	147	0	0	0	0	8490	169.52	33.33	9.60	26.01	33.31	33.12	70.34	1.12	31.58	9.97
10/28/2019 1:57:16 PM	5.72	1.47	7.99	3.88	0.00	0.00	0.00	1.00	19.06	100.00	1.30	15.69	3031	1474	3598	116	0	0	0	0	8219	169.76	33.26	9.99	26.47	33.03	31.81	66.68	1.13	31.61	9.97
10/28/2019 1:57:18 PM	6.88	1.18	7.68	4.05	0.00	0.00	0.00	0.89	19.78	100.00	1.32	15.63	3646	1176	3457	121	0	0	0	0	8400	169.61	33.06	9.86	26.01	32.96	31.62	68.08	1.13	31.64	9.96
10/28/2019 1:57:21 PM	8.34	0.43	5.69	6.20	0.00	0.00	0.00	0.86	20.65	100.00	1.35	15.63	4418	426	2559	186	0	0	0	0	7588	169.93	33.81	10.80	25.96	33.51	34.09	70.26	1.13	31.65	9.97
10/28/2019 1:57:23 PM	7.05	1.39	7.61	4.05	0.00	0.00	0.00	0.85	20.09	100.00	1.36	15.69	3735	1385	3423	122	0	0	0	0	8665	169.23	33.00	10.48	26.99	32.84	32.18	68.00	1.13	31.70	9.97
10/28/2019 1:57:26 PM	6.67	1.06	7.46	4.65	0.00	0.00	0.00	0.80	19.84	100.00	1.38	15.76	3537	1061	3357	139	0	0	0	0	8094	170.04	33.61	10.00	26.18	32.29	32.66	67.84	1.14	31.73	9.99
10/28/2019 1:57:28 PM	6.54	1.24	8.95	3.95	0.00	0.00	0.00	0.63	20.67	100.00	1.41	15.65	3465	1239	4026	118	0	0	0	0	8848	170.24	34.89	10.26	26.98	32.16	32.45	69.97	1.14	31.76	9.99
10/28/2019 1:57:30 PM	6.32	1.72	9.64	3.25	0.00	0.00	0.00	0.95	20.93	100.00	1.44	15.45	3352	1716	4338	98	0	0	0	0	9504	168.98	35.82	9.69	28.07	35.15	33.24	72.53	1.14	31.78	10.00
10/28/2019 1:57:33 PM	6.56	0.96	9.55	4.17	0.00	0.00	0.00	0.53	21.24	100.00	1.46	15.47	3476	965	4296	125	0	0	0	0	8862	169.38	36.38	10.06	26.74	32.36	32.91	72.32	1.14	31.83	10.01
10/28/2019 1:57:35 PM	6.73	0.34	7.18	5.89	0.00	0.00	0.00	0.92	20.14	100.00	1.48	15.57	3569	335	3232	177	0	0	0	0	7313	169.53	35.73	10.71	25.46	34.04	33.43	71.51	1.15	31.85	9.99
10/28/2019 1:57:37 PM	6.40	1.25	9.04	3.94	0.00	0.00	0.00	0.78	20.62	100.00	1.51	15.40	3390	1245	4067	118	0	0	0	0	8821	169.81	35.40	10.07	26.99	33.44	32.70	71.10	1.15	31.87	10.00
10/28/2019 1:57:40 PM	6.70	1.42	8.69	3.86	0.00	0.00	0.00	0.77	20.68	100.00	1.55	15.25	3552	1424	3910	116	0	0	0	0	9002	169.49	34.70	9.77	27.30	33.20	33.07	70.23	1.15	31.89	10.00
10/28/2019 1:57:42 PM	8.12	1.23	8.88	3.79	0.00	0.00	0.00	0.55	22.02	100.00	1.58	15.30	4303	1225	3997	114	0	0	0	0	9638	169.63	34.92	10.10	27.53	32.90	32.95	72.67	1.15	31.92	10.01
10/28/2019 1:57:45 PM	7.03	0.82	8.68	4.65	0.00	0.00	0.00	0.69	21.19	100.00	1.58	15.27	3728	823	3906	140	0	0	0	0	8597	169.65	36.12	9.56	26.39	33.41	33.63	72.72	1.15	31.94	10.02
10/28/2019 1:57:47 PM	7.73	0.39	7.69	5.42	0.00	0.00	0.00	0.64	21.23	100.00	1.61	15.31	4095	390	3463	163	0	0	0	0	8110	168.05	35.61	10.43	25.81	32.96	33.32	72.53	1.16	31.96	10.03
10/28/2019 1:57:49 PM	6.47	1.33	9.58	3.59	0.00	0.00	0.00	0.62	20.97	100.00	1.66	15.32	3428	1326	4312	108	0	0	0	0	9174	169.17	35.50	9.72	27.09	32.55	32.58	71.13	1.16	31.97	10.04
10/28/2019 1:57:52 PM	6.82	0.65	8.28	5.03	0.00	0.00	0.00	0.69	20.77	100.00	1.69	15.31	3614	652	3724	151	0	0	0	0	8141	169.39	35.81	10.99	26.31	32.98	32.86	71.77	1.17	32.00	10.02
10/28/2019 1:57:54 PM	7.58	0.80	8.39	4.67	0.00	0.00	0.00	0.67	21.43	100.00	1.74	15.35	4018	795	3775	140	0	0	0	0	8729	169.80	35.67	10.15	26.59	33.46	33.30	72.93	1.17	32.02	10.02
10/28/2019 1:57:56 PM	6.32	0.92	8.98	4.45	0.00	0.00	0.00	0.79	20.67	100.00	1.77	15.38	3351	916	4043	133	0	0	0	0	8444	168.91	36.23	10.53	26.60	33.81	32.76	72.31	1.17	32.03	10.02
10/28/2019 1:57:59 PM	7.15	0.82	8.18	4.91	0.00	0.00	0.00	0.71	21.06	100.00	1.79	15.46	3790	819	3681	147	0	0	0	0	8437	169.50	35.70	9.82	26.49	33.26	33.84	71.98	1.18	32.05	10.03
10/28/2019 1:58:01 PM	6.38	0.96	8.83	4.83	0.00	0.00	0.00	0.76	21.01	100.00	1.81	15.52	3383	964	3972	145	0	0	0	0	8464	169.20	36.87	9.61	26.93	33.84	34.57	72.78	1.18	32.09	10.02
10/28/2019 1:58:04 PM	5.81	1.49	10.03	3.40	0.00	0.00	0.00	0.79	20.72	100.00	1.83	15.54	3077	1485	4513	102	0	0	0	0	9177	169.28	36.26	9.65	27.40	33.85	32.81	71.96	1.18	32.09	10.02
10/28/2019 1:58:06 PM	7.47	0.25	7.57	5.25	0.00	0.00	0.00	0.68	20.54	100.00	1.86	15.56	3961	252	3407	157	0	0	0	0	7777	168.93	34.84	9.69	24.58	32.56	32.23	71.13	1.18	32.11	10.03
10/28/2019 1:58:08 PM	6.97	0.84	8.36	4.39	0.00	0.00	0.00	0.66	20.56	100.00	1.89	15.60	3695	841	3761	132	0	0	0	0	8428	169.57	34.70	9.24	25.65	32.29	32.49	70.23	1.19	32.10	10.04
10/28/2019 1:58:11 PM	6.89	0.79	8.60	4.13	0.00	0.00	0.00	0.72	20.41	100.00	1.92	15.61	3652	789	3868	124	0	0	0	0	8433	168.93	34.68	9.16	25.24	32.76	31.71	70.63	1.19	32.13	10.04
10/28/2019 1:58:13 PM	5.82	1.11	9.51	3.62	0.00	0.00	0.00	0.80	20.06	100.00	1.94	15.66	3085	1108	4282	109	0	0	0	0	8583	169.55	35.39	9.60	25.93	33.21	31.45	70.62	1.19	32.16	10.05
10/28/2019 1:58:16 PM	6.40	0.73	8.67	4.27	0.00	0.00	0.00	0.56	20.06	100.00	1.97	15.69	3389	729	3900	128	0	0	0	0	8147	169.34	34.47	9.88	25.15	31.09	31.19	68.87	1.19	32.16	10.05
10/28/2019 1:58:18 PM	5.86	0.98	9.25	3.92	0.00	0.00	0.00	0.69	20.01	100.00	1.99	15.61	3104	980	4162	118	0	0	0	0	8364	169.55	35.20	9.49	25.63	32.23	31.64	69.75	1.20	32.17	10.05
10/28/2019 1:58:20 PM	6.87	0.92	8.46	4.53	0.00	0.00	0.00	0.73	20.78	100.00	2.01	15.46	3643	920	3805	136	0	0	0	0	8504	169.41	35.35	10.46	26.58	33.14	32.79	71.37	1.20	32.17	10.04
10/28/2019 1:58:23 PM	5.95	0.72	8.40	4.51	0.00	0.00	0.00	0.87	19.58	100.00	2.03	15.40	3155	720	3778	135	0	0	0	0	7788	169.11	34.97	9.98	25.13	33.16	31.52	69.76	1.20	32.19	10.06
10/28/2019 1:58:25 PM	6.44	1.14	9.40	3.58	0.00	0.00	0.00	0.71	20.56	100.00	2.06	15.38	3415	1139	4229	107	0	0	0	0	8890	168.68	35.14	9.44	26.18	32.89	31.75	70.93	1.20	32.22	10.04
10/28/2019 1:58:27 PM	6.96	0.98	8.00	4.25	0.00	0.00	0.00	0.85	20.19	100.00	2.07	15.36	3687	984	3598	128	0	0	0	0	8397	168.23	34.05	9.74	25.88	33.26	32.02	69.78	1.20	32.22	10.05
10/28/2019 1:58:30 PM	7.13	0.94	9.05	3.76	0.00	0.00	0.00	0.70	20.89	100.00	2.08	15.35	3781	945	4074	113	0	0	0	0	8913	169.25	34.99	9.00	25.72	33.15	31.86	71.77	1.20	32.23	10.05
10/28/2019 1:58:32 PM	5.69	1.17	10.12	3.63	0.00	0.00	0.00	0.66	20.61	100.00	2.11	15.40	3016	1165	4555	109	0	0	0	0	8845	168.75	36.42	9.96	26.65	32.87	32.10	71.73	1.21	32.23	10.04
10/28/2019 1:58:35 PM	6.27	1.28	9.92	3.55	0.00	0.00	0.00	0.74	21.02	100.00	2.15	15.48	3323	1283	4462	107	0	0	0	0	9175	169.02	36.29	10.23	27.25	33.82	32.39	72.76	1.21	32.25	10.07
10/28/2019 1:58:37 PM	7.47	0.70	8.39	4.74	0.00	0.00	0.00	0.69	21.31	100.00	2.19	15.46	3962	703	3777	142	0	0	0	0	8584	169.37	35.81	9.72	26.16	33.53	33.32	72.99	1.21	32.25	10.06
10/28/2019 1:58:39 PM	5.44	1.27	10.22	3.02	0.00	0.00	0.00	0.66	19.95	100.00	2.21	15.31	2885	1269	4598	91	0	0	0	0	8842	168.68	35.17	8.72	25.66	31.98	30.96	69.50	1.22	32.27	10.06
10/28/2019 1:58:42 PM	6.87	0.48	8.12	4.69	0.00	0.00	0.00	0.67	20.15	100.00	2.24	15.15	3640	477	3655	141	0	0	0	0	7912	169.60	34.60	9.23	24.52	32.10	31.68	69.99	1.22	32.27	10.06
10/28/2019 1:58:44 PM	6.74	0.83	8.46	3.69	0.00	0.00	0.00	0.60	19.71	100.00	2.25	15.04	3570	828	3806	111	0	0	0	0	8315	169.45	33.03	8.18	24.17	30.83	30.46	67.38	1.22	32.31	10.06
10/28/2019 1:58:47 PM	5.74	1.41	8.90	3.07	0.00	0.00	0.00	0.85	19.12	100.00	2.27	15.00	3040	1414	4005	92	0	0	0	0	8552	168.68	33.02	8.86	25.44	32.11	30.37	66.65	1.22	32.30	10.08
10/28/2019 1:58:49 PM	5.81	1.19	9.03	3.68	0.00	0.00	0.00	0.78	19.71	100.00	2.30	15.03	3080	1195	4062	110	0	0	0	0	8447	170.02	34.47	9.41	25.84	32.43	31.47	68.71	1.23	32.29	10.06
10/28/2019 1:58:51 PM	5.20	0.73	8.62	3.94	0.00	0.00	0.00	0.78	18.50	100.00	2.32	15.15	2758	730	3880	118	0	0	0	0	7486	168.56	33.62	8.72	23.63	31.24	29.89	66.28	1.23	32.29	10.06
10/28/2019 1:58:54 PM	6.21	1.14	9.07	3.00	0.00	0.00	0.00	0.66	19.42	100.00	2.34	15.23	3290	1137	4083	90	0	0	0	0	8600	169.87	32.83	8.85	24.71	31.06	29.44	66.89	1.23	32.30	10.06
10/28/2019 1:58:56 PM	5.81	0.91	8.73	3.43	0.00	0.00	0.00	0.71	18.89	100.00	2.36	15.19	3080	912	3931	103	0	0	0	0	8026	170.60	32.86	8.76	23.99	30.90	29.37	66.15	1.23	32.30	10.07
10/28/2019 1:58:58 PM	5.65	1.10	8.73	2.93	0.00	0.00	0.00	0.62	18.41	100.00	2.39	15.16	2994	1099	3928	88	0	0	0	0	8109	169.67	31.55	8.04	23.57	29.46	28.59	63.52	1.23	32.32	10.10
10/28/2019 1:59:01 PM	6.45	0.94	7.58	3.31	0.00	0.00	0.00	0.57	18.27	100.00	2.41	15.16	3418	940	3409	99	0	0	0	0	7866	170.19	30.01	8.12	23.07	28.58	28.30	61.78	1.24	32.33	10.08
10/28/2019 1:59:03 PM	5.97	0.67	7.82	3.81	0.00	0.00	0.00	0.59	18.27	100.00	2.44	15.11	3165	669	3517	114	0	0	0	0	7465	169.42	31.32	9.36	23.15	29.08	28.29	63.23	1.24	32.34	10.06
10/28/2019 1:59:06 PM	6.06	0.99	8.06	3.36	0.00	0.00	0.00	0.68	18.48	100.00	2.47	15.11	3210	992	3629	101	0	0	0	0	7932	169.56	31.29	9.17	23.89	29.94	28.59	63.76	1.24	32.35	10.07
10/28/2019 1:59:08 PM	6.00	0.69	7.61	3.78	0.00	0.00	0.00	0.64	18.08	100.00	2.49	15.19	3179	692	3426	113	0	0	0	0	7411	170.32	31.00	8.19	22.67	29.14	28.65	62.69	1.24	32.35	10.08
10/28/2019 1:59:10 PM	5.89	1.03	8.54	3.19	0.00	0.00	0.00	0.64	18.66	100.00	2.51	15.26	3123	1035	3843	96	0	0	0	0	8097	170.16	31.86	8.24	23.77	29.94	29.06	64.38	1.25	32.35	10.10
10/28/2019 1:59:13 PM	6.31	1.01	8.56	3.49	0.00	0.00	0.00	0.58	19.37	100.00	2.53	15.34	3347	1012	3852	105	0	0	0	0	8315	169.39	32.55	9.66	24.82	30.20	29.57	65.98	1.25	32.35	10.07
10/28/2019 1:59:15 PM	5.43	0.76	7.73	4.09	0.00	0.00	0.00	0.76	18.01	100.00	2.55	15.41	2878	758	3479	123	0	0	0	0	7238	170.77	31.97	9.93	23.72	30.16	28.96	63.64	1.25	32.33	10.08
10/28/2019 1:59:17 PM	5.76	0.79	7.80	4.11	0.00	0.00	0.00	0.67	18.46	100.00	2.57	15.45	3054	788	3509	123	0	0	0	0	7475	169.66	32.14	9.88	24.07	29.92	29.43	64.17	1.25	32.36	10.08
10/28/2019 1:59:20 PM	4.45	1.11	9.05	3.10	0.00	0.00	0.00	0.83	17.70	100.00	2.58	15.42	2356	1107	4072	93	0	0	0	0	7628	169.46	32.58	8.44	23.58	30.68	28.67	63.85	1.25	32.36	10.10
10/28/2019 1:59:22 PM	4.11	0.73	8.18	3.52	0.00	0.00	0.00	0.78	16.55	100.00	2.61	15.37	2180	732	3682	106	0	0	0	0	6699	170.38	31.18	7.39	21.57	28.86	27.77	60.37	1.26	32.36	10.09
10/28/2019 1:59:25 PM	5.89	0.74	7.32	3.59	0.00	0.00	0.00	0.63	17.53	100.00	2.63	15.28	3122	738	3292	108	0	0	0	0	7259	169.78	29.84	8.07	22.20	28.36	27.78	60.63	1.26	32.36	10.09
10/28/2019 1:59:27 PM	5.43	0.99	8.00	3.17	0.00	0.00	0.00	0.74	17.60	100.00	2.64	15.15	2877	995	3601	95	0	0	0	0	7568	169.16	30.57	8.57	23.02	29.43	27.75	61.74	1.26	32.36	10.10
10/28/2019 1:59:29 PM	5.17	0.82	8.29	3.32	0.00	0.00	0.00	0.72	17.61	100.00	2.66	15.02	2741	824	3732	100	0	0	0	0	7397	169.75	31.31	8.42	22.66	29.52	27.81	62.53	1.26	32.36	10.09
10/28/2019 1:59:32 PM	5.23	0.73	8.30	3.58	0.00	0.00	0.00	0.72	17.83	100.00	2.68	15.01	2769	734	3733	107	0	0	0	0	7344	169.75	31.87	8.53	22.77	29.78	28.30	63.41	1.26	32.36	10.09
10/28/2019 1:59:34 PM	5.55	0.87	7.90	3.44	0.00	0.00	0.00	0.71	17.75	100.00	2.70	15.04	2940	869	3554	103	0	0	0	0	7466	170.34	30.89	8.35	22.86	29.39	28.21	62.19	1.26	32.37	10.08
10/28/2019 1:59:37 PM	5.33	0.85	7.77	3.38	0.00	0.00	0.00	0.78	17.33	100.00	2.71	15.05	2827	852	3494	101	0	0	0	0	7274	170.23	30.52	7.84	22.32	29.47	27.90	61.43	1.27	32.37	10.09
10/28/2019 1:59:39 PM	5.71	0.81	7.40	3.63	0.00	0.00	0.00	0.71	17.56	100.00	2.73	15.06	3028	812	3331	109	0	0	0	0	7280	170.43	30.30	8.05	22.52	29.06	28.28	61.25	1.27	32.36	10.10
10/28/2019 1:59:41 PM	6.80	1.01	7.84	3.08	0.00	0.00	0.00	0.57	18.74	100.00	2.76	15.09	3605	1014	3530	92	0	0	0	0	8241	170.12	30.23	8.56	23.58	29.08	28.18	63.02	1.27	32.36	10.08
10/28/2019 1:59:44 PM	5.19	0.50	7.65	3.46	0.00	0.00	0.00	0.66	16.81	100.00	2.76	15.09	2753	505	3441	104	0	0	0	0	6803	169.88	29.87	7.62	20.90	28.00	26.56	59.88	1.27	32.37	10.08
10/28/2019 1:59:46 PM	5.41	0.62	7.54	3.69	0.00	0.00	0.00	0.67	17.25	100.00	2.79	15.15	2868	618	3393	111	0	0	0	0	6990	167.22	30.35	8.22	21.88	28.55	27.53	60.86	1.27	32.38	10.09
10/28/2019 1:59:48 PM	4.58	0.94	8.84	2.84	0.00	0.00	0.00	0.65	17.20	100.00	2.82	15.17	2427	939	3979	85	0	0	0	0	7430	169.55	31.04	8.07	22.33	28.59	26.99	61.19	1.28	32.37	10.09
10/28/2019 1:59:51 PM	4.95	1.00	8.35	2.59	0.00	0.00	0.00	0.63	16.89	100.00	2.85	15.21	2623	1002	3760	78	0	0	0	0	7463	169.92	29.50	7.75	21.89	27.77	26.17	59.22	1.28	32.39	10.10
10/28/2019 1:59:53 PM	4.90	1.47	8.45	2.15	0.00	0.00	0.00	0.69	16.96	100.00	2.88	15.27	2594	1466	3804	64	0	0	0	0	7929	170.03	29.17	7.30	22.85	28.15	26.91	58.69	1.28	32.36	10.10
10/28/2019 1:59:56 PM	4.84	0.86	7.95	2.98	0.00	0.00	0.00	0.78	16.63	100.00	2.90	15.32	2566	860	3576	89	0	0	0	0	7091	169.69	29.74	7.71	21.59	28.69	26.50	59.63	1.28	32.38	10.10
10/28/2019 1:59:58 PM	5.11	0.63	7.42	3.28	0.00	0.00	0.00	0.71	16.44	100.00	2.92	15.27	2708	627	3341	98	0	0	0	0	6774	170.25	29.09	7.60	20.85	27.87	26.12	58.62	1.29	32.38	10.11
10/28/2019 2:00:00 PM	5.08	0.86	7.03	3.21	0.00	0.00	0.00	0.72	16.17	100.00	2.95	15.11	2691	860	3163	96	0	0	0	0	6811	169.51	28.23	7.48	21.20	27.39	26.39	56.88	1.29	32.39	10.10
10/28/2019 2:00:03 PM	4.71	0.88	7.06	3.15	0.00	0.00	0.00	0.81	15.79	100.00	2.97	14.99	2496	878	3175	94	0	0	0	0	6643	169.49	28.19	7.57	21.04	27.73	26.05	56.53	1.29	32.38	10.10
10/28/2019 2:00:05 PM	4.63	0.78	7.16	3.06	0.00	0.00	0.00	0.72	15.62	100.00	2.99	15.00	2455	776	3221	92	0	0	0	0	6544	170.16	27.91	7.04	20.38	26.88	25.59	55.77	1.29	32.37	10.09
10/28/2019 2:00:08 PM	5.07	0.77	6.81	3.32	0.00	0.00	0.00	0.76	15.96	100.00	3.01	15.00	2685	771	3063	100	0	0	0	0	6619	169.70	27.99	7.81	20.97	27.45	26.00	56.59	1.29	32.39	10.09
10/28/2019 2:00:10 PM	5.30	0.72	7.02	3.40	0.00	0.00	0.00	0.75	16.44	100.00	3.02	15.01	2808	718	3160	102	0	0	0	0	6789	170.06	28.71	7.79	21.20	27.98	26.48	58.17	1.30	32.38	10.10
10/28/2019 2:00:12 PM	5.24	0.82	7.13	3.21	0.00	0.00	0.00	0.75	16.40	100.00	3.04	15.02	2778	817	3209	96	0	0	0	0	6901	169.44	28.58	7.57	21.28	27.98	26.45	57.96	1.30	32.39	10.09
10/28/2019 2:00:15 PM	5.20	1.00	7.61	2.78	0.00	0.00	0.00	0.72	16.58	100.00	3.06	15.00	2754	997	3423	84	0	0	0	0	7257	169.59	28.64	7.58	21.66	27.92	26.24	58.17	1.30	32.37	10.10
10/28/2019 2:00:17 PM	4.83	0.96	7.67	2.81	0.00	0.00	0.00	0.68	16.28	100.00	3.08	14.99	2559	965	3451	84	0	0	0	0	7059	169.66	28.61	7.16	21.27	27.34	26.20	57.30	1.30	32.36	10.09
10/28/2019 2:00:19 PM	4.31	1.23	8.20	2.41	0.00	0.00	0.00	0.70	16.16	100.00	3.10	15.02	2286	1232	3692	72	0	0	0	0	7282	170.01	28.78	7.61	21.92	27.38	25.97	57.02	1.30	32.38	10.10
10/28/2019 2:00:22 PM	4.97	0.75	6.98	3.40	0.00	0.00	0.00	0.76	16.09	100.00	3.12	15.00	2632	746	3142	102	0	0	0	0	6622	169.78	28.53	7.66	21.03	27.67	26.39	57.26	1.31	32.39	10.10
10/28/2019 2:00:24 PM	4.74	0.88	7.14	3.16	0.00	0.00	0.00	0.75	15.92	100.00	3.14	14.98	2512	884	3214	95	0	0	0	0	6705	169.32	28.28	7.63	21.16	27.41	26.16	56.55	1.31	32.36	10.11
10/28/2019 2:00:27 PM	4.42	0.89	7.55	3.10	0.00	0.00	0.00	0.78	15.97	100.00	3.16	14.95	2344	893	3397	93	0	0	0	0	6727	169.93	28.95	8.12	21.43	27.86	26.06	57.41	1.31	32.36	10.10
10/28/2019 2:00:29 PM	4.77	0.86	7.38	2.97	0.00	0.00	0.00	0.75	15.98	100.00	3.19	15.02	2528	862	3321	89	0	0	0	0	6800	169.75	28.36	7.40	20.95	27.52	25.85	56.95	1.31	32.37	10.11
10/28/2019 2:00:31 PM	4.50	0.99	7.81	3.13	0.00	0.00	0.00	0.71	16.43	100.00	3.20	15.02	2385	988	3514	94	0	0	0	0	6981	169.95	29.59	7.65	21.90	27.85	27.10	58.24	1.31	32.36	10.09
10/28/2019 2:00:34 PM	4.41	1.29	8.33	2.29	0.00	0.00	0.00	0.78	16.32	100.00	3.22	14.96	2337	1289	3748	69	0	0	0	0	7444	169.76	29.08	7.47	22.12	28.28	26.17	58.05	1.32	32.36	10.12
10/28/2019 2:00:36 PM	4.51	0.94	7.71	2.81	0.00	0.00	0.00	0.75	15.96	100.00	3.24	14.96	2389	935	3468	84	0	0	0	0	6876	170.07	28.64	7.51	21.14	27.59	25.77	57.11	1.32	32.36	10.11
10/28/2019 2:00:38 PM	4.51	0.77	7.10	3.30	0.00	0.00	0.00	0.79	15.68	100.00	3.26	14.91	2389	772	3193	99	0	0	0	0	6454	169.04	28.43	7.73	20.84	27.57	25.96	56.53	1.32	32.36	10.11
10/28/2019 2:00:41 PM	4.81	0.96	7.24	2.78	0.00	0.00	0.00	0.65	15.79	100.00	3.30	14.91	2550	955	3259	83	0	0	0	0	6848	169.60	27.46	7.25	20.83	26.36	25.43	55.21	1.32	32.36	10.12
10/28/2019 2:00:43 PM	4.89	1.37	7.50	2.23	0.00	0.00	0.00	0.74	16.00	100.00	3.32	14.91	2593	1371	3377	67	0	0	0	0	7408	169.54	27.24	7.50	21.91	27.14	25.55	55.47	1.33	32.36	10.12
10/28/2019 2:00:46 PM	4.40	0.92	6.97	3.08	0.00	0.00	0.00	0.86	15.37	100.00	3.34	14.91	2331	920	3137	92	0	0	0	0	6480	169.00	27.84	7.58	20.85	27.67	25.68	55.60	1.33	32.36	10.11
10/28/2019 2:00:48 PM	4.48	1.15	7.70	2.52	0.00	0.00	0.00	0.74	15.86	100.00	3.38	14.90	2374	1150	3467	76	0	0	0	0	7067	169.91	28.05	7.55	21.47	27.24	25.59	56.09	1.33	32.36	10.11
10/28/2019 2:00:50 PM	4.07	0.90	7.56	2.95	0.00	0.00	0.00	0.81	15.48	100.00	3.40	14.90	2158	900	3403	88	0	0	0	0	6549	169.74	28.59	7.18	20.73	27.59	25.81	56.31	1.33	32.36	10.10
10/28/2019 2:00:53 PM	5.32	0.83	6.94	3.30	0.00	0.00	0.00	0.77	16.39	100.00	3.44	14.92	2820	831	3125	99	0	0	0	0	6875	169.05	28.44	7.75	21.41	28.03	26.55	57.81	1.34	32.36	10.10
10/28/2019 2:00:55 PM	4.73	1.06	7.82	2.65	0.00	0.00	0.00	0.73	16.26	100.00	3.46	14.93	2505	1063	3519	80	0	0	0	0	7166	169.27	28.68	7.30	21.51	27.72	26.13	57.51	1.34	32.36	10.11
10/28/2019 2:00:58 PM	5.33	0.93	7.68	3.08	0.00	0.00	0.00	0.70	17.02	100.00	3.50	14.96	2826	928	3456	92	0	0	0	0	7301	169.52	29.46	8.17	22.17	28.38	26.85	59.61	1.34	32.36	10.11
10/28/2019 2:01:00 PM	5.30	0.83	7.41	3.34	0.00	0.00	0.00	0.82	16.88	100.00	3.53	14.98	2810	833	3336	100	0	0	0	0	7078	169.77	29.70	7.89	21.91	29.19	27.24	60.13	1.35	32.33	10.11
10/28/2019 2:01:02 PM	4.67	1.01	8.13	2.97	0.00	0.00	0.00	0.76	16.78	100.00	3.56	14.97	2473	1014	3658	89	0	0	0	0	7235	169.93	30.09	8.22	22.34	28.72	26.94	59.81	1.35	32.35	10.11
10/28/2019 2:01:05 PM	4.50	0.87	8.15	3.14	0.00	0.00	0.00	0.74	16.66	100.00	3.57	14.97	2385	873	3668	94	0	0	0	0	7021	169.74	30.32	8.01	21.91	28.50	26.92	59.77	1.35	32.35	10.12
10/28/2019 2:01:07 PM	4.35	0.83	7.79	3.04	0.00	0.00	0.00	0.75	16.01	100.00	3.59	14.96	2303	832	3503	91	0	0	0	0	6730	169.06	29.22	7.85	21.18	27.78	25.96	57.74	1.35	32.33	10.11
10/28/2019 2:01:09 PM	4.42	0.87	7.83	3.09	0.00	0.00	0.00	0.82	16.21	100.00	3.61	14.96	2345	871	3522	93	0	0	0	0	6830	169.62	29.66	7.70	21.44	28.61	26.51	58.78	1.35	32.32	10.10
10/28/2019 2:01:12 PM	4.84	0.59	7.03	3.39	0.00	0.00	0.00	0.78	15.85	100.00	3.63	14.94	2565	593	3162	102	0	0	0	0	6421	169.70	28.48	7.58	20.41	27.67	25.75	57.19	1.36	32.36	10.12
10/28/2019 2:01:14 PM	4.37	1.25	8.39	2.07	0.00	0.00	0.00	0.81	16.07	100.00	3.67	14.96	2314	1246	3776	62	0	0	0	0	7398	169.14	28.68	7.27	21.60	28.22	25.37	57.63	1.36	32.32	10.11
10/28/2019 2:01:17 PM	5.37	1.10	7.82	2.93	0.00	0.00	0.00	0.79	17.21	100.00	3.69	14.98	2848	1096	3517	88	0	0	0	0	7549	169.19	29.76	8.01	22.67	29.30	27.37	60.49	1.36	32.33	10.14
10/28/2019 2:01:19 PM	4.90	1.19	8.44	2.63	0.00	0.00	0.00	0.77	17.16	100.00	3.71	15.02	2597	1192	3798	79	0	0	0	0	7666	169.69	30.25	7.58	22.67	29.17	27.35	60.63	1.36	32.31	10.13
10/28/2019 2:01:21 PM	4.07	1.08	8.49	2.43	0.00	0.00	0.00	0.81	16.08	100.00	3.73	15.03	2160	1083	3822	73	0	0	0	0	7138	169.34	29.55	7.39	21.50	28.45	25.83	58.44	1.37	32.33	10.12
10/28/2019 2:01:24 PM	4.73	1.21	8.28	2.55	0.00	0.00	0.00	0.83	16.77	100.00	3.75	15.04	2505	1208	3727	77	0	0	0	0	7516	169.41	29.78	7.84	22.49	29.22	26.75	59.82	1.37	32.31	10.10
10/28/2019 2:01:26 PM	4.47	1.26	8.53	2.10	0.00	0.00	0.00	0.78	16.36	100.00	3.79	15.07	2366	1264	3837	63	0	0	0	0	7531	169.54	29.07	7.18	21.85	28.33	25.82	58.31	1.37	32.31	10.08
10/28/2019 2:01:29 PM	4.93	1.15	7.80	2.26	0.00	0.00	0.00	0.72	16.13	100.00	3.81	15.04	2610	1149	3510	68	0	0	0	0	7338	169.69	27.81	7.29	21.34	27.40	25.23	56.66	1.37	32.31	10.10
10/28/2019 2:01:31 PM	4.80	1.06	7.76	2.38	0.00	0.00	0.00	0.70	16.00	100.00	3.83	15.04	2544	1065	3490	71	0	0	0	0	7171	170.44	27.85	7.16	21.06	27.14	25.21	56.38	1.38	32.33	10.11
10/28/2019 2:01:33 PM	4.63	1.09	7.79	2.49	0.00	0.00	0.00	0.70	16.00	100.00	3.86	15.05	2454	1088	3507	75	0	0	0	0	7124	169.81	28.11	7.26	21.26	27.11	25.55	56.40	1.38	32.28	10.08
10/28/2019 2:01:36 PM	5.07	1.23	8.01	2.26	0.00	0.00	0.00	0.79	16.56	100.00	3.90	15.07	2688	1227	3603	68	0	0	0	0	7585	170.02	28.55	7.46	21.97	28.46	25.88	58.37	1.38	32.31	10.10
10/28/2019 2:01:38 PM	5.15	1.20	8.17	2.40	0.00	0.00	0.00	0.75	16.92	100.00	3.93	15.08	2729	1200	3679	72	0	0	0	0	7679	169.80	29.16	7.78	22.35	28.60	26.32	59.35	1.39	32.32	10.10
10/28/2019 2:01:40 PM	5.36	1.15	8.47	2.61	0.00	0.00	0.00	0.78	17.59	100.00	3.95	15.04	2841	1150	3809	78	0	0	0	0	7879	169.10	30.46	8.11	22.97	29.79	27.25	61.97	1.39	32.31	10.10
10/28/2019 2:01:43 PM	4.51	1.10	8.76	2.60	0.00	0.00	0.00	0.79	16.97	100.00	3.97	14.96	2389	1104	3941	78	0	0	0	0	7511	169.81	30.68	8.00	22.49	29.34	26.83	60.98	1.39	32.27	10.14
10/28/2019 2:01:45 PM	5.18	1.33	8.60	2.63	0.00	0.00	0.00	0.81	17.74	100.00	3.99	14.88	2748	1331	3870	79	0	0	0	0	8027	169.31	30.89	8.54	23.80	30.20	27.87	62.39	1.39	32.29	10.10
10/28/2019 2:01:48 PM	4.59	0.73	7.37	3.25	0.00	0.00	0.00	0.78	15.93	100.00	4.01	14.82	2432	730	3316	97	0	0	0	0	6575	169.71	28.91	7.34	20.75	27.84	26.18	57.51	1.39	32.27	10.09
10/28/2019 2:01:50 PM	4.46	1.20	8.13	2.29	0.00	0.00	0.00	0.76	16.08	100.00	4.05	14.82	2365	1197	3657	69	0	0	0	0	7288	169.33	28.54	7.18	21.54	27.78	25.69	57.17	1.40	32.29	10.14
10/28/2019 2:01:52 PM	4.08	1.02	7.61	2.26	0.00	0.00	0.00	0.80	14.97	100.00	4.06	14.81	2163	1023	3425	68	0	0	0	0	6679	169.55	27.11	6.86	20.12	26.79	24.15	54.30	1.40	32.26	10.15
10/28/2019 2:01:55 PM	4.39	0.97	7.29	2.45	0.00	0.00	0.00	0.78	15.09	100.00	4.09	14.84	2326	968	3281	73	0	0	0	0	6648	169.88	26.90	6.85	20.10	26.67	24.40	54.23	1.40	32.26	10.09
10/28/2019 2:01:57 PM	4.39	1.18	7.54	2.31	0.00	0.00	0.00	0.80	15.42	100.00	4.12	14.87	2328	1184	3391	69	0	0	0	0	6972	169.83	27.30	7.12	20.97	27.13	24.97	54.96	1.40	32.27	10.08
10/28/2019 2:01:59 PM	3.50	0.93	7.26	2.22	0.00	0.00	0.00	0.80	13.91	100.00	4.15	14.93	1854	930	3265	67	0	0	0	0	6116	169.88	25.92	6.45	18.95	25.57	23.00	51.29	1.41	32.25	10.16
10/28/2019 2:02:02 PM	4.09	1.08	6.75	2.18	0.00	0.00	0.00	0.80	14.10	100.00	4.15	14.90	2166	1077	3040	66	0	0	0	0	6349	169.22	25.09	6.33	19.32	25.49	23.32	50.71	1.41	32.24	10.08
10/28/2019 2:02:04 PM	3.47	0.94	7.00	2.30	0.00	0.00	0.00	0.78	13.71	100.00	4.19	14.84	1837	940	3152	69	0	0	0	0	5998	169.52	25.49	6.43	18.86	25.08	22.97	50.29	1.41	32.23	10.08
10/28/2019 2:02:07 PM	3.48	1.01	6.88	2.06	0.00	0.00	0.00	0.78	13.42	100.00	4.24	14.80	1842	1010	3096	62	0	0	0	0	6009	169.57	24.67	6.26	18.59	24.62	22.33	49.05	1.42	32.27	10.10
10/28/2019 2:02:09 PM	4.17	0.93	6.83	2.42	0.00	0.00	0.00	0.78	14.35	100.00	4.30	14.81	2209	926	3076	73	0	0	0	0	6283	169.83	25.69	6.66	19.33	25.70	23.50	51.77	1.42	32.25	10.08
10/28/2019 2:02:11 PM	3.65	1.20	7.20	1.95	0.00	0.00	0.00	0.80	14.01	100.00	4.34	14.80	1937	1203	3240	59	0	0	0	0	6438	169.41	25.39	6.51	19.60	25.42	23.18	50.63	1.43	32.26	10.13
10/28/2019 2:02:14 PM	3.63	1.27	7.43	1.75	0.00	0.00	0.00	0.85	14.08	100.00	4.38	14.78	1923	1272	3342	52	0	0	0	0	6590	169.12	25.58	6.43	19.72	26.01	23.10	51.27	1.43	32.25	10.11
10/28/2019 2:02:16 PM	3.84	1.14	7.06	1.98	0.00	0.00	0.00	0.79	14.02	100.00	4.41	14.82	2037	1144	3177	59	0	0	0	0	6418	168.88	25.16	6.35	19.37	25.33	23.05	50.53	1.43	32.21	10.10
10/28/2019 2:02:19 PM	3.47	1.30	7.58	1.68	0.00	0.00	0.00	0.88	14.02	100.00	4.46	14.82	1837	1296	3413	50	0	0	0	0	6596	169.80	25.77	6.37	19.72	26.24	23.08	51.46	1.44	32.22	10.14
10/28/2019 2:02:21 PM	3.58	1.13	7.39	2.03	0.00	0.00	0.00	0.79	14.13	100.00	4.50	14.86	1897	1126	3324	61	0	0	0	0	6409	169.39	25.91	6.36	19.50	25.60	23.39	51.35	1.44	32.22	10.15
10/28/2019 2:02:23 PM	4.04	1.00	6.63	2.20	0.00	0.00	0.00	0.74	13.88	100.00	4.55	14.89	2143	1003	2984	66	0	0	0	0	6196	169.23	24.63	6.41	18.95	24.73	22.81	49.70	1.45	32.20	10.08
10/28/2019 2:02:26 PM	3.32	1.12	6.89	1.95	0.00	0.00	0.00	0.82	13.29	100.00	4.61	14.88	1761	1123	3100	59	0	0	0	0	6043	169.73	24.55	6.29	18.79	24.77	22.36	48.72	1.45	32.24	10.10
10/28/2019 2:02:28 PM	3.53	1.13	6.74	1.93	0.00	0.00	0.00	0.82	13.34	100.00	4.64	14.84	1873	1131	3034	58	0	0	0	0	6096	169.74	24.26	6.32	18.80	24.73	22.26	48.58	1.45	32.23	10.10
10/28/2019 2:02:30 PM	3.77	1.02	6.70	2.03	0.00	0.00	0.00	0.79	13.53	100.00	4.66	14.84	1998	1018	3017	61	0	0	0	0	6094	169.53	24.40	6.27	18.63	24.78	22.30	49.14	1.46	32.24	10.13
10/28/2019 2:02:33 PM	3.80	1.04	7.02	2.02	0.00	0.00	0.00	0.82	13.88	100.00	4.70	14.82	2014	1044	3158	61	0	0	0	0	6277	169.80	25.17	6.29	19.01	25.51	22.78	50.64	1.46	32.18	10.08
10/28/2019 2:02:35 PM	4.15	1.14	7.12	2.04	0.00	0.00	0.00	0.80	14.45	100.00	4.70	14.76	2197	1139	3204	61	0	0	0	0	6602	169.51	25.62	6.63	19.77	25.94	23.43	51.87	1.46	32.19	10.13
10/28/2019 2:02:38 PM	3.85	1.09	6.97	2.06	0.00	0.00	0.00	0.79	13.97	100.00	4.73	14.74	2042	1093	3135	62	0	0	0	0	6332	169.52	25.13	6.32	19.23	25.27	23.04	50.44	1.46	32.20	10.12
10/28/2019 2:02:40 PM	3.96	1.11	7.09	1.86	0.00	0.00	0.00	0.78	14.01	100.00	4.75	14.72	2097	1108	3192	56	0	0	0	0	6452	169.83	24.98	6.17	19.10	25.29	22.71	50.54	1.47	32.19	10.10
10/28/2019 2:02:42 PM	3.92	1.06	6.97	2.22	0.00	0.00	0.00	0.82	14.17	100.00	4.77	14.73	2079	1060	3136	67	0	0	0	0	6342	169.52	25.61	6.33	19.40	25.80	23.53	51.37	1.47	32.20	10.08
10/28/2019 2:02:45 PM	3.28	1.20	7.31	1.76	0.00	0.00	0.00	0.84	13.55	100.00	4.80	14.75	1741	1198	3289	53	0	0	0	0	6281	169.62	25.11	6.39	19.15	25.35	22.46	49.86	1.47	32.16	10.08
10/28/2019 2:02:47 PM	3.83	0.94	6.49	2.58	0.00	0.00	0.00	0.83	13.85	100.00	4.82	14.76	2032	940	2922	77	0	0	0	0	5972	169.81	25.30	6.35	19.04	25.45	23.63	50.42	1.47	32.18	10.08
10/28/2019 2:02:50 PM	3.95	1.00	7.16	2.18	0.00	0.00	0.00	0.79	14.29	100.00	4.84	14.75	2093	1003	3222	65	0	0	0	0	6384	169.51	25.84	6.58	19.39	25.83	23.29	51.89	1.47	32.16	10.12
10/28/2019 2:02:52 PM	4.22	1.26	6.68	2.35	0.00	0.00	0.00	0.79	14.50	100.00	4.86	14.73	2234	1259	3008	70	0	0	0	0	6571	169.32	25.47	6.78	20.36	25.77	24.39	51.26	1.48	32.17	10.08
10/28/2019 2:02:54 PM	3.91	1.10	7.08	2.29	0.00	0.00	0.00	0.84	14.38	100.00	4.89	14.70	2072	1101	3184	69	0	0	0	0	6427	169.51	26.07	6.75	19.88	26.23	23.89	52.15	1.48	32.17	10.12
10/28/2019 2:02:57 PM	4.00	1.49	7.47	1.68	0.00	0.00	0.00	0.77	14.63	100.00	4.90	14.72	2119	1486	3361	50	0	0	0	0	7017	169.28	25.61	6.94	20.78	25.83	23.72	51.61	1.48	32.15	10.07
10/28/2019 2:02:59 PM	3.96	1.24	7.47	2.09	0.00	0.00	0.00	0.81	14.76	100.00	4.93	14.72	2101	1236	3361	63	0	0	0	0	6761	169.41	26.50	6.94	20.47	26.50	24.13	53.06	1.48	32.14	10.12
10/28/2019 2:03:01 PM	3.48	1.10	7.44	1.96	0.00	0.00	0.00	0.80	13.98	100.00	4.96	14.71	1846	1098	3346	59	0	0	0	0	6349	169.45	25.79	6.24	19.24	25.53	23.08	51.11	1.49	32.14	10.10
10/28/2019 2:03:04 PM	3.93	1.56	7.50	1.63	0.00	0.00	0.00	0.84	14.62	100.00	4.98	14.69	2083	1558	3375	49	0	0	0	0	7065	169.90	25.74	6.98	20.98	26.36	23.86	51.93	1.49	32.16	10.11
10/28/2019 2:03:06 PM	3.91	1.16	6.88	2.00	0.00	0.00	0.00	0.79	13.95	100.00	5.01	14.70	2070	1164	3096	60	0	0	0	0	6391	169.66	24.84	6.64	19.45	25.21	22.88	50.09	1.49	32.14	10.10
10/28/2019 2:03:09 PM	3.26	1.06	6.65	1.97	0.00	0.00	0.00	0.84	12.94	100.00	5.04	14.70	1728	1060	2992	59	0	0	0	0	5840	169.47	24.06	5.99	18.27	24.53	21.99	47.82	1.49	32.13	10.08
10/28/2019 2:03:11 PM	3.81	1.11	6.89	1.99	0.00	0.00	0.00	0.78	13.79	100.00	5.07	14.68	2018	1109	3100	60	0	0	0	0	6287	169.11	24.77	6.16	19.03	24.98	22.81	49.76	1.50	32.13	10.11
10/28/2019 2:03:13 PM	3.96	1.10	7.27	2.13	0.00	0.00	0.00	0.84	14.46	100.00	5.10	14.67	2100	1099	3272	64	0	0	0	0	6534	169.86	26.14	6.54	19.75	26.40	23.68	52.55	1.50	32.13	10.12
10/28/2019 2:03:16 PM	3.48	1.32	7.13	1.83	0.00	0.00	0.00	0.86	13.76	100.00	5.13	14.70	1842	1317	3210	55	0	0	0	0	6424	169.26	25.10	6.44	19.67	25.56	23.10	50.00	1.50	32.12	10.10
10/28/2019 2:03:18 PM	3.43	1.23	6.99	1.89	0.00	0.00	0.00	0.80	13.54	100.00	5.15	14.70	1817	1234	3144	57	0	0	0	0	6252	169.18	24.70	6.38	19.27	24.85	22.74	49.05	1.50	32.12	10.10
10/28/2019 2:03:20 PM	3.42	1.63	7.79	1.59	0.00	0.00	0.00	0.84	14.43	100.00	5.18	14.71	1812	1630	3503	48	0	0	0	0	6994	168.86	26.10	6.94	21.11	26.20	24.04	51.63	1.51	32.11	10.09
10/28/2019 2:03:23 PM	3.90	1.39	7.61	1.77	0.00	0.00	0.00	0.86	14.67	100.00	5.20	14.71	2067	1395	3424	53	0	0	0	0	6939	169.86	26.24	7.02	20.70	26.76	23.80	52.86	1.51	32.10	10.11
10/28/2019 2:03:25 PM	3.32	1.22	7.01	1.70	0.00	0.00	0.00	0.80	13.25	100.00	5.26	14.72	1761	1217	3154	51	0	0	0	0	6183	169.67	24.24	6.27	18.85	24.56	22.01	48.30	1.52	32.10	10.10
10/28/2019 2:03:28 PM	3.56	1.46	7.87	1.50	0.00	0.00	0.00	0.84	14.40	100.00	5.30	14.67	1889	1460	3541	45	0	0	0	0	6935	169.45	26.04	6.66	20.43	26.30	23.39	52.03	1.52	32.10	10.10
10/28/2019 2:03:30 PM	3.46	1.34	7.41	1.68	0.00	0.00	0.00	0.91	13.88	100.00	5.36	14.64	1834	1338	3333	50	0	0	0	0	6556	169.71	25.44	6.65	19.82	26.19	22.90	50.94	1.53	32.11	10.08
10/28/2019 2:03:32 PM	2.89	1.08	6.42	1.62	0.00	0.00	0.00	0.84	12.01	100.00	5.39	14.63	1532	1082	2889	49	0	0	0	0	5551	169.30	22.54	5.47	17.25	23.31	20.56	44.80	1.53	32.09	10.07
10/28/2019 2:03:35 PM	2.57	1.00	6.22	1.80	0.00	0.00	0.00	0.83	11.59	100.00	5.41	14.62	1363	1002	2798	54	0	0	0	0	5217	169.63	22.30	5.56	16.88	22.80	20.32	43.69	1.53	32.10	10.08
10/28/2019 2:03:37 PM	2.35	1.07	6.14	1.61	0.00	0.00	0.00	0.86	11.17	100.00	5.45	14.62	1247	1068	2761	48	0	0	0	0	5124	169.38	21.67	5.36	16.59	22.45	19.80	42.41	1.53	32.09	10.10
10/28/2019 2:03:40 PM	2.47	1.03	6.02	1.68	0.00	0.00	0.00	0.83	11.20	100.00	5.47	14.59	1310	1032	2708	50	0	0	0	0	5100	168.83	21.54	5.37	16.52	22.28	19.80	42.28	1.54	32.06	10.08
10/28/2019 2:03:42 PM	2.88	1.10	6.46	1.56	0.00	0.00	0.00	0.88	12.00	100.00	5.53	14.60	1529	1101	2905	47	0	0	0	0	5581	169.81	22.57	5.53	17.28	23.62	20.46	45.02	1.54	32.07	10.08
10/28/2019 2:03:44 PM	3.08	1.10	6.57	1.63	0.00	0.00	0.00	0.84	12.38	100.00	5.57	14.59	1633	1097	2955	49	0	0	0	0	5734	169.84	23.00	5.66	17.62	23.77	20.91	45.94	1.55	32.05	10.08
10/28/2019 2:03:47 PM	2.92	1.10	6.46	1.74	0.00	0.00	0.00	0.86	12.22	100.00	5.61	14.60	1549	1095	2908	52	0	0	0	0	5604	169.63	23.00	5.74	17.62	23.80	20.99	45.63	1.55	32.06	10.07
10/28/2019 2:03:49 PM	2.52	1.06	6.57	1.68	0.00	0.00	0.00	0.83	11.83	100.00	5.67	14.62	1337	1060	2955	50	0	0	0	0	5402	169.55	22.80	5.64	17.21	23.14	20.51	44.58	1.56	32.04	10.10
10/28/2019 2:03:51 PM	2.79	0.98	6.33	1.66	0.00	0.00	0.00	0.82	11.75	100.00	5.71	14.63	1479	975	2849	50	0	0	0	0	5353	169.06	22.27	5.37	16.74	22.88	20.11	44.13	1.56	32.05	10.10
10/28/2019 2:03:54 PM	2.77	1.06	6.73	1.76	0.00	0.00	0.00	0.92	12.32	100.00	5.75	14.63	1466	1063	3030	53	0	0	0	0	5612	169.85	23.68	5.86	17.72	24.47	21.14	46.75	1.56	32.03	10.08
10/28/2019 2:03:56 PM	2.82	1.21	7.02	1.41	0.00	0.00	0.00	0.87	12.46	100.00	5.78	14.63	1497	1207	3159	42	0	0	0	0	5905	169.71	23.50	5.78	17.96	24.21	20.92	46.62	1.57	32.03	10.09
10/28/2019 2:03:59 PM	2.50	0.93	6.44	1.94	0.00	0.00	0.00	0.90	11.81	100.00	5.79	14.62	1324	930	2898	58	0	0	0	0	5210	169.82	23.22	5.69	17.05	23.78	20.74	45.35	1.57	32.04	10.09
10/28/2019 2:04:01 PM	2.09	1.02	6.02	1.58	0.00	0.00	0.00	0.88	10.71	100.00	5.83	14.61	1108	1016	2711	47	0	0	0	0	4882	169.97	21.25	5.20	16.06	22.14	19.26	41.37	1.57	32.04	10.08
10/28/2019 2:04:03 PM	1.86	1.27	6.35	1.21	0.00	0.00	0.00	0.90	10.70	100.00	5.83	14.59	984	1274	2860	36	0	0	0	0	5154	168.67	21.23	5.36	16.65	22.30	19.22	41.18	1.57	32.00	10.09
10/28/2019 2:04:06 PM	2.17	1.04	5.98	1.75	0.00	0.00	0.00	0.89	10.94	100.00	5.83	14.58	1152	1037	2693	52	0	0	0	0	4935	169.32	21.64	5.48	16.50	22.49	19.80	42.04	1.57	32.02	10.08
10/28/2019 2:04:08 PM	2.33	1.19	6.64	1.48	0.00	0.00	0.00	0.88	11.63	100.00	5.84	14.56	1233	1186	2989	44	0	0	0	0	5453	169.01	22.60	5.62	17.32	23.27	20.32	44.13	1.57	32.01	10.08
10/28/2019 2:04:11 PM	2.57	1.60	7.33	1.00	0.00	0.00	0.00	0.89	12.49	100.00	5.89	14.57	1360	1599	3297	30	0	0	0	0	6286	169.72	23.37	6.40	19.08	24.33	20.99	46.18	1.58	32.00	10.08
10/28/2019 2:04:13 PM	2.23	1.19	6.83	1.52	0.00	0.00	0.00	0.91	11.76	100.00	5.90	14.55	1180	1188	3074	46	0	0	0	0	5489	169.69	23.12	5.90	17.59	23.74	20.51	44.97	1.58	32.01	10.08
10/28/2019 2:04:15 PM	2.98	1.23	6.46	1.67	0.00	0.00	0.00	0.89	12.34	100.00	5.94	14.54	1578	1232	2909	50	0	0	0	0	5769	169.44	22.98	6.35	18.25	24.04	21.06	45.78	1.58	31.98	10.08
10/28/2019 2:04:18 PM	2.24	1.26	6.55	1.08	0.00	0.00	0.00	0.88	11.13	100.00	5.99	14.54	1186	1258	2948	32	0	0	0	0	5425	169.79	21.47	5.29	16.77	22.63	19.24	42.34	1.59	31.98	10.09
10/28/2019 2:04:20 PM	2.01	1.12	6.47	1.45	0.00	0.00	0.00	0.89	11.05	100.00	6.01	14.52	1065	1122	2911	43	0	0	0	0	5142	169.76	22.00	5.36	16.64	22.74	19.66	42.65	1.59	31.98	10.10
10/28/2019 2:04:22 PM	2.71	1.37	7.30	1.16	0.00	0.00	0.00	0.86	12.53	100.00	6.06	14.49	1436	1366	3285	35	0	0	0	0	6122	169.85	23.55	5.82	18.34	24.22	20.93	46.62	1.59	31.97	10.09
10/28/2019 2:04:25 PM	2.49	1.81	8.05	0.84	0.00	0.00	0.00	0.95	13.19	100.00	6.11	14.52	1321	1813	3621	25	0	0	0	0	6780	169.14	24.86	6.39	20.19	25.77	22.19	48.84	1.60	31.98	10.08
10/28/2019 2:04:27 PM	1.86	1.12	6.69	1.51	0.00	0.00	0.00	0.98	11.19	100.00	6.16	14.50	987	1118	3012	45	0	0	0	0	5162	169.40	22.77	5.57	16.91	23.69	20.00	43.98	1.60	31.96	10.09
10/28/2019 2:04:30 PM	1.85	1.21	7.31	1.25	0.00	0.00	0.00	0.96	11.62	100.00	6.19	14.52	980	1207	3290	37	0	0	0	0	5514	169.81	23.53	5.62	17.36	24.18	20.17	45.47	1.61	31.95	10.08
10/28/2019 2:04:32 PM	2.19	1.24	7.39	1.34	0.00	0.00	0.00	0.95	12.16	100.00	6.23	14.55	1162	1236	3327	40	0	0	0	0	5765	170.05	24.08	5.85	17.95	24.73	20.83	46.90	1.61	31.96	10.07
10/28/2019 2:04:34 PM	2.72	1.48	7.41	0.83	0.00	0.00	0.00	0.85	12.43	100.00	6.28	14.52	1439	1477	3334	25	0	0	0	0	6275	169.27	23.08	5.64	18.30	23.97	20.48	46.00	1.62	31.94	10.07
10/28/2019 2:04:37 PM	1.99	1.29	7.50	1.01	0.00	0.00	0.00	0.90	11.80	100.00	6.32	14.50	1056	1291	3375	30	0	0	0	0	5753	168.36	23.38	5.36	17.46	23.85	20.11	45.39	1.62	31.94	10.08
10/28/2019 2:04:39 PM	1.50	1.02	5.94	1.38	0.00	0.00	0.00	0.92	9.83	100.00	6.36	14.50	793	1018	2672	41	0	0	0	0	4524	169.16	20.40	4.84	15.24	21.43	18.23	39.13	1.62	31.94	10.08
10/28/2019 2:04:41 PM	1.69	1.04	5.73	1.26	0.00	0.00	0.00	0.88	9.72	100.00	6.39	14.48	895	1041	2579	38	0	0	0	0	4553	169.84	19.67	4.78	15.07	20.89	17.81	38.17	1.63	31.93	10.09
10/28/2019 2:04:44 PM	1.97	1.08	5.52	1.19	0.00	0.00	0.00	0.83	9.76	100.00	6.42	14.50	1044	1079	2484	36	0	0	0	0	4643	167.34	19.10	4.69	15.05	20.45	17.68	37.52	1.63	31.92	10.07
10/28/2019 2:04:46 PM	2.19	1.02	5.84	1.23	0.00	0.00	0.00	0.85	10.28	100.00	6.45	14.49	1159	1025	2627	37	0	0	0	0	4848	169.90	19.99	4.71	15.32	21.26	18.15	39.53	1.63	31.93	10.08
10/28/2019 2:04:49 PM	2.12	1.21	5.94	1.01	0.00	0.00	0.00	0.86	10.28	100.00	6.48	14.51	1123	1206	2672	30	0	0	0	0	5032	169.66	19.81	4.97	15.79	21.33	18.09	39.24	1.63	31.90	10.06
10/28/2019 2:04:51 PM	2.41	1.20	6.31	1.12	0.00	0.00	0.00	0.85	11.04	100.00	6.51	14.55	1277	1202	2841	33	0	0	0	0	5354	169.63	21.01	5.05	16.44	22.23	19.06	41.72	1.64	31.90	10.06
10/28/2019 2:04:53 PM	1.84	1.20	6.45	1.05	0.00	0.00	0.00	0.92	10.54	100.00	6.53	14.55	974	1204	2903	31	0	0	0	0	5112	170.03	21.04	5.08	16.14	22.31	18.62	41.09	1.64	31.90	10.08
10/28/2019 2:04:56 PM	1.33	1.15	4.98	1.04	0.00	0.00	0.00	0.92	8.50	100.00	6.57	14.57	705	1148	2242	31	0	0	0	0	4126	169.84	17.50	4.35	14.16	19.53	16.54	33.92	1.64	31.91	10.06
10/28/2019 2:04:58 PM	2.20	1.09	5.26	1.19	0.00	0.00	0.00	0.89	9.74	100.00	6.59	14.54	1165	1093	2367	36	0	0	0	0	4662	169.49	18.76	4.75	15.06	20.80	17.59	37.51	1.65	31.90	10.09
10/28/2019 2:05:01 PM	1.48	1.17	5.50	1.08	0.00	0.00	0.00	0.92	9.22	100.00	6.63	14.49	786	1168	2474	32	0	0	0	0	4460	169.96	18.80	4.74	14.93	20.53	17.31	36.48	1.65	31.91	10.08
10/28/2019 2:05:03 PM	1.53	1.16	4.89	1.01	0.00	0.00	0.00	0.89	8.59	100.00	6.67	14.45	811	1156	2199	30	0	0	0	0	4197	169.59	17.26	4.36	14.19	19.38	16.49	33.79	1.65	31.88	10.08
10/28/2019 2:05:05 PM	1.38	1.14	4.58	1.02	0.00	0.00	0.00	0.89	8.12	100.00	6.72	14.45	732	1136	2063	31	0	0	0	0	3962	169.81	16.50	4.23	13.74	18.69	16.01	32.17	1.66	31.89	10.07
10/28/2019 2:05:08 PM	1.56	1.05	4.21	1.20	0.00	0.00	0.00	0.88	8.01	100.00	6.78	14.45	826	1047	1894	36	0	0	0	0	3802	169.62	16.08	4.16	13.44	18.40	15.94	31.59	1.66	31.86	10.08
10/28/2019 2:05:10 PM	1.40	1.15	4.19	1.06	0.00	0.00	0.00	0.90	7.79	100.00	6.85	14.47	740	1148	1885	32	0	0	0	0	3805	169.65	15.78	4.10	13.48	18.33	15.79	30.90	1.67	31.87	10.08
10/28/2019 2:05:12 PM	1.50	1.12	4.15	1.16	0.00	0.00	0.00	0.92	7.93	100.00	6.90	14.46	795	1125	1868	35	0	0	0	0	3823	169.60	15.97	4.22	13.61	18.59	16.00	31.39	1.68	31.85	10.08
10/28/2019 2:05:15 PM	1.39	1.29	4.36	0.85	0.00	0.00	0.00	0.90	7.88	100.00	6.94	14.45	735	1286	1961	26	0	0	0	0	4009	169.73	15.73	4.22	13.85	18.35	15.77	30.89	1.68	31.85	10.08
10/28/2019 2:05:17 PM	1.19	1.12	4.17	1.03	0.00	0.00	0.00	0.86	7.51	100.00	6.96	14.45	630	1120	1876	31	0	0	0	0	3657	169.77	15.45	4.03	13.16	17.68	15.41	29.89	1.68	31.85	10.08
10/28/2019 2:05:20 PM	1.28	1.18	4.30	0.91	0.00	0.00	0.00	0.86	7.69	100.00	6.99	14.45	680	1184	1937	27	0	0	0	0	3829	169.56	15.56	4.03	13.39	17.86	15.50	30.30	1.68	31.85	10.07
10/28/2019 2:05:22 PM	1.36	1.21	4.43	0.99	0.00	0.00	0.00	0.86	7.99	100.00	7.01	14.45	723	1209	1994	30	0	0	0	0	3956	169.44	16.06	4.32	13.83	18.25	15.92	31.25	1.69	31.85	10.08
10/28/2019 2:05:24 PM	1.46	1.11	4.10	1.20	0.00	0.00	0.00	0.86	7.87	100.00	7.07	14.47	776	1106	1845	36	0	0	0	0	3763	169.09	15.81	4.30	13.55	18.06	15.91	30.84	1.69	31.85	10.06
10/28/2019 2:05:27 PM	1.68	1.32	4.42	0.86	0.00	0.00	0.00	0.83	8.28	100.00	7.09	14.50	888	1322	1991	26	0	0	0	0	4227	169.24	15.92	4.10	14.16	18.24	16.25	31.44	1.69	31.84	10.06
10/28/2019 2:05:29 PM	1.89	1.12	4.28	1.03	0.00	0.00	0.00	0.83	8.33	100.00	7.13	14.50	1003	1124	1928	31	0	0	0	0	4086	169.36	15.96	4.24	13.75	18.34	15.95	31.91	1.70	31.83	10.07
10/28/2019 2:05:32 PM	1.91	1.29	5.07	0.81	0.00	0.00	0.00	0.83	9.08	100.00	7.15	14.51	1011	1289	2282	24	0	0	0	0	4606	169.40	17.29	4.58	14.80	19.33	16.68	34.41	1.70	31.83	10.07
10/28/2019 2:05:34 PM	2.24	1.14	5.15	1.06	0.00	0.00	0.00	0.82	9.59	100.00	7.16	14.52	1187	1139	2318	32	0	0	0	0	4676	169.19	18.08	4.65	14.91	19.91	17.22	36.22	1.70	31.80	10.06
10/28/2019 2:05:36 PM	2.19	1.26	5.37	0.94	0.00	0.00	0.00	0.87	9.75	100.00	7.19	14.54	1161	1256	2417	28	0	0	0	0	4861	169.20	18.45	4.89	15.40	20.58	17.42	37.02	1.70	31.80	10.05
10/28/2019 2:05:39 PM	1.65	1.45	5.09	0.71	0.00	0.00	0.00	0.88	8.90	100.00	7.23	14.53	875	1451	2289	21	0	0	0	0	4636	168.98	17.18	4.64	15.12	19.47	16.81	33.89	1.71	31.80	10.07
10/28/2019 2:05:41 PM	1.68	1.24	4.55	0.98	0.00	0.00	0.00	0.86	8.45	100.00	7.25	14.50	890	1245	2045	29	0	0	0	0	4209	168.36	16.47	4.43	14.27	18.76	16.36	32.49	1.71	31.78	10.06
10/28/2019 2:05:43 PM	1.37	1.28	4.50	0.95	0.00	0.00	0.00	0.88	8.10	100.00	7.29	14.48	724	1282	2024	28	0	0	0	0	4058	169.00	16.21	4.36	14.11	18.49	16.16	31.54	1.71	31.78	10.07
10/28/2019 2:05:46 PM	1.55	1.39	4.17	0.74	0.00	0.00	0.00	0.85	7.86	100.00	7.31	14.41	824	1395	1878	22	0	0	0	0	4119	169.25	15.08	4.18	13.99	17.75	15.70	29.87	1.72	31.78	10.06
10/28/2019 2:05:48 PM	1.32	1.15	3.73	1.09	0.00	0.00	0.00	0.83	7.29	100.00	7.34	14.32	700	1146	1679	33	0	0	0	0	3558	169.19	14.62	4.01	13.03	16.99	15.25	28.44	1.72	31.78	10.06
10/28/2019 2:05:51 PM	1.62	1.17	3.95	1.12	0.00	0.00	0.00	0.84	7.85	100.00	7.35	14.29	856	1171	1776	34	0	0	0	0	3836	168.71	15.34	4.21	13.59	17.76	15.84	30.22	1.72	31.78	10.08
10/28/2019 2:05:53 PM	1.56	1.40	4.74	0.74	0.00	0.00	0.00	0.85	8.44	100.00	7.38	14.27	828	1396	2135	22	0	0	0	0	4381	166.46	16.35	4.47	14.56	18.64	16.27	32.19	1.72	31.77	10.06
10/28/2019 2:05:55 PM	2.05	1.24	4.54	1.12	0.00	0.00	0.00	0.83	8.94	100.00	7.43	14.22	1085	1236	2041	34	0	0	0	0	4395	169.22	16.86	4.61	14.70	19.05	16.94	33.60	1.73	31.76	10.07
10/28/2019 2:05:58 PM	1.62	1.32	4.05	0.79	0.00	0.00	0.00	0.83	7.79	100.00	7.45	14.20	861	1323	1824	24	0	0	0	0	4031	169.22	14.87	4.10	13.71	17.51	15.51	29.57	1.73	31.76	10.05
10/28/2019 2:06:00 PM	1.26	1.33	3.81	0.66	0.00	0.00	0.00	0.86	7.06	100.00	7.50	14.21	666	1331	1714	20	0	0	0	0	3731	169.09	13.93	3.97	13.10	16.88	14.62	27.51	1.74	31.74	10.06
10/28/2019 2:06:03 PM	1.37	1.25	3.91	0.83	0.00	0.00	0.00	0.84	7.36	100.00	7.55	14.21	727	1246	1760	25	0	0	0	0	3758	169.27	14.52	4.02	13.20	17.14	15.03	28.58	1.74	31.72	10.06
10/28/2019 2:06:05 PM	1.00	1.23	3.05	0.91	0.00	0.00	0.00	0.84	6.19	100.00	7.69	14.17	528	1234	1374	27	0	0	0	0	3163	168.91	12.63	3.57	12.18	15.57	14.13	24.46	1.75	31.72	10.07
10/28/2019 2:06:07 PM	0.97	1.14	2.56	1.03	0.00	0.00	0.00	0.76	5.70	100.00	7.76	14.08	516	1144	1150	31	0	0	0	0	2842	169.04	11.54	3.49	11.55	14.22	13.53	22.19	1.76	31.72	10.06
10/28/2019 2:06:10 PM	1.11	1.27	2.61	0.87	0.00	0.00	0.00	0.80	5.87	100.00	7.80	14.09	591	1268	1176	26	0	0	0	0	3060	168.67	11.54	3.48	11.91	14.67	13.70	22.60	1.76	31.72	10.06
10/28/2019 2:06:12 PM	1.32	1.13	2.37	1.21	0.00	0.00	0.00	0.78	6.03	100.00	7.85	14.11	702	1125	1067	36	0	0	0	0	2931	168.79	11.75	3.65	11.86	14.68	14.03	23.04	1.77	31.71	10.04
10/28/2019 2:06:14 PM	1.44	1.21	2.31	1.27	0.00	0.00	0.00	0.80	6.24	100.00	7.89	14.13	765	1206	1041	38	0	0	0	0	3050	168.79	11.94	3.80	12.32	15.06	14.54	23.53	1.77	31.71	10.06
10/28/2019 2:06:17 PM	1.27	1.27	2.54	0.85	0.00	0.00	0.00	0.77	5.92	100.00	7.94	14.14	675	1268	1141	25	0	0	0	0	3109	168.44	11.31	3.53	11.91	14.47	13.58	22.42	1.78	31.70	10.04
10/28/2019 2:06:19 PM	1.37	1.27	2.62	1.05	0.00	0.00	0.00	0.79	6.32	100.00	8.00	14.15	727	1275	1178	32	0	0	0	0	3212	167.95	12.08	3.71	12.42	15.11	14.41	23.78	1.78	31.70	10.06
10/28/2019 2:06:22 PM	1.14	1.25	1.84	1.08	0.00	0.00	0.00	0.64	5.31	100.00	8.06	14.12	605	1247	826	32	0	0	0	0	2711	167.82	9.93	3.45	11.43	12.44	13.28	19.06	1.79	31.69	10.06
10/28/2019 2:06:24 PM	1.47	1.29	1.77	1.12	0.00	0.00	0.00	0.60	5.66	100.00	8.13	14.10	781	1291	799	34	0	0	0	0	2904	167.50	9.99	3.47	11.79	12.48	13.72	19.52	1.80	31.67	10.05
10/28/2019 2:06:26 PM	1.33	1.21	1.27	1.19	0.00	0.00	0.00	0.49	5.00	100.00	8.16	14.03	707	1209	572	36	0	0	0	0	2523	166.52	8.64	3.28	10.98	10.64	12.90	16.50	1.80	31.67	10.06
10/28/2019 2:06:29 PM	1.84	1.55	1.64	1.19	0.00	0.00	0.00	0.42	6.21	100.00	8.19	14.01	974	1555	736	36	0	0	0	0	3300	165.32	9.73	4.03	13.05	11.34	14.69	18.80	1.80	31.65	10.04
10/28/2019 2:06:31 PM	1.50	1.37	1.30	1.09	0.00	0.00	0.00	0.41	5.25	100.00	8.23	14.05	793	1368	585	33	0	0	0	0	2778	166.33	8.47	3.37	11.53	10.18	13.26	16.19	1.81	31.65	10.06
10/28/2019 2:06:33 PM	1.48	1.38	1.15	1.23	0.00	0.00	0.00	0.32	5.24	100.00	8.26	14.06	783	1384	517	37	0	0	0	0	2720	164.88	8.26	3.51	11.67	9.38	13.47	15.33	1.81	31.65	10.06
10/28/2019 2:06:36 PM	1.74	1.53	1.36	1.20	0.00	0.00	0.00	0.28	5.84	100.00	8.28	13.99	925	1532	613	36	0	0	0	0	3106	164.21	8.79	3.87	12.60	9.69	14.22	16.51	1.81	31.65	10.04
10/28/2019 2:06:38 PM	1.87	1.35	1.22	1.35	0.00	0.00	0.00	0.28	5.79	100.00	8.33	13.91	989	1350	548	41	0	0	0	0	2928	164.96	8.75	3.79	12.09	9.65	13.95	16.65	1.82	31.65	10.06
10/28/2019 2:06:41 PM	1.67	1.43	1.39	1.14	0.00	0.00	0.00	0.31	5.63	100.00	8.37	13.69	886	1430	627	34	0	0	0	0	2976	164.32	8.68	3.52	12.02	9.79	13.76	16.45	1.82	31.63	10.03
10/28/2019 2:06:43 PM	1.61	1.52	1.56	1.04	0.00	0.00	0.00	0.34	5.73	100.00	8.41	13.44	854	1520	700	31	0	0	0	0	3105	164.06	8.92	3.69	12.37	10.14	13.90	16.88	1.82	31.61	10.04
10/28/2019 2:06:45 PM	1.73	1.47	1.41	1.04	0.00	0.00	0.00	0.40	5.65	100.00	8.44	13.54	915	1474	636	31	0	0	0	0	3055	165.27	8.73	3.73	12.18	10.47	13.64	16.99	1.83	31.61	10.04
10/28/2019 2:06:48 PM	1.60	1.50	1.59	1.02	0.00	0.00	0.00	0.36	5.71	100.00	8.48	13.52	846	1501	716	30	0	0	0	0	3094	165.18	8.96	3.69	12.29	10.30	13.78	17.04	1.83	31.61	10.04
10/28/2019 2:06:50 PM	1.76	1.59	1.86	0.92	0.00	0.00	0.00	0.34	6.14	100.00	8.53	13.35	934	1586	839	28	0	0	0	0	3386	164.82	9.43	3.78	12.81	10.64	14.21	18.12	1.84	31.59	10.03
10/28/2019 2:06:53 PM	1.93	1.33	1.53	1.32	0.00	0.00	0.00	0.30	6.10	100.00	8.58	13.39	1021	1327	687	40	0	0	0	0	3074	164.69	9.41	3.75	12.25	10.26	14.20	18.04	1.84	31.59	10.05
10/28/2019 2:06:55 PM	1.66	1.29	1.34	1.37	0.00	0.00	0.00	0.26	5.66	100.00	8.60	13.40	877	1295	604	41	0	0	0	0	2817	164.25	8.90	3.60	11.82	9.47	13.85	16.52	1.84	31.58	10.02
10/28/2019 2:06:57 PM	1.83	1.66	1.94	0.89	0.00	0.00	0.00	0.18	6.31	100.00	8.63	13.46	970	1660	871	27	0	0	0	0	3527	164.43	9.20	3.85	13.09	9.44	14.36	17.27	1.85	31.58	10.03
10/28/2019 2:07:00 PM	1.90	1.46	1.62	1.23	0.00	0.00	0.00	0.20	6.22	100.00	8.69	13.53	1009	1462	731	37	0	0	0	0	3239	164.11	9.27	3.85	12.67	9.55	14.41	17.40	1.85	31.56	10.05
10/28/2019 2:07:02 PM	1.93	1.46	1.69	1.36	0.00	0.00	0.00	0.21	6.44	100.00	8.73	13.49	1021	1458	761	41	0	0	0	0	3281	162.46	9.76	4.09	13.00	9.90	14.86	18.22	1.86	31.56	10.04
10/28/2019 2:07:04 PM	2.27	1.31	1.65	1.49	0.00	0.00	0.00	0.19	6.72	100.00	8.75	13.47	1202	1313	743	45	0	0	0	0	3303	162.13	10.00	4.03	12.81	10.14	14.92	19.18	1.86	31.53	10.03
10/28/2019 2:07:07 PM	2.56	1.39	1.50	1.52	0.00	0.00	0.00	0.19	6.96	100.00	8.79	13.53	1358	1391	673	45	0	0	0	0	3468	160.99	9.89	4.12	13.20	10.28	15.29	19.39	1.86	31.52	10.05
10/28/2019 2:07:09 PM	3.79	1.46	1.42	1.67	0.00	0.00	0.00	0.29	8.34	100.00	8.84	13.25	2010	1459	638	50	0	0	0	0	4157	161.47	10.93	4.37	14.47	12.53	16.84	23.43	1.87	31.52	10.04
10/28/2019 2:07:12 PM	4.72	1.56	1.11	1.66	0.00	0.00	0.00	1.20	9.04	100.00	8.90	12.61	2500	1563	498	50	0	0	0	0	4610	162.20	12.83	4.74	15.58	20.83	18.02	31.36	1.87	31.51	10.03
10/28/2019 2:07:14 PM	5.43	1.87	0.68	1.62	0.00	0.00	0.00	2.31	9.61	100.00	8.96	11.94	2880	1869	308	49	0	0	0	0	5105	163.08	14.92	5.04	17.21	30.40	19.81	39.66	1.88	31.50	10.05
10/28/2019 2:07:16 PM	5.64	1.77	0.46	1.75	0.00	0.00	0.00	2.44	9.62	100.00	9.04	11.09	2991	1767	206	52	0	0	0	0	5018	163.47	15.04	5.08	17.03	31.49	19.79	40.64	1.89	31.49	10.04
10/28/2019 2:07:19 PM	5.53	1.75	0.33	1.71	0.00	0.00	0.00	2.52	9.31	100.00	9.17	10.46	2930	1749	147	51	0	0	0	0	4877	162.87	14.77	5.01	16.72	31.79	19.41	40.28	1.90	31.47	10.04
10/28/2019 2:07:21 PM	5.11	1.87	0.57	1.34	0.00	0.00	0.00	2.54	8.90	100.00	9.23	10.30	2709	1870	259	40	0	0	0	0	4878	163.31	14.40	4.81	16.53	31.53	18.77	39.26	1.90	31.46	10.02
10/28/2019 2:07:23 PM	5.00	1.74	0.39	1.50	0.00	0.00	0.00	2.56	8.64	100.00	9.27	10.47	2652	1740	175	45	0	0	0	0	4612	163.61	14.28	4.74	16.06	31.42	18.54	38.87	1.91	31.45	10.02
10/28/2019 2:07:26 PM	5.16	1.76	0.48	1.50	0.00	0.00	0.00	2.49	8.90	100.00	9.32	10.51	2735	1755	217	45	0	0	0	0	4752	163.46	14.40	4.90	16.31	31.14	18.70	39.11	1.91	31.41	10.02
10/28/2019 2:07:28 PM	5.25	1.70	0.43	1.74	0.00	0.00	0.00	2.53	9.12	100.00	9.37	10.35	2784	1701	196	52	0	0	0	0	4732	161.44	14.95	4.93	16.49	31.74	19.30	40.16	1.92	31.38	10.02
10/28/2019 2:07:31 PM	5.06	1.75	0.37	1.62	0.00	0.00	0.00	2.56	8.79	100.00	9.39	10.33	2680	1747	166	49	0	0	0	0	4641	163.30	14.55	4.91	16.33	31.62	18.91	39.32	1.92	31.38	10.02
10/28/2019 2:07:33 PM	5.40	1.94	0.58	1.32	0.00	0.00	0.00	2.51	9.24	100.00	9.44	10.40	2860	1941	262	40	0	0	0	0	5102	163.11	14.47	4.98	16.97	31.58	19.09	39.72	1.92	31.36	10.03
10/28/2019 2:07:35 PM	5.17	1.74	0.34	1.51	0.00	0.00	0.00	2.50	8.76	100.00	9.48	10.35	2740	1738	153	45	0	0	0	0	4677	163.16	14.12	4.90	16.16	31.03	18.50	38.68	1.93	31.32	10.00
10/28/2019 2:07:38 PM	5.04	1.75	0.40	1.44	0.00	0.00	0.00	2.51	8.63	100.00	9.55	10.40	2669	1753	179	43	0	0	0	0	4645	162.97	14.07	4.70	16.01	31.01	18.40	38.46	1.94	31.32	10.02
10/28/2019 2:07:40 PM	4.89	1.83	0.56	1.51	0.00	0.00	0.00	2.51	8.80	100.00	9.57	10.38	2594	1826	253	45	0	0	0	0	4718	163.52	14.56	4.99	16.52	31.16	18.90	38.92	1.94	31.28	10.02
10/28/2019 2:07:43 PM	4.95	1.84	0.52	1.43	0.00	0.00	0.00	2.53	8.74	100.00	9.59	10.22	2625	1842	233	43	0	0	0	0	4743	163.20	14.34	4.94	16.44	31.23	18.68	38.77	1.94	31.26	10.01
10/28/2019 2:07:45 PM	5.16	1.70	0.32	1.68	0.00	0.00	0.00	2.51	8.87	100.00	9.64	9.99	2736	1704	145	50	0	0	0	0	4636	163.03	14.48	4.95	16.28	31.29	18.89	39.20	1.94	31.25	10.01
10/28/2019 2:07:47 PM	5.14	1.79	0.32	1.53	0.00	0.00	0.00	2.54	8.78	100.00	9.67	9.88	2726	1790	145	46	0	0	0	0	4705	163.34	14.21	4.95	16.36	31.32	18.71	38.86	1.95	31.22	10.01
10/28/2019 2:07:50 PM	5.10	1.92	0.61	1.26	0.00	0.00	0.00	2.54	8.88	100.00	9.71	9.88	2702	1916	273	38	0	0	0	0	4928	163.20	14.27	4.90	16.61	31.44	18.64	39.05	1.95	31.19	9.97
10/28/2019 2:07:52 PM	4.95	1.79	0.43	1.49	0.00	0.00	0.00	2.51	8.66	100.00	9.75	9.86	2622	1795	195	45	0	0	0	0	4656	163.30	14.24	4.80	16.24	31.05	18.66	38.52	1.96	31.17	9.98
10/28/2019 2:07:54 PM	4.93	1.78	0.42	1.37	0.00	0.00	0.00	2.52	8.50	100.00	9.80	10.02	2613	1781	189	41	0	0	0	0	4624	162.83	13.94	4.76	15.99	30.94	18.20	38.12	1.96	31.14	9.99
10/28/2019 2:07:57 PM	4.95	1.90	0.66	1.42	0.00	0.00	0.00	2.53	8.92	100.00	9.82	10.15	2621	1900	296	43	0	0	0	0	4860	163.65	14.69	4.87	16.73	31.48	19.11	39.33	1.96	31.12	10.00
10/28/2019 2:07:59 PM	4.86	1.84	0.50	1.52	0.00	0.00	0.00	2.53	8.72	100.00	9.84	10.28	2575	1841	227	46	0	0	0	0	4687	161.61	14.48	4.98	16.51	31.23	18.89	38.77	1.96	31.08	10.00
10/28/2019 2:08:02 PM	5.00	1.74	0.44	1.58	0.00	0.00	0.00	2.50	8.76	100.00	9.86	10.33	2648	1742	199	47	0	0	0	0	4637	163.66	14.44	4.70	16.18	31.06	18.84	38.84	1.97	31.07	9.99
10/28/2019 2:08:04 PM	4.99	1.85	0.73	1.52	0.00	0.00	0.00	2.51	9.09	100.00	9.91	10.26	2647	1854	328	45	0	0	0	0	4875	162.35	15.01	5.04	16.84	31.56	19.27	39.88	1.97	31.04	9.98
10/28/2019 2:08:06 PM	4.87	1.71	0.38	1.66	0.00	0.00	0.00	2.55	8.62	100.00	9.97	9.92	2581	1709	170	50	0	0	0	0	4510	163.14	14.53	4.89	16.14	31.38	18.78	38.93	1.98	31.01	9.98
10/28/2019 2:08:09 PM	4.99	1.73	0.47	1.54	0.00	0.00	0.00	2.52	8.73	100.00	10.04	9.57	2643	1731	211	46	0	0	0	0	4631	163.08	14.44	4.74	16.13	31.21	18.70	38.95	1.98	30.99	9.98
10/28/2019 2:08:11 PM	4.71	1.80	0.66	1.51	0.00	0.00	0.00	2.55	8.68	100.00	10.13	9.59	2497	1802	297	45	0	0	0	0	4641	163.26	14.80	4.79	16.35	31.51	18.91	39.19	1.99	30.94	9.97
10/28/2019 2:08:14 PM	4.62	1.75	0.40	1.47	0.00	0.00	0.00	2.57	8.23	100.00	10.18	9.59	2448	1745	178	44	0	0	0	0	4416	163.18	14.05	4.73	15.80	31.02	18.19	37.85	2.00	30.93	9.98
10/28/2019 2:08:16 PM	4.80	1.79	0.42	1.37	0.00	0.00	0.00	2.57	8.39	100.00	10.24	9.64	2546	1794	187	41	0	0	0	0	4569	162.88	14.00	4.77	15.98	31.22	18.20	38.16	2.00	30.89	9.98
10/28/2019 2:08:18 PM	5.02	1.74	0.21	1.50	0.00	0.00	0.00	2.56	8.48	100.00	10.31	9.73	2661	1743	97	45	0	0	0	0	4546	162.98	13.91	4.67	15.92	31.20	18.38	38.24	2.01	30.86	9.97
10/28/2019 2:08:21 PM	5.02	1.72	0.37	1.62	0.00	0.00	0.00	2.55	8.73	100.00	10.35	9.66	2662	1718	165	49	0	0	0	0	4593	162.84	14.48	4.84	16.17	31.48	18.78	39.14	2.01	30.83	9.96
10/28/2019 2:08:23 PM	4.74	1.85	0.63	1.39	0.00	0.00	0.00	2.57	8.61	100.00	10.40	9.70	2513	1853	284	42	0	0	0	0	4692	162.62	14.52	4.80	16.36	31.49	18.69	38.88	2.02	30.81	9.96
10/28/2019 2:08:25 PM	5.00	1.76	0.43	1.65	0.00	0.00	0.00	2.57	8.83	100.00	10.46	9.70	2647	1756	192	50	0	0	0	0	4645	162.77	14.75	4.97	16.44	31.77	19.05	39.57	2.03	30.78	9.95
10/28/2019 2:08:28 PM	4.90	1.78	0.49	1.44	0.00	0.00	0.00	2.58	8.61	100.00	10.54	9.56	2595	1784	221	43	0	0	0	0	4644	162.74	14.38	4.75	16.16	31.55	18.57	38.94	2.03	30.73	9.95
10/28/2019 2:08:30 PM	5.16	1.78	0.43	1.81	0.00	0.00	0.00	2.62	9.17	100.00	10.59	9.47	2734	1778	193	54	0	0	0	0	4760	162.56	15.32	5.13	16.91	32.55	19.75	40.83	2.04	30.70	9.93
10/28/2019 2:08:33 PM	5.19	1.87	0.64	1.91	0.00	0.00	0.00	2.66	9.61	100.00	10.64	9.48	2749	1873	286	57	0	0	0	0	4966	162.66	16.20	5.39	17.70	33.37	20.68	42.34	2.04	30.66	9.93
10/28/2019 2:08:35 PM	5.48	1.75	0.36	2.10	0.00	0.00	0.00	2.64	9.69	100.00	10.68	9.45	2903	1751	161	63	0	0	0	0	4879	162.43	16.04	5.42	17.48	33.32	20.67	42.45	2.05	30.63	9.94
10/28/2019 2:08:37 PM	5.28	1.65	0.31	2.19	0.00	0.00	0.00	2.61	9.44	100.00	10.72	9.47	2801	1654	140	66	0	0	0	0	4660	162.59	15.93	5.34	17.07	32.82	20.42	41.80	2.05	30.61	9.93
10/28/2019 2:08:40 PM	6.25	1.76	0.50	3.14	0.00	0.00	0.00	2.73	11.66	100.00	10.79	9.53	3313	1764	224	94	0	0	0	0	5395	161.61	19.39	6.67	20.06	36.39	24.50	48.92	2.06	30.55	9.93
10/28/2019 2:08:42 PM	6.73	1.80	0.45	3.23	0.00	0.00	0.00	2.73	12.22	100.00	10.85	9.48	3569	1804	201	97	0	0	0	0	5670	158.85	19.74	6.72	20.60	36.92	25.23	50.20	2.06	30.51	9.91
10/28/2019 2:08:44 PM	6.55	1.96	0.68	2.65	0.00	0.00	0.00	2.76	11.85	100.00	10.88	9.42	3472	1965	306	80	0	0	0	0	5822	158.98	18.95	6.51	20.35	36.70	24.15	49.09	2.07	30.48	9.93
10/28/2019 2:08:47 PM	6.31	2.09	0.82	2.47	0.00	0.00	0.00	2.76	11.69	100.00	10.91	9.47	3345	2091	370	74	0	0	0	0	5880	158.91	18.84	6.44	20.49	36.58	24.08	48.56	2.07	30.44	9.92
10/28/2019 2:08:49 PM	6.35	2.22	1.03	2.17	0.00	0.00	0.00	2.73	11.77	100.00	10.93	9.49	3368	2221	461	65	0	0	0	0	6115	158.71	18.61	6.41	20.70	36.35	23.86	48.33	2.07	30.42	9.92
