Date/Time	Green Algae	Bluegreen	Diatoms	Cryptophyta	#5	#6	#7	Yellow substances	Total conc.	Transmission	Depth	Temp. Sample	Green Algae	Bluegreen	Diatoms	Cryptophyta	#5	#6	#7	Yellow substances	Total cell count	Trans. 700 nm	LED 3 [525 nm]	LED 4 [570 nm]	LED 5 [610 nm]	LED 6 [370 nm]	LED 7 [590 nm]	LED 8 [470 nm]	Pressure	Temp. LEDs	Temp. Sensor
date	µg/l	µg/l	µg/l	µg/l	µg/l	µg/l	µg/l	r.u.	µg/l	%	m	°C	cells/ml	cells/ml	cells/ml	cells/ml	cells/ml	cells/ml	cells/ml	r.u.	cells/ml	digits	digits	digits	digits	digits	digits	digits	bar	°C	°C
10/30/2019 8:36:36 AM	4.65	58.82	4.41	0.00	0.00	0.00	0.00	0.90	67.88	100.00	0.49	16.13	2463	58818	1987	0	0	0	0	0	63268	149.16	56.35	42.62	237.47	56.41	225.17	51.64	1.05	35.08	10.94
10/30/2019 8:36:39 AM	5.11	60.34	3.76	0.00	0.00	0.00	0.00	0.94	69.21	100.00	0.49	16.00	2708	60338	1694	0	0	0	0	0	64740	149.83	56.42	43.78	245.34	57.24	227.92	50.95	1.05	35.15	10.92
10/30/2019 8:36:41 AM	5.04	59.44	4.03	0.00	0.00	0.00	0.00	1.02	68.51	100.00	0.55	16.04	2669	59442	1814	0	0	0	0	0	63925	149.80	56.47	43.40	241.49	57.65	225.56	52.17	1.05	35.19	10.95
10/30/2019 8:36:44 AM	5.60	59.58	3.83	0.00	0.00	0.00	0.00	0.95	69.00	100.00	0.60	15.92	2966	59576	1722	0	0	0	0	0	64264	149.93	56.30	42.83	242.52	57.47	225.88	52.31	1.06	35.23	10.96
10/30/2019 8:36:46 AM	4.69	57.79	4.43	0.00	0.00	0.00	0.00	0.97	66.91	100.00	0.66	16.03	2485	57790	1995	0	0	0	0	0	62270	149.79	56.01	42.09	236.24	56.47	218.70	52.11	1.06	35.30	10.93
10/30/2019 8:36:48 AM	4.33	58.79	4.44	0.00	0.00	0.00	0.00	1.08	67.56	100.00	0.72	16.14	2293	58788	1999	0	0	0	0	0	63080	148.70	56.68	42.85	237.69	57.64	224.50	52.29	1.07	35.34	10.97
10/30/2019 8:36:51 AM	5.60	59.12	4.38	0.00	0.00	0.00	0.00	0.86	69.10	100.00	0.77	16.10	2967	59116	1972	0	0	0	0	0	64055	149.62	56.96	43.62	242.10	57.25	223.68	53.75	1.08	35.39	10.96
10/30/2019 8:36:53 AM	4.62	59.59	4.81	0.00	0.00	0.00	0.00	1.01	69.02	100.00	0.81	16.20	2446	59594	2166	0	0	0	0	0	64206	150.04	57.99	44.93	242.62	58.36	226.39	54.17	1.08	35.46	10.97
10/30/2019 8:36:55 AM	6.53	60.07	4.24	0.00	0.00	0.00	0.00	0.90	70.84	100.00	0.85	16.47	3459	60073	1907	0	0	0	0	0	65439	148.62	57.71	45.01	245.14	58.97	228.73	56.11	1.08	35.48	10.99
10/30/2019 8:36:58 AM	5.72	59.42	5.30	0.00	0.00	0.00	0.00	0.90	70.43	100.00	0.90	16.87	3030	59416	2385	0	0	0	0	0	64831	150.85	59.33	44.17	243.82	59.25	226.28	58.06	1.09	35.54	10.98
10/30/2019 8:37:00 AM	5.52	58.94	4.99	0.00	0.00	0.00	0.00	0.98	69.46	100.00	0.94	17.26	2928	58939	2247	0	0	0	0	0	64114	150.99	58.36	43.33	240.34	58.95	225.51	56.80	1.09	35.57	10.99
10/30/2019 8:37:03 AM	4.94	58.92	5.99	0.00	0.00	0.00	0.00	1.07	69.85	100.00	0.98	17.45	2616	58921	2695	0	0	0	0	0	64233	151.43	60.39	43.98	239.40	60.60	227.66	59.97	1.10	35.62	11.01
10/30/2019 8:37:05 AM	6.29	58.25	4.26	0.00	0.00	0.00	0.00	0.92	68.80	100.00	1.01	17.51	3332	58251	1918	0	0	0	0	0	63500	151.97	56.72	42.17	240.65	57.78	219.43	55.24	1.10	35.65	10.98
10/30/2019 8:37:07 AM	3.76	55.01	5.69	0.00	0.00	0.00	0.00	1.08	64.47	100.00	1.04	17.57	1994	55011	2562	0	0	0	0	0	59568	152.87	56.34	40.61	221.58	56.49	214.09	54.79	1.10	35.74	11.00
10/30/2019 8:37:10 AM	4.44	54.67	5.57	0.00	0.00	0.00	0.00	1.01	64.69	100.00	1.06	17.52	2356	54672	2506	0	0	0	0	0	59533	151.25	55.93	39.97	219.09	56.25	214.72	55.43	1.10	35.76	11.02
10/30/2019 8:37:12 AM	4.20	54.43	5.64	0.59	0.00	0.00	0.00	1.14	64.86	100.00	1.09	17.43	2227	54427	2537	18	0	0	0	0	59209	150.15	57.37	41.29	218.58	57.76	216.02	57.86	1.11	35.79	11.03
10/30/2019 8:37:15 AM	4.72	55.80	5.41	0.00	0.00	0.00	0.00	1.00	65.93	100.00	1.12	17.46	2501	55796	2436	0	0	0	0	0	60732	149.16	56.74	41.76	228.86	56.95	213.04	55.76	1.11	35.83	11.00
10/30/2019 8:37:17 AM	6.03	59.84	4.59	0.00	0.00	0.00	0.00	0.90	70.47	100.00	1.16	17.53	3198	59843	2066	0	0	0	0	0	65108	149.52	58.26	44.26	245.76	58.80	226.51	56.17	1.11	35.87	11.09
10/30/2019 8:37:19 AM	5.02	57.93	5.05	0.00	0.00	0.00	0.00	0.93	68.00	100.00	1.19	17.57	2658	57933	2274	0	0	0	0	0	62865	150.01	57.34	43.36	235.69	57.50	221.89	55.16	1.12	35.93	11.00
10/30/2019 8:37:22 AM	5.51	56.91	5.16	0.00	0.00	0.00	0.00	0.88	67.58	100.00	1.23	17.54	2920	56908	2322	0	0	0	0	0	62151	151.50	56.98	42.55	232.04	57.14	218.68	56.22	1.12	35.94	11.03
10/30/2019 8:37:24 AM	6.19	54.05	5.85	0.00	0.00	0.00	0.00	0.86	66.09	100.00	1.26	17.37	3280	54054	2631	0	0	0	0	0	59965	151.14	56.83	40.36	222.94	56.92	208.62	59.75	1.12	35.99	11.06
10/30/2019 8:37:26 AM	5.41	56.68	5.17	0.00	0.00	0.00	0.00	0.88	67.26	100.00	1.29	17.14	2865	56681	2328	0	0	0	0	0	61874	152.21	56.85	42.06	231.52	56.91	217.41	55.94	1.13	36.01	11.05
10/30/2019 8:37:29 AM	5.63	57.68	4.78	0.00	0.00	0.00	0.00	0.91	68.09	100.00	1.33	17.08	2985	57679	2151	0	0	0	0	0	62815	149.77	56.82	42.14	233.76	57.44	222.36	55.43	1.13	36.02	11.06
10/30/2019 8:37:31 AM	3.96	55.77	5.51	0.00	0.00	0.00	0.00	1.02	65.24	100.00	1.35	17.15	2098	55774	2478	0	0	0	0	0	60350	147.65	56.45	42.12	226.07	56.46	214.91	54.37	1.13	36.06	11.07
10/30/2019 8:37:34 AM	5.38	58.47	4.55	0.00	0.00	0.00	0.00	0.82	68.41	100.00	1.39	17.20	2853	58472	2048	0	0	0	0	0	63373	148.55	56.43	42.95	235.44	56.49	225.72	53.37	1.14	36.07	11.05
10/30/2019 8:37:36 AM	4.73	55.99	5.43	0.00	0.00	0.00	0.00	0.87	66.15	100.00	1.40	17.14	2505	55995	2443	0	0	0	0	0	60942	147.58	56.35	41.41	224.97	55.98	218.59	54.91	1.14	36.10	11.07
10/30/2019 8:37:38 AM	6.64	56.11	4.68	0.00	0.00	0.00	0.00	0.79	67.43	100.00	1.46	17.19	3517	56111	2106	0	0	0	0	0	61734	149.63	55.88	40.93	231.50	56.32	213.71	56.23	1.14	36.13	11.09
10/30/2019 8:37:41 AM	6.40	53.94	4.82	0.00	0.00	0.00	0.00	0.78	65.16	100.00	1.50	17.20	3390	53942	2169	0	0	0	0	0	59501	150.32	54.49	39.21	222.17	54.89	206.77	55.58	1.15	36.16	11.07
10/30/2019 8:37:43 AM	3.86	52.68	5.82	0.00	0.00	0.00	0.00	1.03	62.35	100.00	1.55	17.16	2044	52677	2618	0	0	0	0	0	57340	150.64	54.91	39.23	213.31	54.93	205.08	54.56	1.15	36.17	11.09
10/30/2019 8:37:46 AM	3.93	49.57	3.99	2.38	0.00	0.00	0.00	1.11	59.88	100.00	1.58	17.16	2086	49571	1796	71	0	0	0	0	53524	152.78	54.38	38.40	201.31	53.97	201.66	54.78	1.15	36.20	11.09
10/30/2019 8:37:48 AM	4.60	52.26	6.26	0.00	0.00	0.00	0.00	0.91	63.13	100.00	1.60	17.13	2440	52265	2816	0	0	0	0	0	57521	151.04	55.72	39.53	213.69	55.18	203.23	57.28	1.16	36.18	11.08
10/30/2019 8:37:50 AM	5.02	55.61	5.21	0.00	0.00	0.00	0.00	0.94	65.84	100.00	1.63	17.14	2661	55608	2344	0	0	0	0	0	60613	149.60	56.15	41.34	227.50	56.39	212.98	55.26	1.16	36.22	11.10
10/30/2019 8:37:53 AM	5.40	55.87	5.04	0.00	0.00	0.00	0.00	1.03	66.31	100.00	1.66	17.16	2862	55872	2266	0	0	0	0	0	61000	151.78	56.33	41.91	229.34	57.44	213.28	56.26	1.16	36.23	11.09
10/30/2019 8:37:55 AM	5.56	56.33	5.72	0.00	0.00	0.00	0.00	0.92	67.60	100.00	1.70	17.24	2945	56329	2573	0	0	0	0	0	61847	150.57	57.89	42.00	229.67	57.94	218.01	58.64	1.17	36.25	11.11
10/30/2019 8:37:57 AM	3.64	55.94	6.53	0.00	0.00	0.00	0.00	1.11	66.11	100.00	1.74	17.15	1931	55938	2937	0	0	0	0	0	60806	149.97	58.83	41.47	224.87	58.49	219.38	58.31	1.17	36.24	11.09
10/30/2019 8:38:00 AM	4.74	56.98	6.60	0.00	0.00	0.00	0.00	0.90	68.32	100.00	1.79	16.93	2514	56983	2970	0	0	0	0	0	62466	150.64	59.93	42.57	233.06	58.61	220.21	60.08	1.18	36.26	11.09
10/30/2019 8:38:02 AM	5.58	57.13	5.67	0.00	0.00	0.00	0.00	0.88	68.39	100.00	1.83	16.77	2957	57135	2553	0	0	0	0	0	62645	149.63	58.33	42.52	233.38	58.10	220.23	58.47	1.18	36.29	11.09
10/30/2019 8:38:05 AM	3.46	47.79	4.93	1.79	0.00	0.00	0.00	1.09	57.97	100.00	1.88	16.83	1834	47790	2217	54	0	0	0	0	51895	152.19	53.52	37.26	194.20	52.86	193.77	54.83	1.18	36.30	11.11
10/30/2019 8:38:07 AM	5.77	56.03	5.04	0.00	0.00	0.00	0.00	0.94	66.84	100.00	1.95	16.89	3059	56028	2270	0	0	0	0	0	61357	151.60	56.44	42.07	230.39	57.18	213.79	56.61	1.19	36.29	11.11
10/30/2019 8:38:09 AM	3.43	49.09	6.86	0.00	0.00	0.00	0.00	1.01	59.38	100.00	2.01	16.67	1818	49088	3088	0	0	0	0	0	53994	151.63	54.29	37.82	199.03	53.64	193.82	56.55	1.20	36.30	11.09
10/30/2019 8:38:12 AM	2.68	37.92	5.36	1.97	0.00	0.00	0.00	1.27	47.93	100.00	2.08	16.53	1418	37918	2412	59	0	0	0	0	41808	158.42	47.94	31.51	157.21	48.38	157.26	53.96	1.20	36.31	11.12
10/30/2019 8:38:14 AM	2.15	32.78	0.00	7.19	0.00	0.00	0.00	1.55	42.11	100.00	2.15	16.42	1137	32780	0	216	0	0	0	0	34133	159.05	45.30	29.19	140.91	45.46	148.77	48.47	1.21	36.31	11.10
10/30/2019 8:38:16 AM	2.93	30.44	2.22	4.06	0.00	0.00	0.00	1.36	39.64	100.00	2.24	16.41	1552	30440	1000	122	0	0	0	0	33113	159.50	40.98	26.76	129.47	42.66	132.80	47.40	1.22	36.32	11.10
10/30/2019 8:38:19 AM	1.70	28.01	1.67	3.88	0.00	0.00	0.00	1.34	35.26	100.00	2.30	16.35	899	28013	750	116	0	0	0	0	29779	161.18	37.06	24.03	118.44	38.68	122.12	40.76	1.23	36.32	11.11
10/30/2019 8:38:21 AM	0.46	25.67	3.10	1.39	0.00	0.00	0.00	1.33	30.62	100.00	2.36	16.22	243	25667	1396	42	0	0	0	0	27348	163.09	32.00	21.50	106.05	34.87	106.13	34.77	1.23	36.32	11.10
10/30/2019 8:38:24 AM	3.37	32.48	3.79	0.00	0.00	0.00	0.00	1.13	39.64	100.00	2.40	16.19	1784	32484	1707	0	0	0	0	0	35975	162.99	36.18	25.92	136.85	39.78	124.70	40.80	1.24	36.32	11.11
10/30/2019 8:38:26 AM	3.04	33.54	4.56	0.00	0.00	0.00	0.00	1.20	41.15	100.00	2.50	16.27	1613	33544	2052	0	0	0	0	0	37209	162.64	38.59	26.61	140.09	41.82	130.74	43.82	1.24	36.32	11.11
10/30/2019 8:38:28 AM	0.91	25.73	3.95	0.37	0.00	0.00	0.00	1.14	30.96	100.00	2.59	15.83	483	25733	1777	11	0	0	0	0	28004	163.97	31.26	20.88	105.51	33.80	104.40	34.67	1.25	36.32	11.13
10/30/2019 8:38:31 AM	0.43	18.15	2.00	1.07	0.00	0.00	0.00	1.16	21.65	100.00	2.63	15.27	226	18149	902	32	0	0	0	0	19309	168.52	23.11	15.06	75.58	26.74	76.18	26.10	1.26	36.34	11.12
10/30/2019 8:38:33 AM	0.97	16.73	0.92	2.35	0.00	0.00	0.00	1.21	20.96	100.00	2.71	15.24	512	16728	414	70	0	0	0	0	17724	169.27	23.14	14.45	71.60	26.81	74.22	27.19	1.27	36.32	11.09
10/30/2019 8:38:36 AM	0.35	16.43	2.64	0.00	0.00	0.00	0.00	1.11	19.42	100.00	2.82	15.12	186	16432	1186	0	0	0	0	0	17804	169.44	20.62	13.49	68.35	24.82	66.47	24.26	1.28	36.32	11.11
10/30/2019 8:38:38 AM	0.71	14.61	1.31	1.28	0.00	0.00	0.00	1.07	17.92	100.00	2.88	15.10	379	14606	592	38	0	0	0	0	15615	170.24	19.51	12.65	62.00	23.36	63.02	23.21	1.28	36.32	11.11
10/30/2019 8:38:40 AM	0.49	14.37	2.04	0.57	0.00	0.00	0.00	1.03	17.48	100.00	2.91	15.22	261	14372	919	17	0	0	0	0	15569	170.14	19.06	12.22	60.44	22.83	60.54	22.92	1.29	36.31	11.11
10/30/2019 8:38:43 AM	0.16	12.12	2.01	0.86	0.00	0.00	0.00	1.02	15.16	100.00	2.95	15.37	87	12125	903	26	0	0	0	0	13141	172.50	17.89	11.03	52.20	21.27	52.72	22.17	1.29	36.31	11.11
10/30/2019 8:38:45 AM	0.23	13.02	2.42	0.00	0.00	0.00	0.00	0.98	15.66	100.00	3.02	15.52	121	13015	1087	0	0	0	0	0	14223	170.90	17.33	10.95	54.49	21.15	53.92	21.22	1.30	36.30	11.11
10/30/2019 8:38:47 AM	0.67	11.78	0.96	1.40	0.00	0.00	0.00	1.09	14.80	100.00	3.05	15.58	356	11776	430	42	0	0	0	0	12605	171.04	17.04	10.29	50.95	21.34	52.63	21.44	1.30	36.30	11.11
10/30/2019 8:38:50 AM	0.46	12.59	2.24	0.00	0.00	0.00	0.00	1.00	15.29	100.00	3.11	15.74	243	12591	1009	0	0	0	0	0	13843	171.40	16.77	10.95	53.19	21.01	51.92	21.12	1.30	36.28	11.11
10/30/2019 8:38:52 AM	0.44	11.93	1.43	0.80	0.00	0.00	0.00	1.01	14.61	100.00	3.15	15.69	234	11934	645	24	0	0	0	0	12836	171.18	16.47	10.30	50.88	20.48	51.57	20.30	1.31	36.26	11.11
10/30/2019 8:38:55 AM	0.44	11.00	1.63	0.65	0.00	0.00	0.00	0.96	13.71	100.00	3.20	15.78	232	10995	733	20	0	0	0	0	11979	171.44	15.76	9.78	47.28	19.58	47.72	20.00	1.31	36.26	11.11
10/30/2019 8:38:57 AM	0.76	10.13	1.19	1.14	0.00	0.00	0.00	0.97	13.22	100.00	3.26	15.87	400	10133	537	34	0	0	0	0	11104	171.45	15.49	9.53	44.65	19.39	45.71	20.43	1.32	36.25	11.11
10/30/2019 8:38:59 AM	0.68	10.24	0.99	1.28	0.00	0.00	0.00	0.95	13.19	100.00	3.32	15.72	360	10238	444	38	0	0	0	0	11081	172.10	15.39	9.50	45.00	19.12	46.32	19.78	1.33	36.24	11.12
10/30/2019 8:39:02 AM	0.38	8.04	0.00	2.26	0.00	0.00	0.00	0.97	10.68	100.00	3.39	15.71	201	8042	0	68	0	0	0	0	8310	172.21	13.75	8.01	36.87	17.34	40.31	17.72	1.33	36.24	11.11
10/30/2019 8:39:04 AM	0.50	8.35	1.07	0.88	0.00	0.00	0.00	0.90	10.80	100.00	3.44	15.66	263	8353	482	26	0	0	0	0	9126	172.67	13.07	8.01	37.12	16.91	37.96	17.48	1.34	36.24	11.13
10/30/2019 8:39:06 AM	0.33	8.91	1.89	0.00	0.00	0.00	0.00	0.85	11.13	100.00	3.48	15.56	176	8908	850	0	0	0	0	0	9934	173.17	13.01	7.90	38.44	16.85	38.01	17.36	1.34	36.23	11.13
10/30/2019 8:39:09 AM	0.22	8.40	1.33	0.63	0.00	0.00	0.00	0.91	10.58	100.00	3.52	15.74	114	8400	600	19	0	0	0	0	9133	173.20	13.00	7.80	36.92	16.85	37.53	17.14	1.35	36.21	11.12
10/30/2019 8:39:11 AM	0.73	8.16	1.17	0.68	0.00	0.00	0.00	0.88	10.73	100.00	3.59	15.80	385	8158	526	20	0	0	0	0	9090	173.66	12.73	7.90	36.31	16.83	36.81	17.68	1.35	36.20	11.12
10/30/2019 8:39:14 AM	0.70	8.75	1.71	0.00	0.00	0.00	0.00	0.91	11.16	100.00	3.65	15.49	369	8747	772	0	0	0	0	0	9887	173.09	12.81	7.61	37.97	17.32	37.47	17.94	1.36	36.19	11.11
10/30/2019 8:39:16 AM	0.56	7.59	0.68	1.29	0.00	0.00	0.00	0.94	10.12	100.00	3.70	15.41	298	7589	305	39	0	0	0	0	8231	172.81	12.76	7.45	34.52	16.78	36.13	17.47	1.36	36.18	11.11
10/30/2019 8:39:18 AM	0.36	6.81	1.05	0.76	0.00	0.00	0.00	0.85	8.98	100.00	3.74	15.47	192	6809	473	23	0	0	0	0	7496	173.85	11.49	6.72	30.89	15.27	31.77	15.96	1.37	36.17	11.13
10/30/2019 8:39:21 AM	0.35	6.88	1.05	0.58	0.00	0.00	0.00	0.85	8.87	100.00	3.78	15.54	187	6884	475	17	0	0	0	0	7563	173.27	11.11	6.72	30.89	15.11	31.44	15.42	1.37	36.18	11.14
10/30/2019 8:39:23 AM	0.33	6.69	0.96	0.65	0.00	0.00	0.00	0.85	8.64	100.00	3.83	15.56	173	6695	433	20	0	0	0	0	7320	172.22	10.92	6.60	30.19	14.88	30.84	15.12	1.38	36.16	11.10
10/30/2019 8:39:26 AM	0.43	5.34	0.54	0.93	0.00	0.00	0.00	0.78	7.24	100.00	3.95	15.03	228	5341	242	28	0	0	0	0	5840	172.96	9.60	5.49	25.07	13.32	26.35	13.74	1.39	36.12	11.12
10/30/2019 8:39:28 AM	0.40	5.38	0.80	0.59	0.00	0.00	0.00	0.75	7.17	100.00	4.03	14.48	211	5377	360	18	0	0	0	0	5966	172.85	9.30	5.31	24.84	12.96	25.70	13.37	1.40	36.12	11.11
10/30/2019 8:39:30 AM	0.70	4.74	0.02	1.36	0.00	0.00	0.00	0.79	6.83	100.00	4.08	14.42	369	4744	11	41	0	0	0	0	5165	172.39	9.21	5.23	23.21	13.08	25.11	13.65	1.40	36.10	11.09
10/30/2019 8:39:33 AM	0.35	5.98	1.41	0.07	0.00	0.00	0.00	0.75	7.82	100.00	4.14	14.66	185	5983	635	2	0	0	0	0	6805	172.60	9.79	5.86	26.91	13.53	26.82	14.17	1.41	36.07	11.10
10/30/2019 8:39:35 AM	0.67	4.63	0.00	1.49	0.00	0.00	0.00	0.77	6.79	100.00	4.19	14.77	355	4628	0	45	0	0	0	0	5028	172.24	9.25	5.01	22.76	12.91	25.25	13.68	1.41	36.05	11.09
10/30/2019 8:39:37 AM	0.65	4.36	0.02	1.46	0.00	0.00	0.00	0.80	6.49	100.00	4.24	14.93	343	4361	10	44	0	0	0	0	4758	172.41	9.15	4.96	21.86	12.92	23.98	13.73	1.42	36.05	11.10
10/30/2019 8:39:40 AM	0.63	4.52	0.34	1.23	0.00	0.00	0.00	0.76	6.73	100.00	4.30	15.11	336	4517	155	37	0	0	0	0	5045	172.29	9.33	5.12	22.38	12.89	24.12	14.03	1.42	36.03	11.10
10/30/2019 8:39:42 AM	0.71	5.12	1.07	0.41	0.00	0.00	0.00	0.74	7.30	100.00	4.34	15.13	376	5117	480	12	0	0	0	0	5985	172.31	9.38	5.35	24.05	13.24	24.53	14.52	1.43	35.99	11.11
10/30/2019 8:39:45 AM	0.69	5.86	1.19	0.00	0.00	0.00	0.00	0.71	7.75	100.00	4.40	15.07	368	5864	534	0	0	0	0	0	6766	172.43	9.16	5.40	26.72	13.09	25.75	13.63	1.43	35.99	11.11
10/30/2019 8:39:47 AM	0.53	5.02	0.27	1.22	0.00	0.00	0.00	0.78	7.05	100.00	4.45	15.06	283	5021	123	37	0	0	0	0	5463	172.36	9.51	5.38	24.14	13.14	25.84	13.73	1.44	35.98	11.09
10/30/2019 8:39:49 AM	0.50	4.37	0.00	1.62	0.00	0.00	0.00	0.78	6.49	100.00	4.49	15.05	267	4370	0	49	0	0	0	0	4685	172.24	9.22	5.04	21.81	12.86	24.65	13.69	1.44	35.95	11.11
10/30/2019 8:39:52 AM	0.78	4.62	0.38	1.03	0.00	0.00	0.00	0.74	6.81	100.00	4.54	15.11	413	4625	169	31	0	0	0	0	5238	172.30	9.03	4.97	22.53	12.79	24.05	13.80	1.45	35.93	11.11
10/30/2019 8:39:54 AM	0.42	4.80	0.58	0.82	0.00	0.00	0.00	0.76	6.62	100.00	4.62	15.00	222	4800	261	25	0	0	0	0	5308	171.86	8.97	5.20	22.89	12.68	23.94	13.20	1.45	35.93	11.09
10/30/2019 8:39:57 AM	0.42	4.84	0.64	0.59	0.00	0.00	0.00	0.74	6.49	100.00	4.69	14.80	223	4839	289	18	0	0	0	0	5368	171.84	8.56	4.85	22.64	12.32	23.56	12.58	1.46	35.89	11.11
10/30/2019 8:39:59 AM	0.32	4.73	0.52	0.69	0.00	0.00	0.00	0.73	6.27	100.00	4.76	14.75	170	4731	236	21	0	0	0	0	5158	171.38	8.42	4.58	22.15	12.06	23.38	12.10	1.47	35.85	11.10
10/30/2019 8:40:01 AM	0.47	4.62	0.32	0.85	0.00	0.00	0.00	0.71	6.25	100.00	4.81	14.77	248	4625	143	25	0	0	0	0	5040	171.00	8.24	4.76	21.95	11.81	23.21	11.92	1.47	35.85	11.09
10/30/2019 8:40:04 AM	0.31	4.16	0.00	1.37	0.00	0.00	0.00	0.72	5.83	100.00	4.88	14.88	163	4163	0	41	0	0	0	0	4366	170.63	8.30	4.73	20.54	11.71	22.82	11.91	1.48	35.83	11.09
10/30/2019 8:40:06 AM	0.25	4.72	0.59	0.82	0.00	0.00	0.00	0.73	6.38	100.00	4.94	14.80	130	4720	266	25	0	0	0	0	5141	170.69	8.80	4.87	22.39	12.19	23.65	12.54	1.48	35.79	11.08
10/30/2019 8:40:08 AM	0.45	4.65	0.26	0.95	0.00	0.00	0.00	0.71	6.32	100.00	5.01	14.76	240	4655	115	29	0	0	0	0	5039	170.62	8.39	4.90	22.20	11.92	23.55	12.04	1.49	35.79	11.07
10/30/2019 8:40:11 AM	0.44	4.75	0.62	0.38	0.00	0.00	0.00	0.69	6.19	100.00	5.10	14.82	233	4746	279	12	0	0	0	0	5270	170.57	7.84	4.60	21.89	11.58	22.53	11.49	1.50	35.79	11.08
10/30/2019 8:40:13 AM	0.09	4.77	0.84	0.26	0.00	0.00	0.00	0.69	5.96	100.00	5.16	14.73	49	4767	379	8	0	0	0	0	5203	170.49	7.88	4.63	21.77	11.42	22.18	11.11	1.51	35.76	11.09
10/30/2019 8:40:16 AM	0.37	3.85	0.04	0.93	0.00	0.00	0.00	0.65	5.18	100.00	5.22	14.63	195	3848	19	28	0	0	0	0	4089	169.31	7.11	4.11	18.77	10.47	20.20	10.23	1.51	35.72	11.08
10/30/2019 8:40:18 AM	0.15	4.13	0.52	0.36	0.00	0.00	0.00	0.63	5.16	100.00	5.26	14.58	80	4126	236	11	0	0	0	0	4453	168.93	6.86	3.96	19.16	10.20	19.88	9.68	1.51	35.70	11.09
10/30/2019 8:40:20 AM	0.22	3.79	0.00	1.02	0.00	0.00	0.00	0.65	5.03	100.00	5.32	14.63	117	3787	0	31	0	0	0	0	3935	168.58	7.02	4.06	18.42	10.30	20.28	9.92	1.52	35.67	11.09
10/30/2019 8:40:23 AM	0.24	3.83	0.42	0.54	0.00	0.00	0.00	0.64	5.03	100.00	5.38	14.62	129	3834	187	16	0	0	0	0	4166	168.31	6.91	3.93	18.33	10.30	19.26	10.08	1.53	35.66	11.09
10/30/2019 8:40:25 AM	0.21	3.44	0.02	0.86	0.00	0.00	0.00	0.66	4.53	100.00	5.41	14.38	111	3443	8	26	0	0	0	0	3587	168.57	6.55	3.83	17.02	9.98	18.34	9.46	1.53	35.65	11.07
10/30/2019 8:40:27 AM	0.17	4.34	0.82	0.03	0.00	0.00	0.00	0.62	5.35	100.00	5.45	14.34	92	4336	367	1	0	0	0	0	4796	168.75	6.86	4.09	19.72	10.36	19.88	9.88	1.53	35.60	11.07
10/30/2019 8:40:30 AM	0.10	4.04	0.78	0.18	0.00	0.00	0.00	0.62	5.09	100.00	5.53	14.45	55	4035	350	5	0	0	0	0	4445	168.66	6.89	3.96	18.75	10.24	19.15	9.96	1.54	35.60	11.06
10/30/2019 8:40:32 AM	0.23	3.76	0.08	0.91	0.00	0.00	0.00	0.66	4.98	100.00	5.57	14.22	122	3758	37	27	0	0	0	0	3945	168.11	7.04	4.12	18.38	10.39	19.73	10.03	1.55	35.56	11.05
10/30/2019 8:40:35 AM	0.18	4.19	0.62	0.31	0.00	0.00	0.00	0.63	5.31	100.00	5.64	14.18	96	4190	280	9	0	0	0	0	4575	168.39	7.03	4.08	19.46	10.39	20.07	10.04	1.55	35.54	11.04
10/30/2019 8:40:37 AM	0.09	3.88	0.36	0.55	0.00	0.00	0.00	0.65	4.88	100.00	5.74	14.14	49	3880	163	16	0	0	0	0	4108	168.63	6.81	3.90	18.36	10.19	19.33	9.60	1.56	35.52	11.04
10/30/2019 8:40:39 AM	0.12	3.30	0.00	0.89	0.00	0.00	0.00	0.66	4.30	100.00	5.79	13.98	65	3295	0	27	0	0	0	0	3386	167.46	6.41	3.63	16.35	9.87	17.89	9.26	1.57	35.47	11.06
10/30/2019 8:40:42 AM	0.07	3.87	0.35	0.59	0.00	0.00	0.00	0.63	4.88	100.00	5.85	13.96	37	3874	157	18	0	0	0	0	4086	168.39	6.81	4.06	18.43	10.05	19.32	9.50	1.57	35.47	11.04
10/30/2019 8:40:44 AM	0.04	4.29	0.60	0.34	0.00	0.00	0.00	0.63	5.26	100.00	5.91	14.09	20	4287	272	10	0	0	0	0	4589	168.06	7.04	4.16	19.76	10.27	20.36	9.67	1.58	35.44	11.05
10/30/2019 8:40:47 AM	0.04	3.91	0.21	0.68	0.00	0.00	0.00	0.65	4.85	100.00	5.97	14.26	23	3914	94	20	0	0	0	0	4051	167.93	6.77	3.99	18.55	10.06	19.65	9.26	1.58	35.40	11.05
10/30/2019 8:40:49 AM	0.09	3.51	0.00	0.94	0.00	0.00	0.00	0.68	4.53	100.00	6.02	14.35	47	3506	0	28	0	0	0	0	3581	168.15	6.67	3.92	17.24	10.14	18.79	9.50	1.59	35.40	11.03
10/30/2019 8:40:51 AM	0.21	3.48	0.00	1.02	0.00	0.00	0.00	0.67	4.71	100.00	6.05	14.39	114	3480	0	30	0	0	0	0	3624	167.39	6.90	4.06	17.41	10.27	18.93	9.98	1.59	35.34	11.05
10/30/2019 8:40:54 AM	0.10	3.56	0.00	1.01	0.00	0.00	0.00	0.66	4.68	100.00	6.09	14.41	54	3563	0	30	0	0	0	0	3647	168.04	6.85	3.95	17.56	10.13	19.25	9.63	1.60	35.33	11.05
10/30/2019 8:40:56 AM	0.15	3.92	0.26	0.60	0.00	0.00	0.00	0.63	4.94	100.00	6.12	14.49	81	3923	118	18	0	0	0	0	4140	167.78	6.72	4.05	18.60	10.00	19.53	9.37	1.60	35.32	11.01
10/30/2019 8:40:58 AM	0.12	4.09	0.34	0.59	0.00	0.00	0.00	0.66	5.14	100.00	6.19	14.61	65	4086	154	18	0	0	0	0	4323	167.59	7.03	4.27	19.29	10.44	20.13	9.85	1.61	35.30	11.01
10/30/2019 8:41:01 AM	0.12	3.56	0.26	0.77	0.00	0.00	0.00	0.64	4.72	100.00	6.26	14.54	65	3564	119	23	0	0	0	0	3771	167.87	6.87	4.01	17.53	10.06	18.65	9.83	1.61	35.26	11.03
10/30/2019 8:41:03 AM	0.02	4.11	0.43	0.47	0.00	0.00	0.00	0.65	5.03	100.00	6.29	14.43	12	4109	194	14	0	0	0	0	4329	167.57	6.86	4.37	19.23	10.22	19.78	9.48	1.62	35.24	11.01
10/30/2019 8:41:06 AM	0.13	4.20	0.41	0.43	0.00	0.00	0.00	0.63	5.17	100.00	6.35	14.50	70	4199	185	13	0	0	0	0	4467	167.35	6.83	4.02	19.43	10.19	20.22	9.45	1.62	35.21	11.01
10/30/2019 8:41:08 AM	0.25	3.69	0.10	0.76	0.00	0.00	0.00	0.65	4.80	100.00	6.37	14.51	133	3691	47	23	0	0	0	0	3893	167.64	6.67	4.00	17.91	10.11	19.03	9.59	1.62	35.20	11.03
10/30/2019 8:41:10 AM	0.29	4.85	0.85	0.00	0.00	0.00	0.00	0.60	5.99	100.00	6.42	14.53	152	4849	383	0	0	0	0	0	5384	167.33	7.22	4.74	22.04	10.60	21.43	10.17	1.63	35.15	11.00
10/30/2019 8:41:13 AM	0.00	3.74	0.00	1.16	0.00	0.00	0.00	0.64	4.90	100.00	6.46	14.46	0	3740	0	35	0	0	0	0	3775	167.59	7.01	4.41	17.92	10.35	20.80	9.66	1.63	35.13	10.99
10/30/2019 8:41:15 AM	0.12	3.25	0.00	0.99	0.00	0.00	0.00	0.66	4.36	100.00	6.48	14.25	64	3252	0	30	0	0	0	0	3346	167.29	6.51	3.59	16.21	9.93	18.23	9.52	1.63	35.13	11.01
10/30/2019 8:41:17 AM	0.15	3.43	0.08	0.89	0.00	0.00	0.00	0.64	4.54	100.00	6.53	14.34	77	3427	37	27	0	0	0	0	3568	167.78	6.66	3.79	16.99	9.85	18.39	9.47	1.64	35.10	10.99
10/30/2019 8:41:20 AM	0.11	3.36	0.18	0.69	0.00	0.00	0.00	0.67	4.35	100.00	6.60	14.41	60	3364	81	21	0	0	0	0	3526	167.41	6.43	3.60	16.49	9.96	17.67	9.38	1.65	35.07	11.00
10/30/2019 8:41:22 AM	0.09	3.59	0.50	0.32	0.00	0.00	0.00	0.64	4.50	100.00	6.67	14.25	45	3587	227	10	0	0	0	0	3870	167.37	6.36	3.66	17.03	9.88	17.65	9.32	1.65	35.04	10.97
10/30/2019 8:41:25 AM	0.18	4.27	0.70	0.00	0.00	0.00	0.00	0.62	5.15	100.00	6.75	14.13	95	4270	316	0	0	0	0	0	4681	167.39	6.53	4.10	19.98	10.12	18.74	9.34	1.66	35.03	11.01
10/30/2019 8:41:27 AM	0.11	3.81	0.02	0.76	0.00	0.00	0.00	0.67	4.69	100.00	6.81	14.05	57	3810	8	23	0	0	0	0	3897	166.93	6.54	3.86	18.14	10.04	19.39	9.03	1.67	35.00	11.01
10/30/2019 8:41:29 AM	0.17	4.16	0.25	0.48	0.00	0.00	0.00	0.65	5.06	100.00	6.87	14.16	90	4161	111	14	0	0	0	0	4376	166.94	6.62	4.14	19.30	10.21	20.03	9.21	1.67	34.99	10.99
10/30/2019 8:41:32 AM	0.16	4.48	0.67	0.00	0.00	0.00	0.00	0.63	5.31	100.00	6.95	14.22	86	4476	302	0	0	0	0	0	4864	167.14	6.60	4.06	20.20	10.25	20.04	9.29	1.68	34.95	10.99
10/30/2019 8:41:34 AM	0.12	4.01	0.13	0.64	0.00	0.00	0.00	0.67	4.90	100.00	7.02	14.03	62	4009	60	19	0	0	0	0	4151	167.36	6.67	4.04	18.84	10.22	19.86	9.21	1.69	34.94	10.97
10/30/2019 8:41:37 AM	0.10	3.84	0.12	0.70	0.00	0.00	0.00	0.66	4.75	100.00	7.07	14.07	52	3838	52	21	0	0	0	0	3963	167.37	6.62	3.90	18.24	10.09	19.39	9.19	1.69	34.90	10.99
10/30/2019 8:41:39 AM	0.06	3.97	0.41	0.29	0.00	0.00	0.00	0.66	4.72	100.00	7.18	14.05	33	3967	183	9	0	0	0	0	4192	167.50	6.34	3.96	18.34	10.02	18.79	8.96	1.70	34.90	10.96
10/30/2019 8:41:41 AM	0.11	4.01	0.17	0.54	0.00	0.00	0.00	0.66	4.84	100.00	7.30	13.96	61	4007	78	16	0	0	0	0	4162	167.41	6.49	4.02	18.71	10.09	19.56	9.00	1.72	34.86	10.97
10/30/2019 8:41:44 AM	0.00	4.24	0.67	0.00	0.00	0.00	0.00	0.63	4.91	100.00	7.43	13.94	0	4245	300	0	0	0	0	0	4545	167.43	6.41	4.01	19.12	9.92	19.12	8.72	1.73	34.83	10.97
10/30/2019 8:41:46 AM	0.13	3.52	0.00	0.71	0.00	0.00	0.00	0.66	4.36	100.00	7.54	13.93	70	3525	0	21	0	0	0	0	3616	167.33	6.16	3.69	16.97	9.74	18.14	8.73	1.74	34.82	10.96
10/30/2019 8:41:48 AM	0.00	4.01	0.48	0.17	0.00	0.00	0.00	0.65	4.66	100.00	7.70	13.89	0	4006	215	5	0	0	0	0	4227	167.52	6.21	3.75	18.27	9.86	18.69	8.65	1.75	34.77	10.96
10/30/2019 8:41:51 AM	0.00	3.98	0.56	0.11	0.00	0.00	0.00	0.65	4.65	100.00	7.85	13.91	0	3977	254	3	0	0	0	0	4235	167.33	6.29	3.75	18.16	9.91	18.45	8.76	1.77	34.76	10.96
10/30/2019 8:41:53 AM	0.00	3.80	0.49	0.20	0.00	0.00	0.00	0.65	4.48	100.00	8.01	13.91	0	3798	220	6	0	0	0	0	4024	167.20	6.16	3.73	17.56	9.80	17.95	8.72	1.78	34.74	10.96
10/30/2019 8:41:56 AM	0.00	3.72	0.00	0.80	0.00	0.00	0.00	0.67	4.52	100.00	8.12	13.89	0	3716	0	24	0	0	0	0	3740	167.57	6.39	3.75	17.59	9.97	19.31	8.85	1.80	34.70	10.96
10/30/2019 8:41:58 AM	0.00	4.09	0.67	0.02	0.00	0.00	0.00	0.63	4.79	100.00	8.25	13.90	0	4094	303	1	0	0	0	0	4398	167.39	6.29	3.83	18.54	9.82	18.70	8.80	1.81	34.69	10.97
10/30/2019 8:42:00 AM	0.01	3.79	0.29	0.45	0.00	0.00	0.00	0.65	4.54	100.00	8.41	13.89	7	3786	132	13	0	0	0	0	3938	167.20	6.31	3.70	17.71	9.80	18.56	8.76	1.82	34.67	10.96
10/30/2019 8:42:03 AM	0.12	3.66	0.00	0.73	0.00	0.00	0.00	0.65	4.51	100.00	8.51	13.89	64	3657	0	22	0	0	0	0	3742	166.94	6.22	3.81	17.44	9.75	18.75	8.72	1.83	34.63	10.92
10/30/2019 8:42:05 AM	0.02	3.97	0.46	0.25	0.00	0.00	0.00	0.65	4.70	100.00	8.59	13.92	10	3967	209	8	0	0	0	0	4194	167.05	6.34	3.87	18.27	9.92	18.74	8.88	1.84	34.62	10.94
10/30/2019 8:42:08 AM	0.00	3.62	0.33	0.41	0.00	0.00	0.00	0.65	4.37	100.00	8.66	13.98	0	3623	149	12	0	0	0	0	3785	167.21	6.21	3.63	17.08	9.71	17.83	8.71	1.85	34.60	10.93
10/30/2019 8:42:10 AM	0.08	4.12	0.63	0.00	0.00	0.00	0.00	0.65	4.83	100.00	8.74	14.03	41	4123	282	0	0	0	0	0	4445	167.15	6.25	3.98	18.90	10.04	18.46	8.94	1.86	34.56	10.94
10/30/2019 8:42:12 AM	0.00	3.98	0.60	0.09	0.00	0.00	0.00	0.66	4.66	100.00	8.82	14.04	0	3977	271	3	0	0	0	0	4250	167.26	6.29	3.75	18.14	10.04	18.44	8.97	1.86	34.55	10.94
10/30/2019 8:42:15 AM	0.04	3.50	0.15	0.65	0.00	0.00	0.00	0.69	4.34	100.00	8.90	14.00	22	3501	66	19	0	0	0	0	3609	167.60	6.36	3.77	16.91	10.03	17.92	9.12	1.87	34.53	10.90
10/30/2019 8:42:17 AM	0.09	3.99	0.19	0.56	0.00	0.00	0.00	0.67	4.83	100.00	8.96	14.00	48	3987	88	17	0	0	0	0	4139	166.46	6.57	4.01	18.66	10.19	19.54	9.14	1.88	34.50	10.90
10/30/2019 8:42:19 AM	0.00	3.82	0.26	0.44	0.00	0.00	0.00	0.69	4.52	100.00	9.02	14.01	0	3821	116	13	0	0	0	0	3949	167.17	6.36	3.84	17.86	10.12	18.56	8.87	1.88	34.46	10.92
10/30/2019 8:42:22 AM	0.07	3.72	0.00	0.80	0.00	0.00	0.00	0.66	4.59	100.00	9.08	13.98	40	3716	0	24	0	0	0	0	3780	167.31	6.47	3.72	17.72	9.95	19.22	8.95	1.89	34.44	10.92
10/30/2019 8:42:24 AM	0.07	3.93	0.36	0.34	0.00	0.00	0.00	0.67	4.70	100.00	9.16	13.96	39	3927	163	10	0	0	0	0	4138	167.37	6.35	3.92	18.23	10.07	18.78	9.02	1.90	34.43	10.90
10/30/2019 8:42:27 AM	0.01	3.64	0.24	0.47	0.00	0.00	0.00	0.68	4.35	100.00	9.24	13.93	4	3636	108	14	0	0	0	0	3761	167.43	6.20	3.69	17.17	9.95	17.98	8.83	1.91	34.42	10.90
10/30/2019 8:42:29 AM	0.01	3.86	0.35	0.34	0.00	0.00	0.00	0.67	4.56	100.00	9.27	13.88	4	3855	159	10	0	0	0	0	4029	167.40	6.28	3.78	17.89	10.01	18.52	8.86	1.91	34.38	10.90
10/30/2019 8:42:31 AM	0.05	4.37	0.60	0.15	0.00	0.00	0.00	0.65	5.17	100.00	9.29	13.90	27	4372	271	4	0	0	0	0	4675	167.49	6.72	4.06	19.78	10.34	20.14	9.34	1.91	34.36	10.89
10/30/2019 8:42:34 AM	0.11	4.35	0.70	0.00	0.00	0.00	0.00	0.65	5.16	100.00	9.34	13.92	57	4351	314	0	0	0	0	0	4722	167.00	6.59	3.95	19.87	10.28	19.42	9.34	1.91	34.33	10.90
10/30/2019 8:42:36 AM	0.00	3.74	0.33	0.36	0.00	0.00	0.00	0.69	4.43	100.00	9.41	13.94	0	3738	148	11	0	0	0	0	3896	167.10	6.27	3.77	17.48	10.08	18.08	8.90	1.92	34.29	10.89
10/30/2019 8:42:38 AM	0.06	3.68	0.18	0.50	0.00	0.00	0.00	0.67	4.41	100.00	9.47	13.93	30	3685	79	15	0	0	0	0	3810	167.20	6.15	3.68	17.35	9.82	18.22	8.67	1.93	34.29	10.87
10/30/2019 8:42:41 AM	0.06	4.02	0.43	0.28	0.00	0.00	0.00	0.66	4.78	100.00	9.55	13.94	31	4018	192	8	0	0	0	0	4249	166.68	6.41	3.91	18.51	10.10	19.02	9.05	1.94	34.27	10.86
10/30/2019 8:42:43 AM	0.00	3.72	0.23	0.58	0.00	0.00	0.00	0.69	4.53	100.00	9.63	13.93	0	3723	103	17	0	0	0	0	3843	167.04	6.53	3.84	17.67	10.19	18.62	9.19	1.94	34.23	10.86
10/30/2019 8:42:46 AM	0.00	4.21	0.46	0.22	0.00	0.00	0.00	0.67	4.88	100.00	9.69	13.89	0	4212	205	6	0	0	0	0	4424	166.77	6.48	3.96	19.13	10.18	19.55	8.89	1.95	34.21	10.88
10/30/2019 8:42:48 AM	0.00	4.07	0.59	0.01	0.00	0.00	0.00	0.66	4.67	100.00	9.76	13.89	0	4073	264	0	0	0	0	0	4337	166.96	6.22	3.81	18.40	9.98	18.50	8.64	1.96	34.18	10.86
10/30/2019 8:42:50 AM	0.00	3.69	0.12	0.55	0.00	0.00	0.00	0.69	4.36	100.00	9.86	13.96	0	3692	55	16	0	0	0	0	3764	166.99	6.24	3.87	17.45	9.96	18.23	8.61	1.97	34.18	10.87
10/30/2019 8:42:53 AM	0.00	4.21	0.64	0.00	0.00	0.00	0.00	0.64	4.86	100.00	9.94	13.94	0	4212	290	0	0	0	0	0	4502	167.21	6.33	3.88	18.95	9.99	19.04	8.77	1.97	34.13	10.84
10/30/2019 8:42:55 AM	0.00	4.15	0.49	0.20	0.00	0.00	0.00	0.66	4.84	100.00	9.99	13.90	0	4145	220	6	0	0	0	0	4371	167.16	6.53	3.88	18.88	10.14	19.28	8.87	1.98	34.12	10.85
10/30/2019 8:42:58 AM	0.07	3.98	0.17	0.50	0.00	0.00	0.00	0.68	4.72	100.00	10.06	13.96	39	3982	75	15	0	0	0	0	4111	166.84	6.37	3.96	18.51	10.11	19.30	8.84	1.99	34.11	10.85
10/30/2019 8:43:00 AM	0.18	3.70	0.42	0.28	0.00	0.00	0.00	0.66	4.58	100.00	10.17	14.00	96	3701	187	8	0	0	0	0	3993	167.04	6.20	3.64	17.35	9.97	17.93	9.18	2.00	34.07	10.86
10/30/2019 8:43:02 AM	0.09	3.54	0.01	0.67	0.00	0.00	0.00	0.67	4.30	100.00	10.22	13.94	45	3537	5	20	0	0	0	0	3607	167.23	6.12	3.66	16.95	9.80	18.05	8.66	2.00	34.07	10.84
10/30/2019 8:43:05 AM	0.07	4.12	0.23	0.45	0.00	0.00	0.00	0.66	4.87	100.00	10.26	13.93	39	4121	102	13	0	0	0	0	4276	166.39	6.46	3.90	18.96	10.10	19.79	8.85	2.01	34.03	10.85
10/30/2019 8:43:07 AM	0.00	3.95	0.48	0.17	0.00	0.00	0.00	0.67	4.60	100.00	10.39	13.99	0	3946	217	5	0	0	0	0	4168	167.00	6.27	3.64	18.03	10.00	18.49	8.76	2.02	34.03	10.85
10/30/2019 8:43:09 AM	0.00	3.98	0.38	0.28	0.00	0.00	0.00	0.66	4.63	100.00	10.46	13.95	0	3976	169	8	0	0	0	0	4153	166.94	6.27	3.88	18.27	9.97	18.74	8.68	2.02	34.00	10.84
10/30/2019 8:43:12 AM	0.21	4.38	0.54	0.00	0.00	0.00	0.00	0.64	5.12	100.00	10.54	13.94	109	4379	242	0	0	0	0	0	4730	166.00	6.29	4.03	19.96	10.13	19.33	8.93	2.03	33.98	10.82
10/30/2019 8:43:14 AM	0.30	3.84	0.11	0.52	0.00	0.00	0.00	0.61	4.78	100.00	10.62	13.91	161	3838	51	16	0	0	0	0	4066	165.37	6.17	3.80	18.05	9.68	18.93	8.79	2.04	33.96	10.83
10/30/2019 8:43:17 AM	2.28	7.81	0.80	0.00	0.00	0.00	0.00	0.14	10.89	100.00	10.67	13.89	1210	7812	359	0	0	0	0	0	9381	157.65	9.23	6.59	36.55	10.68	31.18	12.46	2.05	33.92	10.82
10/30/2019 8:43:19 AM	3.95	13.40	0.40	0.00	0.00	0.00	0.00	0.00	17.74	100.00	10.75	13.92	2091	13399	178	0	0	0	0	0	15668	109.69	12.61	9.94	62.57	10.64	48.87	16.87	2.05	33.91	10.82
