Date/Time	Green Algae	Bluegreen	Diatoms	Cryptophyta	#5	#6	#7	Yellow substances	Total conc.	Transmission	Depth	Temp. Sample	Green Algae	Bluegreen	Diatoms	Cryptophyta	#5	#6	#7	Yellow substances	Total cell count	Trans. 700 nm	LED 3 [525 nm]	LED 4 [570 nm]	LED 5 [610 nm]	LED 6 [370 nm]	LED 7 [590 nm]	LED 8 [470 nm]	Pressure	Temp. LEDs	Temp. Sensor
date	µg/l	µg/l	µg/l	µg/l	µg/l	µg/l	µg/l	r.u.	µg/l	%	m	°C	cells/ml	cells/ml	cells/ml	cells/ml	cells/ml	cells/ml	cells/ml	r.u.	cells/ml	digits	digits	digits	digits	digits	digits	digits	bar	°C	°C
11/4/2019 11:24:31 AM	2.42	21.71	3.79	0.00	0.00	0.00	0.00	0.57	27.92	100.00	0.45	13.45	1282	21707	1706	0	0	0	0	0	24694	166.78	26.61	17.57	90.83	27.38	88.10	31.41	1.04	30.37	9.31
11/4/2019 11:24:33 AM	3.02	21.95	3.57	0.00	0.00	0.00	0.00	0.68	28.54	100.00	0.53	13.18	1602	21948	1607	0	0	0	0	0	25157	166.27	26.80	18.02	91.68	28.82	89.51	33.00	1.05	30.42	9.30
11/4/2019 11:24:36 AM	2.73	22.33	3.90	0.00	0.00	0.00	0.00	0.77	28.95	100.00	0.58	13.29	1444	22333	1753	0	0	0	0	0	25530	166.51	27.93	18.22	94.41	29.92	90.01	34.25	1.06	30.46	9.31
11/4/2019 11:24:38 AM	3.38	21.39	3.24	0.63	0.00	0.00	0.00	0.66	28.64	100.00	0.63	13.35	1792	21390	1456	19	0	0	0	0	24657	167.25	27.25	18.02	90.14	28.93	89.65	34.25	1.06	30.50	9.32
11/4/2019 11:24:40 AM	1.54	20.92	3.64	1.18	0.00	0.00	0.00	0.83	27.28	100.00	0.69	13.27	818	20915	1638	35	0	0	0	0	23406	168.44	28.62	18.71	88.75	29.38	88.55	34.03	1.07	30.54	9.33
11/4/2019 11:24:43 AM	2.52	21.57	4.27	0.00	0.00	0.00	0.00	0.76	28.35	100.00	0.73	13.16	1333	21565	1922	0	0	0	0	0	24821	166.98	28.07	17.89	90.88	29.77	88.27	35.00	1.07	30.55	9.35
11/4/2019 11:24:45 AM	2.10	21.77	3.26	1.30	0.00	0.00	0.00	0.84	28.44	100.00	0.77	13.15	1116	21767	1468	39	0	0	0	0	24390	167.02	29.03	18.71	92.01	30.23	92.40	34.69	1.08	30.59	9.35
11/4/2019 11:24:48 AM	2.45	21.91	3.73	0.91	0.00	0.00	0.00	0.66	29.00	100.00	0.80	13.40	1300	21914	1677	27	0	0	0	0	24918	167.50	28.99	18.30	92.37	29.39	92.54	34.89	1.08	30.62	9.33
11/4/2019 11:24:50 AM	0.97	22.60	5.19	0.00	0.00	0.00	0.00	0.82	28.76	100.00	0.82	13.72	516	22602	2334	0	0	0	0	0	25452	167.06	30.24	18.35	94.06	30.56	92.87	35.35	1.08	30.65	9.35
11/4/2019 11:24:52 AM	2.41	24.75	3.56	0.00	0.00	0.00	0.00	0.80	30.72	100.00	0.85	13.85	1277	24751	1602	0	0	0	0	0	27629	166.12	28.94	19.42	104.14	30.90	97.42	33.01	1.08	30.67	9.37
11/4/2019 11:24:55 AM	2.64	23.89	4.31	0.00	0.00	0.00	0.00	0.81	30.84	100.00	0.88	13.91	1397	23888	1941	0	0	0	0	0	27225	166.19	29.96	19.57	99.80	31.81	97.11	36.44	1.09	30.72	9.39
11/4/2019 11:24:57 AM	2.72	24.10	4.68	0.00	0.00	0.00	0.00	0.68	31.49	100.00	0.92	14.03	1441	24097	2105	0	0	0	0	0	27643	166.70	30.65	20.04	101.26	31.44	97.87	37.16	1.09	30.73	9.41
11/4/2019 11:25:00 AM	2.16	23.82	4.78	0.00	0.00	0.00	0.00	0.67	30.75	100.00	0.98	14.14	1143	23816	2151	0	0	0	0	0	27110	166.80	30.33	20.12	99.22	30.78	97.24	36.03	1.10	30.77	9.38
11/4/2019 11:25:02 AM	2.82	22.12	3.25	1.49	0.00	0.00	0.00	0.75	29.67	100.00	1.02	14.04	1496	22120	1461	45	0	0	0	0	25121	166.35	29.82	18.87	93.98	30.66	94.82	36.45	1.10	30.81	9.39
11/4/2019 11:25:04 AM	2.14	23.20	4.14	0.02	0.00	0.00	0.00	0.63	29.51	100.00	1.06	14.03	1136	23201	1865	1	0	0	0	0	26203	164.97	28.41	19.68	96.28	29.12	94.28	33.07	1.10	30.81	9.39
11/4/2019 11:25:07 AM	2.10	23.85	3.60	0.67	0.00	0.00	0.00	0.70	30.22	100.00	1.10	14.09	1115	23847	1622	20	0	0	0	0	26603	166.82	29.38	20.12	99.22	30.04	98.27	33.54	1.11	30.85	9.38
11/4/2019 11:25:09 AM	1.74	23.79	4.61	0.00	0.00	0.00	0.00	0.68	30.14	100.00	1.16	14.04	923	23791	2074	0	0	0	0	0	26787	164.69	29.84	19.36	99.23	30.08	96.24	34.29	1.11	30.88	9.41
11/4/2019 11:25:11 AM	1.54	24.54	4.63	0.00	0.00	0.00	0.00	0.72	30.71	100.00	1.22	13.79	818	24535	2084	0	0	0	0	0	27437	164.18	30.39	20.15	101.88	30.69	98.96	34.36	1.12	30.89	9.39
11/4/2019 11:25:14 AM	2.48	23.05	4.08	0.21	0.00	0.00	0.00	0.61	29.82	100.00	1.24	13.44	1314	23051	1835	6	0	0	0	0	26207	167.94	28.73	19.47	96.09	29.29	94.58	34.03	1.12	30.92	9.39
11/4/2019 11:25:16 AM	2.84	23.00	3.02	1.23	0.00	0.00	0.00	0.70	30.10	100.00	1.27	13.62	1508	23002	1360	37	0	0	0	0	25907	165.62	29.11	20.66	97.15	30.11	96.32	34.66	1.12	30.93	9.41
11/4/2019 11:25:19 AM	3.08	23.94	4.15	0.00	0.00	0.00	0.00	0.50	31.17	100.00	1.34	13.81	1632	23939	1867	0	0	0	0	0	27439	165.80	29.04	19.89	99.53	29.43	97.63	34.61	1.13	30.93	9.41
11/4/2019 11:25:21 AM	2.37	22.87	4.14	0.00	0.00	0.00	0.00	0.64	29.37	100.00	1.37	13.44	1254	22868	1862	0	0	0	0	0	25985	167.94	28.35	19.09	96.31	29.19	91.95	33.53	1.13	30.97	9.42
11/4/2019 11:25:23 AM	2.75	23.30	3.72	0.00	0.00	0.00	0.00	0.68	29.76	100.00	1.38	13.30	1455	23297	1675	0	0	0	0	0	26427	166.12	28.12	18.57	98.58	29.61	92.69	33.26	1.14	31.00	9.40
11/4/2019 11:25:26 AM	3.30	25.28	3.71	0.00	0.00	0.00	0.00	0.64	32.28	100.00	1.40	13.54	1747	25276	1669	0	0	0	0	0	28692	167.29	29.61	20.68	106.81	31.05	99.86	34.83	1.14	30.99	9.43
11/4/2019 11:25:28 AM	2.08	24.72	3.79	0.00	0.00	0.00	0.00	0.68	30.59	100.00	1.45	13.81	1103	24719	1706	0	0	0	0	0	27529	166.61	28.82	19.75	101.60	29.87	99.68	32.21	1.14	31.01	9.41
11/4/2019 11:25:31 AM	3.01	23.93	3.56	0.00	0.00	0.00	0.00	0.65	30.50	100.00	1.50	13.77	1598	23930	1600	0	0	0	0	0	27128	166.38	28.07	19.80	99.62	29.74	96.31	33.20	1.15	31.01	9.42
11/4/2019 11:25:33 AM	1.65	24.76	4.17	0.00	0.00	0.00	0.00	0.75	30.57	100.00	1.54	13.60	873	24756	1875	0	0	0	0	0	27505	166.91	29.64	20.07	102.25	30.55	99.52	33.10	1.15	31.05	9.44
11/4/2019 11:25:35 AM	2.06	25.21	3.88	0.00	0.00	0.00	0.00	0.70	31.15	100.00	1.56	13.64	1090	25207	1747	0	0	0	0	0	28044	165.88	29.44	20.60	105.06	30.40	99.91	32.75	1.15	31.03	9.45
11/4/2019 11:25:38 AM	2.18	24.66	4.07	0.00	0.00	0.00	0.00	0.66	30.91	100.00	1.59	13.74	1156	24657	1831	0	0	0	0	0	27644	165.65	29.43	19.76	102.38	30.15	99.07	33.37	1.16	31.06	9.46
11/4/2019 11:25:40 AM	3.13	26.78	2.96	0.00	0.00	0.00	0.00	0.63	32.88	100.00	1.64	13.84	1660	26782	1333	0	0	0	0	0	29775	165.45	28.92	20.73	111.00	30.56	105.41	31.70	1.16	31.06	9.46
11/4/2019 11:25:42 AM	2.07	24.19	3.31	0.82	0.00	0.00	0.00	0.82	30.39	100.00	1.68	13.76	1095	24192	1488	25	0	0	0	0	26800	164.72	29.64	19.57	100.27	30.94	100.17	33.68	1.16	31.06	9.45
11/4/2019 11:25:45 AM	1.99	24.20	2.70	1.05	0.00	0.00	0.00	0.74	29.95	100.00	1.73	13.62	1057	24199	1217	32	0	0	0	0	26504	166.66	28.64	19.76	100.12	29.65	100.05	31.30	1.17	31.08	9.46
11/4/2019 11:25:47 AM	1.96	24.12	3.58	0.00	0.00	0.00	0.00	0.69	29.66	100.00	1.73	13.44	1039	24124	1609	0	0	0	0	0	26772	167.74	27.91	19.57	99.89	29.14	96.24	30.97	1.17	31.08	9.44
11/4/2019 11:25:50 AM	2.69	25.62	3.68	0.00	0.00	0.00	0.00	0.58	31.99	100.00	1.76	13.60	1425	25620	1657	0	0	0	0	0	28702	166.87	29.35	19.97	106.14	30.04	102.41	32.78	1.17	31.09	9.43
11/4/2019 11:25:52 AM	2.53	24.65	3.71	0.00	0.00	0.00	0.00	0.71	30.89	100.00	1.81	13.90	1343	24650	1669	0	0	0	0	0	27662	166.36	28.94	19.75	102.83	30.43	98.33	33.23	1.18	31.10	9.45
11/4/2019 11:25:54 AM	1.42	21.37	3.85	0.00	0.00	0.00	0.00	0.74	26.64	100.00	1.88	13.69	752	21371	1731	0	0	0	0	0	23853	168.40	26.49	16.79	89.13	27.62	86.35	30.25	1.18	31.10	9.45
11/4/2019 11:25:57 AM	1.04	21.80	3.73	0.00	0.00	0.00	0.00	0.81	26.57	100.00	1.93	13.30	552	21801	1678	0	0	0	0	0	24031	167.26	26.44	17.56	89.90	27.92	88.09	29.48	1.19	31.12	9.46
11/4/2019 11:25:59 AM	1.48	25.53	4.31	0.00	0.00	0.00	0.00	0.62	31.32	100.00	1.97	13.30	784	25532	1939	0	0	0	0	0	28255	165.77	30.17	20.38	105.50	29.95	102.06	32.45	1.19	31.11	9.46
11/4/2019 11:26:01 AM	2.56	25.13	3.55	0.00	0.00	0.00	0.00	0.57	31.23	100.00	2.01	13.54	1355	25129	1596	0	0	0	0	0	28080	165.16	28.54	19.88	103.58	29.27	100.78	31.67	1.20	31.12	9.47
11/4/2019 11:26:04 AM	1.58	24.33	3.59	0.00	0.00	0.00	0.00	0.71	29.50	100.00	2.06	13.46	837	24330	1616	0	0	0	0	0	26783	165.90	27.99	19.21	100.30	29.03	97.02	30.24	1.20	31.13	9.46
11/4/2019 11:26:06 AM	2.39	23.72	3.16	0.17	0.00	0.00	0.00	0.72	29.44	100.00	2.10	13.33	1265	23719	1421	5	0	0	0	0	26410	166.98	27.31	19.19	97.55	29.15	96.17	31.02	1.21	31.11	9.47
11/4/2019 11:26:09 AM	2.15	25.49	3.08	0.00	0.00	0.00	0.00	0.71	30.73	100.00	2.12	13.24	1141	25488	1388	0	0	0	0	0	28017	166.15	28.08	19.20	105.75	29.57	100.07	29.94	1.21	31.12	9.48
11/4/2019 11:26:11 AM	1.97	22.48	2.76	0.69	0.00	0.00	0.00	0.68	27.90	100.00	2.13	13.17	1046	22485	1240	21	0	0	0	0	24791	166.50	26.51	18.31	92.99	27.62	92.55	29.36	1.21	31.12	9.48
11/4/2019 11:26:13 AM	2.11	21.67	2.18	0.96	0.00	0.00	0.00	0.71	26.92	100.00	2.12	13.24	1117	21669	981	29	0	0	0	0	23796	166.29	25.47	17.57	89.85	27.07	89.96	28.35	1.21	31.12	9.46
11/4/2019 11:26:16 AM	2.36	23.48	2.53	0.00	0.00	0.00	0.00	0.73	28.36	100.00	2.19	13.26	1249	23479	1137	0	0	0	0	0	25864	167.25	25.48	18.45	97.69	27.90	92.05	27.90	1.22	31.12	9.48
11/4/2019 11:26:18 AM	2.00	23.17	3.42	0.00	0.00	0.00	0.00	0.68	28.59	100.00	2.30	12.94	1059	23171	1538	0	0	0	0	0	25769	167.53	27.00	17.70	96.21	28.27	92.67	30.10	1.22	31.11	9.48
11/4/2019 11:26:21 AM	1.55	22.68	3.29	0.00	0.00	0.00	0.00	0.83	27.52	100.00	2.34	12.87	821	22679	1482	0	0	0	0	0	24982	167.22	26.36	18.04	93.01	28.51	91.40	29.41	1.23	31.11	9.47
11/4/2019 11:26:23 AM	2.43	25.59	3.30	0.00	0.00	0.00	0.00	0.67	31.32	100.00	2.39	13.04	1288	25586	1486	0	0	0	0	0	28360	165.23	28.60	20.23	106.62	29.95	100.55	31.29	1.23	31.08	9.49
11/4/2019 11:26:25 AM	2.44	25.44	3.46	0.00	0.00	0.00	0.00	0.61	31.34	100.00	2.43	13.00	1291	25443	1556	0	0	0	0	0	28291	165.79	28.71	20.27	106.36	29.60	99.97	31.44	1.24	31.10	9.47
11/4/2019 11:26:28 AM	2.44	24.71	3.00	0.00	0.00	0.00	0.00	0.61	30.14	100.00	2.46	13.10	1291	24707	1349	0	0	0	0	0	27347	165.89	27.09	19.17	101.31	28.44	98.70	29.40	1.24	31.08	9.47
11/4/2019 11:26:30 AM	2.08	24.95	2.83	0.00	0.00	0.00	0.00	0.68	29.86	100.00	2.55	13.17	1103	24947	1275	0	0	0	0	0	27325	166.54	27.01	19.00	103.26	28.55	97.81	28.42	1.25	31.08	9.48
11/4/2019 11:26:32 AM	2.15	25.10	3.22	0.00	0.00	0.00	0.00	0.78	30.48	100.00	2.59	13.06	1141	25104	1449	0	0	0	0	0	27694	166.06	28.20	19.43	104.02	30.14	99.21	30.92	1.25	31.08	9.48
11/4/2019 11:26:35 AM	2.25	24.61	3.62	0.00	0.00	0.00	0.00	0.72	30.48	100.00	2.62	13.13	1190	24609	1629	0	0	0	0	0	27429	166.43	28.67	19.47	103.00	30.07	97.32	32.22	1.26	31.08	9.49
11/4/2019 11:26:37 AM	1.48	24.24	3.50	0.00	0.00	0.00	0.00	0.88	29.23	100.00	2.65	13.26	785	24244	1576	0	0	0	0	0	26604	166.60	28.12	18.62	99.70	30.19	96.95	30.88	1.26	31.06	9.47
11/4/2019 11:26:40 AM	2.39	25.07	2.69	0.00	0.00	0.00	0.00	0.71	30.15	100.00	2.68	13.37	1267	25073	1210	0	0	0	0	0	27550	164.79	26.98	18.98	103.67	28.98	98.53	28.88	1.26	31.06	9.49
11/4/2019 11:26:42 AM	2.05	25.37	2.55	0.00	0.00	0.00	0.00	0.77	29.97	100.00	2.73	13.51	1084	25374	1148	0	0	0	0	0	27606	166.60	26.81	19.50	104.24	29.09	99.50	27.97	1.27	31.07	9.49
11/4/2019 11:26:44 AM	1.94	24.53	2.93	0.00	0.00	0.00	0.00	0.71	29.41	100.00	2.79	13.49	1029	24531	1320	0	0	0	0	0	26880	165.64	26.89	19.18	101.53	28.57	96.41	28.60	1.27	31.06	9.50
11/4/2019 11:26:47 AM	2.83	25.94	2.24	0.00	0.00	0.00	0.00	0.62	31.01	100.00	2.85	13.28	1501	25939	1009	0	0	0	0	0	28449	166.07	26.66	20.32	109.15	28.57	98.89	27.79	1.28	31.05	9.49
11/4/2019 11:26:49 AM	2.00	24.07	2.72	0.00	0.00	0.00	0.00	0.75	28.79	100.00	2.91	13.08	1058	24072	1225	0	0	0	0	0	26355	167.18	26.21	18.55	99.29	28.35	94.95	28.07	1.29	31.02	9.51
11/4/2019 11:26:52 AM	2.49	23.62	2.66	0.00	0.00	0.00	0.00	0.68	28.78	100.00	2.95	13.04	1320	23624	1197	0	0	0	0	0	26142	166.81	25.76	18.40	97.06	27.93	94.25	28.46	1.29	31.03	9.49
11/4/2019 11:26:54 AM	2.17	24.83	2.54	0.00	0.00	0.00	0.00	0.65	29.54	100.00	2.98	13.12	1150	24828	1144	0	0	0	0	0	27121	166.49	26.18	18.81	101.58	27.90	98.14	27.25	1.29	31.01	9.49
11/4/2019 11:26:56 AM	2.00	25.29	2.50	0.00	0.00	0.00	0.00	0.72	29.79	100.00	3.06	13.15	1062	25290	1124	0	0	0	0	0	27476	165.58	26.53	19.45	104.16	28.53	98.72	27.29	1.30	31.01	9.48
11/4/2019 11:26:59 AM	1.54	20.77	3.12	0.00	0.00	0.00	0.00	0.71	25.44	100.00	3.12	13.00	818	20774	1404	0	0	0	0	0	22995	166.97	24.42	16.18	85.76	26.12	83.90	27.37	1.31	31.01	9.49
11/4/2019 11:27:01 AM	1.83	22.26	2.96	0.00	0.00	0.00	0.00	0.71	27.05	100.00	3.15	12.90	969	22260	1331	0	0	0	0	0	24560	166.28	25.33	17.47	93.23	27.07	87.54	27.81	1.31	31.01	9.49
11/4/2019 11:27:03 AM	1.36	21.21	3.17	0.00	0.00	0.00	0.00	0.74	25.73	100.00	3.24	12.99	719	21205	1426	0	0	0	0	0	23351	166.65	24.78	16.87	87.37	26.47	85.36	27.40	1.32	31.01	9.49
11/4/2019 11:27:06 AM	1.00	23.59	3.15	0.00	0.00	0.00	0.00	0.76	27.74	100.00	3.27	13.05	530	23590	1418	0	0	0	0	0	25539	165.65	26.38	18.91	97.89	27.74	92.15	27.21	1.32	30.99	9.48
11/4/2019 11:27:08 AM	0.70	23.78	3.33	0.00	0.00	0.00	0.00	0.75	27.81	100.00	3.46	13.08	369	23781	1498	0	0	0	0	0	25648	167.52	26.72	18.53	97.65	27.65	93.91	27.05	1.34	30.99	9.47
11/4/2019 11:27:11 AM	2.06	22.75	2.55	0.00	0.00	0.00	0.00	0.71	27.36	100.00	3.39	12.94	1093	22748	1149	0	0	0	0	0	24991	166.48	24.89	17.61	94.87	27.03	89.07	26.93	1.33	30.97	9.48
11/4/2019 11:27:13 AM	1.70	22.42	1.72	1.21	0.00	0.00	0.00	0.79	27.05	100.00	3.41	12.84	899	22424	776	36	0	0	0	0	24135	166.82	25.57	17.98	92.44	27.35	92.87	27.01	1.33	30.95	9.49
11/4/2019 11:27:15 AM	1.78	23.81	3.34	0.00	0.00	0.00	0.00	0.74	28.92	100.00	3.42	12.90	944	23806	1502	0	0	0	0	0	26251	164.82	27.21	18.16	97.13	28.80	96.18	29.83	1.34	30.94	9.51
11/4/2019 11:27:18 AM	1.36	23.60	2.82	0.00	0.00	0.00	0.00	0.82	27.78	100.00	3.49	12.99	720	23596	1269	0	0	0	0	0	25586	165.62	25.91	17.97	96.02	28.10	94.16	27.21	1.34	30.94	9.47
11/4/2019 11:27:20 AM	2.42	24.88	2.67	0.00	0.00	0.00	0.00	0.67	29.98	100.00	3.54	12.97	1285	24883	1202	0	0	0	0	0	27370	166.36	26.74	19.49	104.04	28.54	96.53	28.55	1.35	30.93	9.50
11/4/2019 11:27:23 AM	1.31	24.00	3.02	0.00	0.00	0.00	0.00	0.78	28.33	100.00	3.55	12.99	694	24003	1359	0	0	0	0	0	26056	165.20	26.50	18.73	97.86	28.27	95.60	27.71	1.35	30.89	9.49
11/4/2019 11:27:25 AM	2.02	25.26	2.77	0.00	0.00	0.00	0.00	0.71	30.04	100.00	3.56	12.99	1069	25256	1247	0	0	0	0	0	27572	165.14	27.12	19.77	105.06	28.86	98.04	28.34	1.35	30.92	9.47
11/4/2019 11:27:27 AM	2.12	25.05	2.74	0.00	0.00	0.00	0.00	0.76	29.90	100.00	3.59	13.08	1121	25046	1234	0	0	0	0	0	27400	165.34	27.02	19.42	103.23	29.23	98.50	28.80	1.35	30.88	9.51
11/4/2019 11:27:30 AM	1.78	25.44	2.63	0.00	0.00	0.00	0.00	0.77	29.85	100.00	3.63	13.20	941	25445	1184	0	0	0	0	0	27569	165.18	26.89	19.41	103.58	29.03	100.56	27.68	1.36	30.88	9.49
11/4/2019 11:27:32 AM	2.55	25.38	2.07	0.00	0.00	0.00	0.00	0.77	30.00	100.00	3.69	13.21	1349	25380	933	0	0	0	0	0	27662	166.17	26.06	19.58	105.37	28.98	98.03	27.40	1.36	30.86	9.49
11/4/2019 11:27:34 AM	1.76	22.82	2.77	0.00	0.00	0.00	0.00	0.81	27.34	100.00	3.70	13.06	932	22818	1246	0	0	0	0	0	24996	168.01	25.41	17.94	94.29	27.86	90.32	27.73	1.36	30.86	9.49
11/4/2019 11:27:37 AM	2.18	22.27	2.77	0.00	0.00	0.00	0.00	0.75	27.22	100.00	3.71	13.00	1154	22272	1247	0	0	0	0	0	24674	167.85	25.19	17.13	93.22	27.48	87.82	28.23	1.36	30.84	9.49
11/4/2019 11:27:39 AM	2.28	22.28	2.63	0.00	0.00	0.00	0.00	0.73	27.18	100.00	3.71	13.06	1206	22276	1183	0	0	0	0	0	24665	167.13	24.90	17.39	93.82	27.24	86.99	27.80	1.36	30.83	9.51
11/4/2019 11:27:42 AM	2.30	22.89	2.97	0.00	0.00	0.00	0.00	0.74	28.16	100.00	3.76	13.06	1221	22887	1335	0	0	0	0	0	25443	165.90	26.09	18.05	96.36	28.23	89.77	29.44	1.37	30.81	9.48
11/4/2019 11:27:44 AM	2.35	23.70	3.16	0.00	0.00	0.00	0.00	0.80	29.20	100.00	3.78	12.99	1243	23701	1421	0	0	0	0	0	26366	165.98	27.17	18.86	98.77	29.54	93.99	30.94	1.37	30.81	9.48
11/4/2019 11:27:46 AM	2.65	25.26	2.85	0.00	0.00	0.00	0.00	0.78	30.76	100.00	3.80	13.03	1404	25259	1281	0	0	0	0	0	27945	165.81	27.78	19.06	104.90	30.22	99.46	30.75	1.37	30.80	9.47
11/4/2019 11:27:49 AM	3.30	25.86	2.05	0.00	0.00	0.00	0.00	0.68	31.21	100.00	3.83	13.08	1748	25862	924	0	0	0	0	0	28534	164.62	26.73	19.35	110.30	29.32	97.57	28.71	1.38	30.78	9.49
11/4/2019 11:27:51 AM	2.23	25.08	2.60	0.00	0.00	0.00	0.00	0.80	29.92	100.00	3.84	13.10	1184	25084	1170	0	0	0	0	0	27437	164.86	27.01	18.98	104.79	29.47	97.15	28.81	1.38	30.77	9.48
11/4/2019 11:27:54 AM	2.09	24.88	2.58	0.00	0.00	0.00	0.00	0.82	29.55	100.00	3.85	13.09	1110	24876	1162	0	0	0	0	0	27148	164.65	26.66	19.39	102.23	29.38	97.92	28.53	1.38	30.75	9.49
11/4/2019 11:27:56 AM	2.64	25.36	2.14	0.00	0.00	0.00	0.00	0.75	30.15	100.00	3.89	13.15	1401	25362	965	0	0	0	0	0	27727	164.46	26.28	19.32	106.06	29.03	97.48	27.79	1.38	30.75	9.48
11/4/2019 11:27:58 AM	2.40	26.13	2.39	0.00	0.00	0.00	0.00	0.81	30.92	100.00	3.91	13.13	1274	26132	1075	0	0	0	0	0	28481	164.44	27.46	19.52	109.74	30.05	99.87	28.73	1.38	30.73	9.47
11/4/2019 11:28:01 AM	2.13	24.93	2.77	0.00	0.00	0.00	0.00	0.79	29.82	100.00	3.95	13.11	1127	24930	1245	0	0	0	0	0	27302	165.16	27.04	19.49	102.64	29.43	98.29	29.11	1.39	30.73	9.47
11/4/2019 11:28:03 AM	2.33	27.14	2.68	0.00	0.00	0.00	0.00	0.73	32.15	100.00	3.96	13.07	1235	27138	1207	0	0	0	0	0	29580	164.75	28.45	21.30	112.62	30.42	104.85	29.45	1.39	30.73	9.45
11/4/2019 11:28:05 AM	1.66	26.78	2.91	0.00	0.00	0.00	0.00	0.77	31.34	100.00	3.97	13.04	877	26777	1307	0	0	0	0	0	28962	164.93	28.42	20.65	109.91	30.07	104.56	28.75	1.39	30.70	9.48
11/4/2019 11:28:08 AM	2.46	26.31	2.39	0.00	0.00	0.00	0.00	0.75	31.16	100.00	4.06	13.13	1304	26310	1074	0	0	0	0	0	28688	164.51	27.42	20.01	109.96	29.78	100.96	28.54	1.40	30.68	9.47
11/4/2019 11:28:10 AM	2.09	22.77	2.44	0.00	0.00	0.00	0.00	0.75	27.29	100.00	4.17	12.98	1106	22766	1097	0	0	0	0	0	24969	166.86	24.76	17.43	94.68	27.25	89.27	26.85	1.41	30.68	9.46
11/4/2019 11:28:13 AM	1.34	23.57	2.60	0.00	0.00	0.00	0.00	0.80	27.51	100.00	4.24	12.78	713	23566	1172	0	0	0	0	0	25450	165.07	25.40	17.91	96.28	27.61	93.16	26.19	1.42	30.68	9.47
11/4/2019 11:28:15 AM	2.18	24.97	2.49	0.00	0.00	0.00	0.00	0.77	29.64	100.00	4.28	12.77	1154	24975	1118	0	0	0	0	0	27248	165.79	26.48	19.20	102.90	28.96	97.89	28.01	1.42	30.65	9.47
11/4/2019 11:28:17 AM	1.73	25.00	2.63	0.00	0.00	0.00	0.00	0.75	29.36	100.00	4.34	12.82	917	24997	1183	0	0	0	0	0	27097	165.07	26.49	19.40	102.23	28.48	98.38	27.24	1.43	30.63	9.49
11/4/2019 11:28:20 AM	2.17	25.06	2.04	0.00	0.00	0.00	0.00	0.75	29.26	100.00	4.37	12.91	1150	25055	916	0	0	0	0	0	27122	165.57	25.52	18.91	103.16	28.12	97.30	26.03	1.43	30.62	9.48
11/4/2019 11:28:22 AM	2.20	24.88	2.36	0.00	0.00	0.00	0.00	0.77	29.45	100.00	4.39	12.92	1168	24883	1062	0	0	0	0	0	27114	165.27	26.19	18.75	102.76	28.69	97.16	27.50	1.43	30.61	9.48
11/4/2019 11:28:24 AM	2.44	26.65	2.73	0.00	0.00	0.00	0.00	0.75	31.82	100.00	4.41	12.91	1295	26653	1228	0	0	0	0	0	29175	165.30	28.36	20.14	110.40	30.47	103.84	29.93	1.43	30.60	9.49
11/4/2019 11:28:27 AM	2.88	25.63	2.44	0.00	0.00	0.00	0.00	0.70	30.96	100.00	4.44	12.99	1529	25633	1100	0	0	0	0	0	28261	165.55	27.13	19.47	107.36	29.46	99.11	29.28	1.44	30.61	9.48
11/4/2019 11:28:29 AM	3.10	25.70	2.16	0.00	0.00	0.00	0.00	0.75	30.97	100.00	4.50	13.06	1646	25701	972	0	0	0	0	0	28318	165.72	26.80	19.20	107.61	29.73	99.18	29.10	1.44	30.58	9.49
11/4/2019 11:28:32 AM	2.74	25.99	2.03	0.00	0.00	0.00	0.00	0.82	30.76	100.00	4.59	13.01	1452	25988	913	0	0	0	0	0	28354	166.25	26.63	19.78	108.03	29.88	100.19	28.21	1.45	30.55	9.47
11/4/2019 11:28:34 AM	1.51	24.19	2.76	0.00	0.00	0.00	0.00	0.85	28.46	100.00	4.63	12.78	801	24189	1242	0	0	0	0	0	26233	166.76	26.39	18.76	99.78	28.79	94.84	27.74	1.45	30.55	9.46
11/4/2019 11:28:36 AM	2.17	25.39	2.28	0.00	0.00	0.00	0.00	0.73	29.83	100.00	4.66	12.66	1151	25385	1024	0	0	0	0	0	27560	165.43	26.24	19.16	104.58	28.54	98.83	26.95	1.46	30.53	9.46
11/4/2019 11:28:39 AM	2.17	25.40	2.73	0.00	0.00	0.00	0.00	0.78	30.30	100.00	4.67	12.72	1152	25404	1227	0	0	0	0	0	27783	165.62	27.32	19.62	104.83	29.62	99.65	29.10	1.46	30.52	9.47
11/4/2019 11:28:41 AM	1.92	25.67	2.50	0.00	0.00	0.00	0.00	0.81	30.09	100.00	4.71	12.80	1020	25669	1123	0	0	0	0	0	27813	165.17	26.98	19.46	105.45	29.44	100.32	27.85	1.46	30.51	9.47
11/4/2019 11:28:44 AM	2.58	26.21	2.05	0.00	0.00	0.00	0.00	0.78	30.85	100.00	4.74	12.81	1367	26214	924	0	0	0	0	0	28505	164.93	26.68	19.78	108.62	29.56	101.12	27.67	1.46	30.50	9.47
11/4/2019 11:28:46 AM	2.77	25.61	1.72	0.00	0.00	0.00	0.00	0.73	30.10	100.00	4.76	12.85	1470	25607	775	0	0	0	0	0	27852	164.98	25.56	19.35	107.44	28.47	97.20	26.31	1.47	30.48	9.46
11/4/2019 11:28:48 AM	2.17	25.04	2.14	0.00	0.00	0.00	0.00	0.83	29.35	100.00	4.79	12.89	1150	25035	964	0	0	0	0	0	27150	166.49	25.98	18.91	103.97	28.94	96.62	27.04	1.47	30.47	9.45
11/4/2019 11:28:51 AM	1.98	25.96	2.64	0.00	0.00	0.00	0.00	0.89	30.58	100.00	4.81	12.96	1050	25960	1187	0	0	0	0	0	28196	165.56	27.75	19.73	107.30	30.56	101.08	29.21	1.47	30.47	9.46
11/4/2019 11:28:53 AM	2.39	26.46	2.45	0.00	0.00	0.00	0.00	0.82	31.30	100.00	4.86	13.03	1267	26462	1101	0	0	0	0	0	28831	165.34	27.75	20.12	109.95	30.47	102.25	29.15	1.48	30.44	9.46
11/4/2019 11:28:55 AM	3.74	28.09	1.69	0.00	0.00	0.00	0.00	0.72	33.52	100.00	4.92	13.05	1982	28092	760	0	0	0	0	0	30834	164.75	27.86	20.91	119.86	30.95	104.61	29.25	1.48	30.43	9.47
11/4/2019 11:28:58 AM	2.42	24.36	2.73	0.00	0.00	0.00	0.00	0.78	29.50	100.00	4.98	12.94	1282	24359	1227	0	0	0	0	0	26868	165.69	26.75	18.84	101.81	29.21	95.11	29.43	1.49	30.43	9.47
11/4/2019 11:29:00 AM	1.79	24.38	2.65	0.00	0.00	0.00	0.00	0.83	28.82	100.00	5.03	12.87	947	24380	1193	0	0	0	0	0	26520	165.85	26.37	18.99	100.89	28.85	95.25	27.90	1.49	30.41	9.47
11/4/2019 11:29:03 AM	1.79	25.15	2.72	0.00	0.00	0.00	0.00	0.81	29.66	100.00	5.06	12.94	951	25151	1223	0	0	0	0	0	27325	164.89	27.05	18.82	103.06	29.34	99.18	28.29	1.50	30.40	9.47
11/4/2019 11:29:05 AM	2.44	26.33	2.80	0.00	0.00	0.00	0.00	0.83	31.58	100.00	5.09	12.92	1294	26333	1261	0	0	0	0	0	28887	165.47	28.43	20.16	109.00	31.00	103.04	30.68	1.50	30.38	9.45
11/4/2019 11:29:07 AM	2.79	25.98	2.07	0.00	0.00	0.00	0.00	0.78	30.83	100.00	5.13	12.87	1477	25977	930	0	0	0	0	0	28384	164.40	26.64	19.83	108.07	29.68	100.15	28.21	1.50	30.38	9.47
11/4/2019 11:29:10 AM	2.66	26.10	2.44	0.00	0.00	0.00	0.00	0.80	31.20	100.00	5.14	12.83	1411	26099	1098	0	0	0	0	0	28608	165.43	27.56	19.75	108.58	30.35	101.23	29.56	1.50	30.34	9.45
11/4/2019 11:29:12 AM	1.76	25.24	2.29	0.00	0.00	0.00	0.00	0.81	29.29	100.00	5.17	12.89	930	25243	1031	0	0	0	0	0	27204	164.77	26.18	19.32	104.42	28.67	97.42	26.48	1.51	30.36	9.47
11/4/2019 11:29:15 AM	2.18	25.33	2.25	0.00	0.00	0.00	0.00	0.79	29.76	100.00	5.19	12.91	1157	25333	1012	0	0	0	0	0	27501	164.63	26.28	19.19	104.56	28.93	98.47	27.25	1.51	30.33	9.44
11/4/2019 11:29:17 AM	1.96	24.26	2.45	0.00	0.00	0.00	0.00	0.87	28.67	100.00	5.24	12.87	1040	24259	1103	0	0	0	0	0	26402	165.13	26.00	18.51	99.44	29.06	95.77	27.86	1.51	30.31	9.45
11/4/2019 11:29:19 AM	2.86	25.45	1.91	0.00	0.00	0.00	0.00	0.80	30.22	100.00	5.31	12.80	1514	25453	858	0	0	0	0	0	27825	165.46	26.01	19.05	105.77	29.34	98.37	27.75	1.52	30.29	9.45
11/4/2019 11:29:22 AM	2.28	25.40	2.24	0.00	0.00	0.00	0.00	0.84	29.92	100.00	5.36	12.77	1211	25401	1008	0	0	0	0	0	27620	165.41	26.48	19.14	104.79	29.50	98.94	27.87	1.53	30.30	9.48
11/4/2019 11:29:24 AM	1.66	23.92	2.49	0.00	0.00	0.00	0.00	0.87	28.07	100.00	5.41	12.72	881	23925	1119	0	0	0	0	0	25924	165.14	25.71	18.56	98.52	28.60	93.78	27.16	1.53	30.27	9.45
11/4/2019 11:29:26 AM	2.22	24.42	2.36	0.00	0.00	0.00	0.00	0.83	29.01	100.00	5.43	12.77	1178	24422	1063	0	0	0	0	0	26663	165.79	26.05	18.70	101.81	29.00	94.67	27.94	1.53	30.29	9.48
11/4/2019 11:29:29 AM	2.25	23.81	2.38	0.00	0.00	0.00	0.00	0.87	28.44	100.00	5.53	12.72	1195	23806	1072	0	0	0	0	0	26073	166.51	25.69	18.54	99.06	28.94	92.87	28.17	1.54	30.27	9.45
11/4/2019 11:29:31 AM	1.79	22.27	2.50	0.00	0.00	0.00	0.00	0.84	26.56	100.00	5.61	12.67	946	22271	1125	0	0	0	0	0	24342	166.31	24.53	17.57	92.38	27.41	87.60	26.82	1.55	30.26	9.47
11/4/2019 11:29:34 AM	1.78	24.61	2.35	0.00	0.00	0.00	0.00	0.81	28.73	100.00	5.70	12.66	943	24605	1056	0	0	0	0	0	26604	165.40	25.86	18.65	101.44	28.44	95.82	26.64	1.56	30.22	9.44
11/4/2019 11:29:36 AM	1.73	24.63	2.73	0.00	0.00	0.00	0.00	0.83	29.08	100.00	5.75	12.66	916	24632	1226	0	0	0	0	0	26774	165.33	26.67	18.82	100.92	29.12	97.30	28.15	1.56	30.22	9.47
11/4/2019 11:29:38 AM	2.30	25.22	2.09	0.00	0.00	0.00	0.00	0.79	29.61	100.00	5.80	12.67	1217	25220	940	0	0	0	0	0	27377	165.12	25.96	18.98	104.52	28.82	97.49	26.94	1.57	30.22	9.45
11/4/2019 11:29:41 AM	2.48	24.81	2.19	0.00	0.00	0.00	0.00	0.82	29.49	100.00	5.88	12.68	1316	24815	987	0	0	0	0	0	27117	164.96	26.07	18.75	103.49	29.14	95.95	27.91	1.58	30.20	9.43
11/4/2019 11:29:43 AM	1.97	24.64	2.54	0.00	0.00	0.00	0.00	0.89	29.15	100.00	5.91	12.66	1043	24641	1143	0	0	0	0	0	26827	166.13	26.56	19.12	102.19	29.57	95.99	28.45	1.58	30.16	9.43
11/4/2019 11:29:46 AM	2.09	25.16	2.12	0.00	0.00	0.00	0.00	0.81	29.38	100.00	5.93	12.67	1108	25163	955	0	0	0	0	0	27226	164.85	25.89	19.02	103.74	28.73	97.66	26.63	1.58	30.17	9.46
11/4/2019 11:29:48 AM	1.92	25.12	2.50	0.00	0.00	0.00	0.00	0.83	29.54	100.00	5.97	12.69	1018	25116	1127	0	0	0	0	0	27262	165.09	26.66	18.91	103.32	29.26	98.35	27.86	1.58	30.16	9.45
11/4/2019 11:29:50 AM	2.23	25.74	2.58	0.00	0.00	0.00	0.00	0.83	30.54	100.00	6.01	12.74	1181	25736	1161	0	0	0	0	0	28078	165.57	27.40	19.84	106.51	30.07	100.28	29.10	1.59	30.16	9.45
11/4/2019 11:29:53 AM	2.03	25.39	2.65	0.00	0.00	0.00	0.00	0.86	30.06	100.00	6.03	12.72	1076	25386	1191	0	0	0	0	0	27653	165.73	27.26	19.78	104.76	30.06	99.30	29.06	1.59	30.13	9.43
11/4/2019 11:29:55 AM	2.95	25.17	2.46	0.00	0.00	0.00	0.00	0.81	30.58	100.00	6.11	12.71	1562	25173	1108	0	0	0	0	0	27843	165.02	27.08	19.79	105.85	30.18	97.29	30.20	1.60	30.12	9.41
11/4/2019 11:29:57 AM	2.02	26.11	2.56	0.00	0.00	0.00	0.00	0.86	30.69	100.00	6.18	12.71	1069	26109	1153	0	0	0	0	0	28331	164.93	27.62	19.98	107.67	30.37	101.67	28.87	1.61	30.11	9.45
11/4/2019 11:30:00 AM	1.80	26.01	2.31	0.00	0.00	0.00	0.00	0.89	30.12	100.00	6.26	12.69	954	26006	1040	0	0	0	0	0	28000	165.36	26.95	19.60	106.80	29.89	101.04	27.45	1.61	30.09	9.42
11/4/2019 11:30:02 AM	1.21	21.37	2.60	0.00	0.00	0.00	0.00	0.87	25.17	100.00	6.36	12.67	640	21370	1168	0	0	0	0	0	23178	166.25	23.88	16.59	87.37	26.69	85.43	25.77	1.62	30.09	9.44
11/4/2019 11:30:05 AM	1.87	23.55	3.01	0.00	0.00	0.00	0.00	0.84	28.43	100.00	6.39	12.63	992	23546	1354	0	0	0	0	0	25892	165.52	26.65	18.42	97.73	29.12	93.04	29.46	1.63	30.11	9.45
11/4/2019 11:30:07 AM	1.69	22.69	2.68	0.00	0.00	0.00	0.00	0.88	27.06	100.00	6.45	12.65	894	22689	1207	0	0	0	0	0	24790	164.89	25.26	17.77	93.52	28.17	89.95	27.70	1.63	30.06	9.42
11/4/2019 11:30:09 AM	2.18	23.63	2.24	0.00	0.00	0.00	0.00	0.81	28.06	100.00	6.55	12.70	1156	23632	1010	0	0	0	0	0	25797	164.99	25.15	17.95	98.13	28.12	92.13	27.00	1.64	30.05	9.43
11/4/2019 11:30:12 AM	1.65	23.84	2.61	0.00	0.00	0.00	0.00	0.86	28.11	100.00	6.61	12.68	873	23845	1177	0	0	0	0	0	25895	165.44	25.89	18.25	97.63	28.63	94.38	27.52	1.65	30.06	9.45
11/4/2019 11:30:14 AM	2.27	24.74	2.39	0.00	0.00	0.00	0.00	0.83	29.39	100.00	6.62	12.63	1203	24736	1074	0	0	0	0	0	27013	164.95	26.27	19.08	102.14	29.28	96.82	28.24	1.65	30.02	9.41
11/4/2019 11:30:16 AM	2.47	26.01	2.26	0.00	0.00	0.00	0.00	0.86	30.74	100.00	6.67	12.67	1312	26011	1015	0	0	0	0	0	28338	164.53	27.10	19.55	107.54	30.27	101.08	28.73	1.65	30.03	9.43
11/4/2019 11:30:19 AM	1.18	22.91	3.36	0.00	0.00	0.00	0.00	0.94	27.44	100.00	6.75	12.70	624	22911	1510	0	0	0	0	0	25045	165.38	26.82	17.83	94.12	29.32	91.85	29.62	1.66	30.00	9.43
11/4/2019 11:30:21 AM	1.66	22.96	2.74	0.00	0.00	0.00	0.00	0.90	27.37	100.00	6.81	12.65	882	22964	1233	0	0	0	0	0	25079	165.20	25.70	17.99	95.73	28.62	89.87	28.13	1.67	30.00	9.43
11/4/2019 11:30:24 AM	1.88	23.44	2.90	0.00	0.00	0.00	0.00	0.85	28.22	100.00	6.84	12.62	998	23444	1303	0	0	0	0	0	25745	165.67	26.34	17.95	96.60	28.98	93.28	29.07	1.67	29.98	9.43
11/4/2019 11:30:26 AM	1.95	23.87	2.60	0.00	0.00	0.00	0.00	0.83	28.41	100.00	6.87	12.69	1031	23868	1170	0	0	0	0	0	26070	165.26	26.05	18.28	99.69	28.63	92.74	27.96	1.67	29.97	9.42
11/4/2019 11:30:28 AM	1.81	21.79	2.80	0.00	0.00	0.00	0.00	0.85	26.40	100.00	6.98	12.70	961	21786	1259	0	0	0	0	0	24005	166.21	24.89	17.09	90.26	27.72	86.80	28.07	1.68	29.96	9.41
11/4/2019 11:30:31 AM	1.48	23.08	2.55	0.00	0.00	0.00	0.00	0.88	27.10	100.00	7.09	12.64	784	23075	1147	0	0	0	0	0	25006	165.02	25.20	17.70	95.25	27.99	90.60	26.74	1.69	29.94	9.43
11/4/2019 11:30:33 AM	2.14	24.62	2.64	0.00	0.00	0.00	0.00	0.87	29.40	100.00	7.16	12.61	1134	24623	1186	0	0	0	0	0	26942	165.36	26.76	19.05	101.74	29.73	96.75	29.12	1.70	29.96	9.43
11/4/2019 11:30:36 AM	1.31	23.53	2.49	0.00	0.00	0.00	0.00	0.88	27.33	100.00	7.24	12.62	693	23529	1120	0	0	0	0	0	25342	165.09	25.29	18.04	96.34	28.06	92.60	26.23	1.71	29.91	9.41
11/4/2019 11:30:38 AM	1.68	25.58	2.81	0.00	0.00	0.00	0.00	0.88	30.07	100.00	7.25	12.63	891	25584	1263	0	0	0	0	0	27738	164.09	27.66	19.60	105.36	30.18	100.13	28.96	1.71	29.91	9.41
11/4/2019 11:30:40 AM	2.11	25.79	2.31	0.00	0.00	0.00	0.00	0.88	30.20	100.00	7.27	12.65	1116	25787	1037	0	0	0	0	0	27940	164.63	26.85	19.64	105.67	29.98	100.89	28.08	1.71	29.89	9.41
11/4/2019 11:30:43 AM	2.52	26.00	2.00	0.00	0.00	0.00	0.00	0.85	30.51	100.00	7.28	12.69	1334	26000	898	0	0	0	0	0	28232	164.85	26.58	19.70	108.30	29.91	99.68	27.79	1.71	29.90	9.43
11/4/2019 11:30:45 AM	2.36	25.75	2.64	0.00	0.00	0.00	0.00	0.90	30.74	100.00	7.29	12.71	1249	25748	1186	0	0	0	0	0	28183	164.21	27.77	19.84	106.87	30.90	100.37	30.19	1.71	29.88	9.42
11/4/2019 11:30:47 AM	2.47	25.96	2.52	0.00	0.00	0.00	0.00	0.84	30.95	100.00	7.31	12.73	1312	25964	1132	0	0	0	0	0	28408	164.89	27.59	20.03	107.84	30.52	100.86	29.66	1.72	29.87	9.43
11/4/2019 11:30:50 AM	2.68	26.27	2.30	0.00	0.00	0.00	0.00	0.84	31.25	100.00	7.32	12.76	1423	26269	1035	0	0	0	0	0	28726	163.97	27.44	20.11	109.19	30.56	101.63	29.37	1.72	29.87	9.41
11/4/2019 11:30:52 AM	3.25	27.12	1.56	0.00	0.00	0.00	0.00	0.84	31.93	100.00	7.38	12.73	1721	27122	703	0	0	0	0	0	29545	165.01	26.82	20.28	114.35	30.59	102.08	28.08	1.72	29.85	9.40
11/4/2019 11:30:55 AM	2.46	27.34	2.20	0.00	0.00	0.00	0.00	0.88	32.00	100.00	7.40	12.67	1306	27336	989	0	0	0	0	0	29631	164.42	27.97	20.99	113.57	31.17	104.77	28.97	1.73	29.84	9.39
11/4/2019 11:30:57 AM	2.46	26.54	1.98	0.00	0.00	0.00	0.00	0.87	30.99	100.00	7.44	12.68	1304	26545	893	0	0	0	0	0	28742	163.86	26.90	20.26	109.97	30.29	102.01	27.85	1.73	29.82	9.41
11/4/2019 11:30:59 AM	2.45	26.52	2.22	0.00	0.00	0.00	0.00	0.87	31.19	100.00	7.45	12.69	1297	26519	1000	0	0	0	0	0	28815	164.15	27.39	19.68	108.93	30.62	103.48	28.75	1.73	29.83	9.41
11/4/2019 11:31:02 AM	2.62	25.27	2.24	0.00	0.00	0.00	0.00	0.87	30.13	100.00	7.51	12.71	1387	25273	1009	0	0	0	0	0	27669	165.42	26.68	19.32	105.57	30.08	97.60	28.96	1.74	29.80	9.41
11/4/2019 11:31:04 AM	2.41	23.05	2.32	0.00	0.00	0.00	0.00	0.83	27.77	100.00	7.59	12.71	1275	23047	1044	0	0	0	0	0	25366	165.92	25.04	17.89	96.45	28.27	89.82	27.87	1.74	29.78	9.39
11/4/2019 11:31:07 AM	2.29	25.02	2.60	0.00	0.00	0.00	0.00	0.82	29.91	100.00	7.61	12.69	1214	25022	1170	0	0	0	0	0	27407	164.67	27.02	19.52	105.08	29.66	96.38	29.10	1.75	29.77	9.41
11/4/2019 11:31:09 AM	2.08	25.33	2.72	0.00	0.00	0.00	0.00	0.92	30.13	100.00	7.63	12.68	1103	25330	1225	0	0	0	0	0	27658	164.92	27.53	19.38	104.05	30.64	99.96	29.86	1.75	29.77	9.39
11/4/2019 11:31:11 AM	2.47	27.05	2.88	0.00	0.00	0.00	0.00	0.89	32.40	100.00	7.66	12.71	1311	27051	1296	0	0	0	0	0	29658	163.93	29.36	20.98	113.77	32.12	103.82	31.73	1.75	29.75	9.39
11/4/2019 11:31:14 AM	2.78	25.13	2.66	0.00	0.00	0.00	0.00	0.81	30.57	100.00	7.71	12.74	1471	25130	1198	0	0	0	0	0	27799	164.91	27.42	19.61	105.41	30.29	97.64	30.56	1.76	29.76	9.40
11/4/2019 11:31:16 AM	2.48	24.55	2.22	0.00	0.00	0.00	0.00	0.84	29.25	100.00	7.78	12.73	1314	24549	998	0	0	0	0	0	26862	164.98	25.93	18.86	101.84	29.22	95.65	28.13	1.76	29.73	9.41
11/4/2019 11:31:18 AM	2.22	24.67	2.42	0.00	0.00	0.00	0.00	0.92	29.32	100.00	7.81	12.70	1179	24671	1090	0	0	0	0	0	26940	165.51	26.57	19.11	103.23	29.97	95.29	28.88	1.77	29.71	9.38
11/4/2019 11:31:21 AM	1.51	24.83	3.10	0.00	0.00	0.00	0.00	0.97	29.44	100.00	7.83	12.65	801	24827	1396	0	0	0	0	0	27024	165.01	27.89	19.30	102.42	30.75	97.84	30.19	1.77	29.73	9.39
11/4/2019 11:31:23 AM	2.60	26.33	2.03	0.00	0.00	0.00	0.00	0.86	30.96	100.00	7.84	12.61	1380	26330	913	0	0	0	0	0	28623	164.51	26.93	20.04	109.68	30.31	100.96	28.28	1.77	29.69	9.40
11/4/2019 11:31:26 AM	2.37	25.60	2.41	0.00	0.00	0.00	0.00	0.91	30.39	100.00	7.89	12.67	1257	25603	1085	0	0	0	0	0	27945	164.35	27.26	19.35	106.50	30.61	99.27	29.38	1.77	29.69	9.39
11/4/2019 11:31:28 AM	1.83	24.67	2.55	0.00	0.00	0.00	0.00	0.91	29.05	100.00	7.94	12.68	968	24673	1147	0	0	0	0	0	26788	164.73	26.55	19.64	102.25	29.67	95.94	28.33	1.78	29.68	9.39
11/4/2019 11:31:30 AM	2.25	25.17	2.76	0.00	0.00	0.00	0.00	0.92	30.18	100.00	7.98	12.67	1193	25169	1240	0	0	0	0	0	27602	165.78	27.59	19.55	104.25	30.76	98.77	30.38	1.78	29.69	9.39
11/4/2019 11:31:33 AM	2.35	24.99	2.57	0.00	0.00	0.00	0.00	0.92	29.92	100.00	8.02	12.65	1248	24993	1156	0	0	0	0	0	27397	165.19	27.07	19.71	103.55	30.48	97.83	29.85	1.79	29.67	9.40
11/4/2019 11:31:35 AM	2.09	24.39	2.59	0.00	0.00	0.00	0.00	0.93	29.08	100.00	8.05	12.65	1107	24394	1167	0	0	0	0	0	26668	164.19	26.61	18.63	100.38	29.94	96.36	29.17	1.79	29.65	9.39
11/4/2019 11:31:38 AM	2.12	24.51	2.39	0.00	0.00	0.00	0.00	0.90	29.02	100.00	8.07	12.65	1122	24510	1076	0	0	0	0	0	26707	165.39	26.21	18.58	100.66	29.55	96.56	28.30	1.79	29.63	9.37
11/4/2019 11:31:40 AM	2.56	26.32	2.44	0.00	0.00	0.00	0.00	0.89	31.31	100.00	8.07	12.65	1355	26318	1097	0	0	0	0	0	28769	164.81	27.80	20.26	109.10	31.07	102.26	29.96	1.79	29.63	9.39
11/4/2019 11:31:42 AM	1.85	24.58	2.86	0.00	0.00	0.00	0.00	0.97	29.30	100.00	8.08	12.68	981	24582	1289	0	0	0	0	0	26852	163.36	27.27	19.04	100.61	30.54	97.81	29.99	1.79	29.64	9.39
11/4/2019 11:31:45 AM	2.40	25.68	2.34	0.00	0.00	0.00	0.00	0.86	30.43	100.00	8.11	12.72	1275	25680	1054	0	0	0	0	0	28009	164.22	26.99	19.54	105.96	30.14	100.24	28.83	1.79	29.62	9.38
11/4/2019 11:31:47 AM	2.32	25.44	2.47	0.00	0.00	0.00	0.00	0.94	30.23	100.00	8.15	12.72	1229	25441	1113	0	0	0	0	0	27783	165.32	27.15	19.91	104.22	30.75	100.37	29.65	1.80	29.60	9.38
11/4/2019 11:31:49 AM	2.74	24.92	2.32	0.00	0.00	0.00	0.00	0.87	29.99	100.00	8.22	12.70	1454	24924	1045	0	0	0	0	0	27423	164.65	26.69	19.13	104.87	30.10	95.98	29.49	1.81	29.60	9.39
11/4/2019 11:31:52 AM	1.66	24.15	3.53	0.00	0.00	0.00	0.00	0.94	29.34	100.00	8.25	12.67	879	24149	1588	0	0	0	0	0	26616	164.24	28.22	19.61	99.28	30.84	96.84	31.85	1.81	29.58	9.39
11/4/2019 11:31:54 AM	2.35	24.57	2.48	0.00	0.00	0.00	0.00	0.87	29.40	100.00	8.32	12.65	1245	24573	1115	0	0	0	0	0	26933	164.49	26.55	18.78	102.31	29.71	95.76	29.03	1.82	29.57	9.39
11/4/2019 11:31:57 AM	2.28	24.45	2.58	0.00	0.00	0.00	0.00	0.92	29.32	100.00	8.35	12.63	1211	24449	1162	0	0	0	0	0	26822	165.46	26.74	18.94	101.69	30.11	95.61	29.59	1.82	29.58	9.37
11/4/2019 11:31:59 AM	1.24	25.08	3.10	0.00	0.00	0.00	0.00	0.96	29.41	100.00	8.39	12.64	656	25075	1394	0	0	0	0	0	27125	164.40	27.84	19.46	102.46	30.47	99.32	29.43	1.82	29.58	9.38
11/4/2019 11:32:01 AM	1.72	25.87	2.65	0.00	0.00	0.00	0.00	0.89	30.24	100.00	8.41	12.65	910	25868	1194	0	0	0	0	0	27971	164.65	27.51	19.54	105.23	30.26	102.23	28.60	1.82	29.56	9.37
11/4/2019 11:32:04 AM	1.84	24.99	2.90	0.00	0.00	0.00	0.00	0.96	29.73	100.00	8.48	12.68	975	24994	1305	0	0	0	0	0	27274	165.32	27.68	19.15	102.82	30.78	98.76	30.16	1.83	29.55	9.36
11/4/2019 11:32:06 AM	1.55	23.33	2.56	0.00	0.00	0.00	0.00	0.94	27.45	100.00	8.56	12.67	822	23332	1154	0	0	0	0	0	25307	164.57	25.60	17.75	95.98	28.82	92.04	27.54	1.84	29.53	9.37
11/4/2019 11:32:08 AM	1.77	25.20	2.57	0.00	0.00	0.00	0.00	0.90	29.54	100.00	8.60	12.64	938	25201	1156	0	0	0	0	0	27296	164.34	26.89	19.36	102.96	29.88	99.34	28.32	1.84	29.50	9.35
11/4/2019 11:32:11 AM	2.59	23.77	2.80	0.00	0.00	0.00	0.00	0.91	29.17	100.00	8.61	12.63	1372	23772	1262	0	0	0	0	0	26406	164.21	26.89	18.32	99.50	30.25	93.58	30.99	1.84	29.51	9.37
11/4/2019 11:32:13 AM	2.50	25.26	2.89	0.00	0.00	0.00	0.00	0.89	30.65	100.00	8.64	12.63	1326	25256	1300	0	0	0	0	0	27882	163.18	28.01	20.06	105.67	31.04	98.47	31.36	1.85	29.50	9.35
11/4/2019 11:32:16 AM	2.17	25.98	2.48	0.00	0.00	0.00	0.00	0.95	30.62	100.00	8.67	12.65	1149	25977	1114	0	0	0	0	0	28240	165.12	27.53	19.95	106.31	31.01	102.18	29.49	1.85	29.50	9.35
11/4/2019 11:32:18 AM	2.65	26.75	2.05	0.00	0.00	0.00	0.00	0.90	31.45	100.00	8.73	12.66	1404	26753	921	0	0	0	0	0	29078	164.73	27.42	20.46	112.14	30.97	101.76	28.86	1.86	29.49	9.35
11/4/2019 11:32:20 AM	2.19	25.93	2.36	0.00	0.00	0.00	0.00	0.95	30.48	100.00	8.77	12.65	1161	25929	1064	0	0	0	0	0	28154	164.99	27.32	19.40	106.29	30.86	101.72	29.10	1.86	29.47	9.35
11/4/2019 11:32:23 AM	2.67	26.42	2.39	0.00	0.00	0.00	0.00	0.97	31.48	100.00	8.81	12.64	1413	26424	1074	0	0	0	0	0	28911	164.63	28.11	20.04	110.69	31.89	101.60	30.69	1.86	29.47	9.35
11/4/2019 11:32:25 AM	1.98	24.20	2.54	0.00	0.00	0.00	0.00	0.96	28.72	100.00	8.89	12.65	1047	24204	1141	0	0	0	0	0	26392	164.27	26.40	18.65	100.33	29.89	94.69	28.85	1.87	29.46	9.35
11/4/2019 11:32:28 AM	1.85	23.54	2.30	0.00	0.00	0.00	0.00	0.95	27.69	100.00	8.99	12.65	980	23540	1034	0	0	0	0	0	25554	165.65	25.31	18.14	97.27	28.93	92.10	27.36	1.88	29.44	9.36
11/4/2019 11:32:30 AM	1.07	22.19	2.77	0.00	0.00	0.00	0.00	0.97	26.03	100.00	9.04	12.62	569	22188	1246	0	0	0	0	0	24003	165.86	25.00	17.09	90.48	28.10	88.78	27.02	1.89	29.43	9.35
11/4/2019 11:32:32 AM	1.92	24.41	2.46	0.00	0.00	0.00	0.00	0.90	28.79	100.00	9.10	12.60	1016	24414	1108	0	0	0	0	0	26538	165.10	26.24	18.60	100.94	29.36	95.40	28.03	1.89	29.45	9.35
11/4/2019 11:32:35 AM	1.59	25.40	2.76	0.00	0.00	0.00	0.00	0.93	29.75	100.00	9.14	12.61	841	25404	1244	0	0	0	0	0	27489	164.19	27.49	19.69	104.65	30.33	99.29	28.88	1.90	29.43	9.33
11/4/2019 11:32:37 AM	1.83	24.98	2.49	0.00	0.00	0.00	0.00	0.95	29.29	100.00	9.16	12.58	968	24982	1119	0	0	0	0	0	27069	164.38	26.68	19.04	101.91	30.05	98.72	28.40	1.90	29.41	9.35
11/4/2019 11:32:39 AM	2.04	25.81	2.42	0.00	0.00	0.00	0.00	0.94	30.27	100.00	9.17	12.59	1084	25809	1088	0	0	0	0	0	27981	164.01	27.25	19.98	106.32	30.64	100.56	28.86	1.90	29.40	9.35
11/4/2019 11:32:42 AM	3.17	26.55	1.95	0.00	0.00	0.00	0.00	0.80	31.67	100.00	9.21	12.61	1682	26547	878	0	0	0	0	0	29107	164.94	27.07	20.26	111.51	30.42	101.23	29.02	1.90	29.39	9.32
11/4/2019 11:32:44 AM	2.09	24.45	2.01	0.00	0.00	0.00	0.00	0.92	28.56	100.00	9.26	12.63	1110	24453	906	0	0	0	0	0	26468	164.94	25.45	18.62	101.82	29.08	94.08	26.86	1.91	29.38	9.33
11/4/2019 11:32:47 AM	2.49	26.00	2.04	0.00	0.00	0.00	0.00	0.93	30.53	100.00	9.33	12.64	1318	26004	918	0	0	0	0	0	28240	164.73	26.82	20.15	108.55	30.60	99.52	28.47	1.91	29.38	9.35
11/4/2019 11:32:49 AM	2.40	24.37	2.31	0.00	0.00	0.00	0.00	0.94	29.07	100.00	9.40	12.60	1270	24366	1038	0	0	0	0	0	26674	165.33	26.20	18.75	101.64	29.96	94.63	28.93	1.92	29.38	9.33
11/4/2019 11:32:51 AM	1.95	24.59	2.11	0.00	0.00	0.00	0.00	0.91	28.66	100.00	9.44	12.59	1036	24592	949	0	0	0	0	0	26577	165.04	25.64	18.72	101.52	29.11	95.48	26.89	1.92	29.37	9.33
11/4/2019 11:32:54 AM	1.44	22.77	2.47	0.00	0.00	0.00	0.00	0.93	26.69	100.00	9.57	12.60	764	22772	1113	0	0	0	0	0	24650	165.38	24.90	17.30	93.43	28.09	90.05	26.65	1.94	29.37	9.33
11/4/2019 11:32:56 AM	1.86	23.80	2.51	0.00	0.00	0.00	0.00	0.98	28.16	100.00	9.65	12.58	984	23799	1129	0	0	0	0	0	25912	164.63	26.01	18.30	97.91	29.67	93.91	28.51	1.95	29.36	9.34
11/4/2019 11:32:59 AM	1.82	24.93	2.61	0.00	0.00	0.00	0.00	0.94	29.37	100.00	9.72	12.58	965	24934	1177	0	0	0	0	0	27076	164.45	26.94	19.12	102.40	30.12	98.08	28.80	1.95	29.34	9.33
11/4/2019 11:33:01 AM	1.79	24.66	2.35	0.00	0.00	0.00	0.00	0.90	28.80	100.00	9.80	12.58	948	24665	1058	0	0	0	0	0	26671	165.67	26.08	18.76	101.32	29.21	96.52	27.33	1.96	29.33	9.35
11/4/2019 11:33:03 AM	1.58	24.29	2.50	0.00	0.00	0.00	0.00	0.93	28.37	100.00	9.90	12.57	838	24287	1123	0	0	0	0	0	26249	164.81	26.12	18.43	99.82	29.22	95.26	27.50	1.97	29.32	9.32
11/4/2019 11:33:06 AM	2.12	25.29	2.83	0.00	0.00	0.00	0.00	0.90	30.24	100.00	9.99	12.57	1124	25293	1271	0	0	0	0	0	27688	164.46	27.75	19.75	105.32	30.63	98.54	30.20	1.98	29.32	9.33
11/4/2019 11:33:08 AM	1.74	24.03	2.33	0.00	0.00	0.00	0.00	0.90	28.10	100.00	10.12	12.58	921	24031	1049	0	0	0	0	0	26001	165.05	25.61	17.95	98.80	28.78	94.23	26.99	1.99	29.30	9.31
11/4/2019 11:33:10 AM	2.00	25.63	2.23	0.00	0.00	0.00	0.00	0.90	29.87	100.00	10.21	12.59	1062	25635	1002	0	0	0	0	0	27699	164.88	26.61	19.50	105.53	29.86	99.59	27.64	2.00	29.31	9.33
11/4/2019 11:33:13 AM	2.06	25.37	2.33	0.00	0.00	0.00	0.00	0.91	29.76	100.00	10.29	12.59	1092	25371	1049	0	0	0	0	0	27512	165.09	26.67	19.44	104.33	29.97	99.11	28.18	2.01	29.30	9.32
11/4/2019 11:33:15 AM	1.36	23.46	2.67	0.00	0.00	0.00	0.00	0.99	27.49	100.00	10.38	12.59	719	23463	1204	0	0	0	0	0	25386	166.09	25.92	17.90	96.11	29.22	92.92	27.85	2.02	29.27	9.32
11/4/2019 11:33:18 AM	1.90	23.19	1.90	0.00	0.00	0.00	0.00	0.92	26.99	100.00	10.50	12.57	1009	23192	854	0	0	0	0	0	25055	165.78	24.16	17.53	95.70	27.94	90.32	25.61	2.03	29.28	9.32
11/4/2019 11:33:20 AM	1.69	24.17	2.18	0.00	0.00	0.00	0.00	0.92	28.05	100.00	10.59	12.55	898	24171	982	0	0	0	0	0	26050	165.52	25.37	18.39	99.54	28.71	94.11	26.42	2.04	29.26	9.31
11/4/2019 11:33:22 AM	1.77	22.79	2.00	0.00	0.00	0.00	0.00	0.89	26.56	100.00	10.69	12.55	936	22787	902	0	0	0	0	0	24625	166.44	24.03	17.10	94.52	27.45	88.47	25.35	2.05	29.26	9.32
11/4/2019 11:33:25 AM	4.84	31.83	1.62	0.00	0.00	0.00	0.00	0.00	38.30	100.00	10.71	12.55	2567	31831	731	0	0	0	0	0	35129	108.78	28.74	22.86	134.99	23.89	118.92	29.17	2.05	29.25	9.30
