Date/Time	Green Algae	Bluegreen	Diatoms	Cryptophyta	#5	#6	#7	Yellow substances	Total conc.	Transmission	Depth	Temp. Sample	Green Algae	Bluegreen	Diatoms	Cryptophyta	#5	#6	#7	Yellow substances	Total cell count	Trans. 700 nm	LED 3 [525 nm]	LED 4 [570 nm]	LED 5 [610 nm]	LED 6 [370 nm]	LED 7 [590 nm]	LED 8 [470 nm]	Pressure	Temp. LEDs	Temp. Sensor
date	µg/l	µg/l	µg/l	µg/l	µg/l	µg/l	µg/l	r.u.	µg/l	%	m	°C	cells/ml	cells/ml	cells/ml	cells/ml	cells/ml	cells/ml	cells/ml	r.u.	cells/ml	digits	digits	digits	digits	digits	digits	digits	bar	°C	°C
6/13/2019 10:40:59 AM	0.38	0.00	0.32	0.40	0.00	0.00	0.00	0.35	1.10	98.31	0.23	21.88	200	0	143	12	0	0	0	0	355	171.34	3.45	2.12	3.01	5.30	4.79	6.87	1.02	37.54	12.13
6/13/2019 10:41:01 AM	0.36	0.27	0.95	0.00	0.00	0.00	0.00	0.25	1.59	99.65	0.36	21.83	193	273	427	0	0	0	0	0	893	173.68	3.86	0.03	3.90	4.85	5.42	7.06	1.04	37.59	12.12
6/13/2019 10:41:03 AM	1.13	0.28	0.51	0.15	0.00	0.00	0.00	0.18	2.07	99.98	0.45	21.82	597	279	231	5	0	0	0	0	1112	174.26	3.41	1.81	4.58	4.74	5.75	7.68	1.04	37.63	12.18
6/13/2019 10:41:06 AM	1.69	0.00	0.10	0.23	0.00	0.00	0.00	0.19	2.03	99.57	0.55	21.82	897	0	46	7	0	0	0	0	950	173.55	2.87	0.60	3.19	4.84	5.52	8.02	1.05	37.75	12.13
6/13/2019 10:41:08 AM	0.60	0.10	0.73	0.19	0.00	0.00	0.00	0.29	1.61	99.55	0.62	21.82	318	97	327	6	0	0	0	0	747	173.51	3.86	1.52	3.58	5.40	5.11	7.90	1.06	37.79	12.13
6/13/2019 10:41:11 AM	1.19	0.05	0.00	0.51	0.00	0.00	0.00	0.29	1.75	100.00	0.71	21.84	632	52	0	15	0	0	0	0	700	174.34	3.31	1.40	3.59	5.53	6.28	7.99	1.07	37.78	12.15
6/13/2019 10:41:13 AM	0.54	0.12	0.62	0.41	0.00	0.00	0.00	0.26	1.68	100.00	0.76	21.81	288	121	277	12	0	0	0	0	697	174.90	4.22	1.20	3.79	5.16	6.23	7.92	1.07	37.88	12.14
6/13/2019 10:41:15 AM	0.73	0.09	0.18	0.39	0.00	0.00	0.00	0.40	1.38	100.00	0.81	21.82	385	90	81	12	0	0	0	0	568	175.22	3.56	1.25	3.47	6.09	5.67	7.64	1.08	37.95	12.14
6/13/2019 10:41:18 AM	1.40	0.25	0.58	0.00	0.00	0.00	0.00	0.19	2.22	99.89	0.86	21.83	743	245	259	0	0	0	0	0	1247	174.11	3.27	1.17	4.31	4.99	5.46	8.20	1.08	37.96	12.20
6/13/2019 10:41:20 AM	0.96	0.00	0.34	0.50	0.00	0.00	0.00	0.27	1.81	100.00	0.91	21.81	509	0	155	15	0	0	0	0	679	174.44	4.00	1.80	3.75	5.49	5.82	8.55	1.09	38.00	12.18
6/13/2019 10:41:23 AM	0.90	0.00	0.13	0.60	0.00	0.00	0.00	0.34	1.63	100.00	0.97	21.79	477	0	58	18	0	0	0	0	554	174.47	3.97	1.47	3.48	5.93	6.29	8.46	1.09	38.08	12.17
6/13/2019 10:41:25 AM	0.51	0.19	0.82	0.20	0.00	0.00	0.00	0.29	1.73	100.00	1.05	21.79	272	194	368	6	0	0	0	0	839	174.49	4.17	1.57	4.03	5.54	5.67	8.13	1.10	38.11	12.20
6/13/2019 10:41:27 AM	1.00	0.20	0.84	0.00	0.00	0.00	0.00	0.27	2.05	100.00	1.11	21.78	531	203	378	0	0	0	0	0	1112	174.42	3.84	1.38	4.04	5.76	5.32	8.79	1.11	38.19	12.18
6/13/2019 10:41:30 AM	1.12	0.09	0.24	0.43	0.00	0.00	0.00	0.32	1.87	100.00	1.19	21.78	593	88	109	13	0	0	0	0	802	174.53	3.85	1.60	4.01	6.03	6.03	8.73	1.12	38.21	12.22
6/13/2019 10:41:32 AM	0.97	0.04	0.55	0.24	0.00	0.00	0.00	0.28	1.81	100.00	1.27	21.77	515	43	248	7	0	0	0	0	813	174.31	3.80	1.22	3.48	5.60	5.42	8.50	1.12	38.29	12.21
6/13/2019 10:41:34 AM	1.36	0.18	0.73	0.09	0.00	0.00	0.00	0.21	2.37	99.80	1.32	21.76	722	185	328	3	0	0	0	0	1237	173.94	3.93	1.09	4.17	5.59	5.98	9.35	1.13	38.32	12.20
6/13/2019 10:41:37 AM	0.57	0.07	0.77	0.38	0.00	0.00	0.00	0.28	1.79	99.71	1.40	21.75	301	74	345	11	0	0	0	0	732	173.79	4.52	1.72	3.91	5.69	5.82	8.77	1.14	38.38	12.23
6/13/2019 10:41:39 AM	1.40	0.04	0.00	0.41	0.00	0.00	0.00	0.33	1.85	100.00	1.47	21.74	742	42	0	12	0	0	0	0	796	174.37	3.28	1.37	3.62	6.02	5.93	8.53	1.14	38.42	12.25
6/13/2019 10:41:42 AM	1.05	0.11	0.81	0.08	0.00	0.00	0.00	0.25	2.05	100.00	1.52	21.72	558	111	364	2	0	0	0	0	1036	174.62	3.92	1.33	3.78	5.62	5.28	8.96	1.15	38.49	12.25
6/13/2019 10:41:44 AM	1.24	0.04	0.21	0.43	0.00	0.00	0.00	0.24	1.92	100.00	1.57	21.72	656	42	92	13	0	0	0	0	804	174.74	3.63	1.05	3.64	5.30	6.15	8.32	1.15	38.52	12.25
6/13/2019 10:41:46 AM	0.73	0.32	0.78	0.14	0.00	0.00	0.00	0.33	1.96	100.00	1.61	21.72	387	315	350	4	0	0	0	0	1056	174.30	4.26	0.98	4.34	6.20	6.47	8.77	1.16	38.56	12.26
6/13/2019 10:41:49 AM	0.90	0.00	0.60	0.30	0.00	0.00	0.00	0.31	1.80	99.96	1.68	21.73	475	0	271	9	0	0	0	0	754	174.22	4.08	1.13	3.29	5.90	5.58	8.92	1.17	38.63	12.25
6/13/2019 10:41:51 AM	1.30	0.04	0.19	0.63	0.00	0.00	0.00	0.23	2.17	100.00	1.75	21.74	691	42	87	19	0	0	0	0	839	174.43	4.22	1.52	4.22	5.56	6.87	9.24	1.17	38.65	12.28
6/13/2019 10:41:53 AM	0.76	0.35	0.88	0.04	0.00	0.00	0.00	0.34	2.03	100.00	1.81	21.72	404	350	397	1	0	0	0	0	1152	174.34	4.27	0.81	4.35	6.38	6.43	8.98	1.18	38.71	12.28
6/13/2019 10:41:56 AM	0.64	0.22	0.79	0.36	0.00	0.00	0.00	0.28	2.00	100.00	1.86	21.71	337	215	356	11	0	0	0	0	919	174.36	4.72	0.88	4.19	5.87	6.98	9.04	1.18	38.76	12.28
6/13/2019 10:41:58 AM	2.03	0.12	0.44	0.00	0.00	0.00	0.00	0.19	2.59	99.72	1.92	21.70	1075	118	197	0	0	0	0	0	1391	173.80	3.25	0.76	3.96	5.63	5.55	9.63	1.19	38.80	12.30
6/13/2019 10:42:01 AM	1.61	0.30	0.49	0.00	0.00	0.00	0.00	0.23	2.40	100.00	1.95	21.70	851	300	222	0	0	0	0	0	1372	175.37	3.34	1.37	4.66	5.64	5.78	8.87	1.19	38.84	12.29
6/13/2019 10:42:03 AM	1.75	0.02	0.00	0.65	0.00	0.00	0.00	0.16	2.42	100.00	1.99	21.70	927	18	0	20	0	0	0	0	964	176.02	3.83	0.93	3.98	5.16	7.43	9.34	1.19	38.89	12.29
6/13/2019 10:42:05 AM	1.63	0.18	0.48	0.13	0.00	0.00	0.00	0.28	2.41	100.00	2.07	21.70	862	182	215	4	0	0	0	0	1263	174.47	3.72	1.55	4.42	6.24	5.82	9.75	1.20	38.91	12.31
6/13/2019 10:42:08 AM	1.61	0.00	0.67	0.11	0.00	0.00	0.00	0.25	2.39	99.83	2.19	21.69	855	0	300	3	0	0	0	0	1159	173.99	3.87	1.08	3.28	6.05	5.52	10.23	1.21	38.97	12.31
6/13/2019 10:42:10 AM	1.25	0.23	0.99	0.05	0.00	0.00	0.00	0.18	2.52	100.00	2.26	21.71	663	228	444	2	0	0	0	0	1337	174.31	4.31	1.34	4.50	5.54	6.08	9.74	1.22	39.02	12.30
6/13/2019 10:42:13 AM	1.02	0.13	0.88	0.28	0.00	0.00	0.00	0.24	2.31	100.00	2.32	21.71	541	135	394	8	0	0	0	0	1078	174.29	4.69	1.30	4.24	5.93	6.41	9.93	1.23	39.04	12.31
6/13/2019 10:42:15 AM	1.36	0.00	0.44	0.53	0.00	0.00	0.00	0.26	2.33	99.74	2.41	21.70	722	0	196	16	0	0	0	0	934	173.84	4.57	1.57	4.15	6.21	6.58	10.32	1.24	39.08	12.32
6/13/2019 10:42:17 AM	1.48	0.00	0.46	0.35	0.00	0.00	0.00	0.20	2.30	100.00	2.45	21.68	786	0	209	11	0	0	0	0	1005	174.68	3.94	1.70	3.86	5.45	5.80	9.55	1.24	39.14	12.34
6/13/2019 10:42:20 AM	0.52	0.28	1.33	0.00	0.00	0.00	0.00	0.27	2.12	100.00	2.49	21.68	276	276	597	0	0	0	0	0	1148	175.05	4.77	1.90	4.76	5.95	5.36	9.39	1.24	39.17	12.34
6/13/2019 10:42:22 AM	0.82	0.00	0.74	0.41	0.00	0.00	0.00	0.33	1.96	100.00	2.56	21.67	433	0	332	12	0	0	0	0	777	174.32	4.78	1.18	3.59	6.44	6.18	9.92	1.25	39.22	12.34
6/13/2019 10:42:24 AM	1.38	0.17	0.58	0.37	0.00	0.00	0.00	0.25	2.50	100.00	2.62	21.66	730	167	262	11	0	0	0	0	1171	174.80	4.54	1.17	4.52	6.17	7.01	10.23	1.26	39.26	12.35
6/13/2019 10:42:27 AM	0.22	0.05	0.59	0.75	0.00	0.00	0.00	0.32	1.61	100.00	2.68	21.65	115	52	264	23	0	0	0	0	454	174.45	5.13	1.98	4.17	5.84	6.81	8.74	1.26	39.29	12.35
6/13/2019 10:42:29 AM	1.46	0.10	0.62	0.30	0.00	0.00	0.00	0.20	2.48	99.89	2.75	21.65	773	99	278	9	0	0	0	0	1160	174.11	4.29	0.91	4.10	5.67	6.62	9.95	1.27	39.33	12.35
6/13/2019 10:42:32 AM	0.67	0.26	1.26	0.00	0.00	0.00	0.00	0.27	2.19	99.89	2.81	21.66	358	257	567	0	0	0	0	0	1182	174.10	4.70	1.47	4.48	6.00	5.68	9.56	1.28	39.36	12.38
6/13/2019 10:42:34 AM	1.50	0.08	0.41	0.37	0.00	0.00	0.00	0.27	2.37	100.00	2.83	21.67	797	79	184	11	0	0	0	0	1071	174.30	4.20	1.23	4.15	6.26	6.49	10.07	1.28	39.40	12.36
6/13/2019 10:42:36 AM	1.75	0.10	0.53	0.16	0.00	0.00	0.00	0.19	2.54	99.72	2.86	21.66	929	97	238	5	0	0	0	0	1269	173.81	3.73	1.63	4.28	5.61	5.67	9.80	1.28	39.46	12.38
6/13/2019 10:42:39 AM	1.72	0.00	0.21	0.49	0.00	0.00	0.00	0.26	2.42	100.00	2.91	21.65	913	0	95	15	0	0	0	0	1023	175.29	4.07	1.36	3.82	6.20	6.64	10.32	1.29	39.49	12.37
6/13/2019 10:42:41 AM	1.08	0.19	0.77	0.21	0.00	0.00	0.00	0.27	2.24	100.00	2.96	21.65	572	187	344	6	0	0	0	0	1109	175.92	4.35	1.72	4.47	6.05	6.03	9.59	1.29	39.52	12.40
6/13/2019 10:42:44 AM	1.51	0.04	0.30	0.47	0.00	0.00	0.00	0.36	2.32	100.00	3.01	21.64	800	37	133	14	0	0	0	0	985	175.95	4.41	1.66	4.27	7.10	6.44	10.70	1.30	39.55	12.40
6/13/2019 10:42:46 AM	1.44	0.08	0.40	0.45	0.00	0.00	0.00	0.25	2.37	100.00	3.07	21.57	762	80	181	13	0	0	0	0	1037	175.66	4.34	1.09	4.17	6.07	6.85	10.00	1.30	39.60	12.41
6/13/2019 10:42:48 AM	0.95	0.15	1.27	0.11	0.00	0.00	0.00	0.22	2.48	100.00	3.08	21.50	503	149	570	3	0	0	0	0	1226	175.87	4.98	1.79	4.47	6.00	5.84	10.52	1.30	39.62	12.40
6/13/2019 10:42:51 AM	1.53	0.11	0.76	0.22	0.00	0.00	0.00	0.16	2.64	100.00	3.13	21.46	813	114	344	7	0	0	0	0	1277	175.36	4.32	1.28	4.33	5.52	6.33	10.18	1.31	39.66	12.41
6/13/2019 10:42:53 AM	1.36	0.23	0.92	0.00	0.00	0.00	0.00	0.25	2.51	100.00	3.17	21.40	723	233	413	0	0	0	0	0	1369	176.19	4.26	0.72	4.24	6.20	6.27	10.13	1.31	39.68	12.42
6/13/2019 10:42:55 AM	0.76	0.29	1.35	0.00	0.00	0.00	0.00	0.25	2.40	100.00	3.24	21.32	404	287	606	0	0	0	0	0	1297	175.71	4.96	1.14	4.61	6.09	6.20	10.07	1.32	39.73	12.44
6/13/2019 10:42:58 AM	1.13	0.00	0.68	0.36	0.00	0.00	0.00	0.28	2.16	100.00	3.31	21.26	597	0	307	11	0	0	0	0	915	176.07	4.52	1.19	3.61	6.16	6.13	10.04	1.32	39.74	12.42
6/13/2019 10:43:00 AM	0.78	0.19	1.24	0.10	0.00	0.00	0.00	0.22	2.31	100.00	3.38	21.32	414	189	557	3	0	0	0	0	1163	175.98	4.85	1.28	4.26	5.70	6.09	9.81	1.33	39.79	12.43
6/13/2019 10:43:03 AM	0.96	0.19	1.10	0.11	0.00	0.00	0.00	0.36	2.36	100.00	3.45	21.46	508	195	497	3	0	0	0	0	1203	175.73	5.05	0.98	4.25	7.22	6.42	10.98	1.34	39.81	12.42
6/13/2019 10:43:05 AM	1.36	0.15	1.01	0.21	0.00	0.00	0.00	0.28	2.73	100.00	3.48	21.50	722	148	453	6	0	0	0	0	1330	174.93	5.09	1.80	4.77	6.92	6.41	11.62	1.34	39.85	12.44
6/13/2019 10:43:07 AM	1.28	0.20	1.22	0.10	0.00	0.00	0.00	0.30	2.80	100.00	3.57	21.42	678	200	551	3	0	0	0	0	1431	175.52	5.32	1.50	4.79	7.27	6.51	12.03	1.35	39.87	12.44
6/13/2019 10:43:10 AM	1.34	0.08	0.81	0.41	0.00	0.00	0.00	0.32	2.64	100.00	3.62	21.40	711	81	363	12	0	0	0	0	1167	175.14	5.31	1.58	4.59	7.32	6.91	11.90	1.35	39.91	12.46
6/13/2019 10:43:12 AM	1.23	0.27	1.25	0.08	0.00	0.00	0.00	0.27	2.83	100.00	3.68	21.38	652	270	563	2	0	0	0	0	1488	175.08	5.28	1.41	4.98	6.96	6.76	11.68	1.36	39.94	12.46
6/13/2019 10:43:14 AM	1.40	0.09	0.69	0.44	0.00	0.00	0.00	0.30	2.62	100.00	3.75	21.35	744	85	310	13	0	0	0	0	1153	175.57	5.07	1.83	4.69	7.02	6.79	11.50	1.37	39.98	12.47
6/13/2019 10:43:17 AM	1.32	0.27	1.25	0.09	0.00	0.00	0.00	0.28	2.93	100.00	3.81	21.36	698	273	562	3	0	0	0	0	1536	175.37	5.38	1.52	5.13	7.17	6.87	12.06	1.37	40.00	12.47
6/13/2019 10:43:19 AM	1.46	0.10	1.05	0.30	0.00	0.00	0.00	0.32	2.90	100.00	3.87	21.35	773	98	471	9	0	0	0	0	1351	174.95	5.58	1.57	4.74	7.62	6.86	12.76	1.38	40.03	12.48
6/13/2019 10:43:22 AM	1.17	0.11	1.30	0.15	0.00	0.00	0.00	0.31	2.72	100.00	3.93	21.36	621	108	583	4	0	0	0	0	1317	175.49	5.49	1.87	4.62	7.29	6.08	12.20	1.38	40.06	12.48
6/13/2019 10:43:24 AM	1.65	0.00	0.59	0.57	0.00	0.00	0.00	0.29	2.81	100.00	3.98	21.36	876	0	264	17	0	0	0	0	1156	175.66	5.28	1.66	4.54	7.20	7.23	12.30	1.39	40.08	12.50
6/13/2019 10:43:26 AM	1.01	0.29	1.37	0.00	0.00	0.00	0.00	0.31	2.67	100.00	4.02	21.36	534	294	617	0	0	0	0	0	1445	175.55	5.38	0.99	5.20	7.14	6.23	11.47	1.39	40.12	12.50
6/13/2019 10:43:29 AM	1.51	0.06	0.62	0.36	0.00	0.00	0.00	0.33	2.55	100.00	4.06	21.32	798	65	278	11	0	0	0	0	1152	175.75	4.80	1.24	4.28	7.14	6.70	11.39	1.40	40.15	12.49
6/13/2019 10:43:31 AM	0.75	0.16	1.40	0.14	0.00	0.00	0.00	0.31	2.45	100.00	4.08	21.26	399	156	628	4	0	0	0	0	1188	175.97	5.54	1.42	4.38	6.90	6.30	11.30	1.40	40.19	12.51
6/13/2019 10:43:34 AM	1.10	0.18	1.28	0.16	0.00	0.00	0.00	0.30	2.73	100.00	4.10	21.26	584	181	577	5	0	0	0	0	1348	175.38	5.54	1.51	4.74	7.17	6.64	11.96	1.40	40.19	12.50
6/13/2019 10:43:36 AM	1.10	0.15	0.93	0.37	0.00	0.00	0.00	0.30	2.55	100.00	4.12	21.27	584	146	419	11	0	0	0	0	1160	175.76	5.29	1.82	4.78	6.91	6.78	11.30	1.40	40.23	12.50
6/13/2019 10:43:38 AM	1.55	0.11	0.76	0.23	0.00	0.00	0.00	0.33	2.65	100.00	4.17	21.30	820	111	342	7	0	0	0	0	1280	175.29	4.79	1.34	4.42	7.29	6.46	11.60	1.41	40.25	12.52
6/13/2019 10:43:41 AM	1.78	0.10	0.87	0.26	0.00	0.00	0.00	0.27	3.01	100.00	4.21	21.29	944	96	393	8	0	0	0	0	1442	175.56	5.11	1.53	4.75	7.20	6.74	12.47	1.41	40.28	12.52
6/13/2019 10:43:43 AM	1.65	0.28	1.42	0.00	0.00	0.00	0.00	0.24	3.35	100.00	4.27	21.29	873	278	640	0	0	0	0	0	1791	176.06	5.58	1.85	5.51	7.37	6.76	13.16	1.42	40.32	12.52
6/13/2019 10:43:45 AM	1.48	0.05	0.77	0.44	0.00	0.00	0.00	0.30	2.74	100.00	4.34	21.28	785	48	345	13	0	0	0	0	1191	175.52	5.29	1.74	4.64	7.24	6.85	12.10	1.42	40.32	12.53
6/13/2019 10:43:48 AM	1.56	0.24	1.74	0.17	0.00	0.00	0.00	0.31	3.72	100.00	4.39	21.23	828	243	782	5	0	0	0	0	1859	175.49	7.01	1.78	5.86	8.78	7.86	15.59	1.43	40.36	12.54
6/13/2019 10:43:50 AM	1.56	0.12	1.82	0.49	0.00	0.00	0.00	0.29	3.99	100.00	4.47	20.99	828	117	818	15	0	0	0	0	1777	175.40	8.05	2.19	6.13	9.17	8.63	17.14	1.44	40.38	12.54
6/13/2019 10:43:53 AM	1.25	0.42	5.01	0.13	0.00	0.00	0.00	0.45	6.81	100.00	4.64	20.12	664	422	2254	4	0	0	0	0	3344	175.05	15.05	3.07	9.56	15.44	11.95	29.99	1.45	40.39	12.54
6/13/2019 10:43:55 AM	2.77	0.36	8.83	0.00	0.00	0.00	0.00	0.42	11.95	99.93	4.70	18.96	1466	358	3972	0	0	0	0	0	5795	174.16	24.69	4.04	14.52	23.64	16.26	50.91	1.46	40.43	12.56
6/13/2019 10:43:57 AM	1.61	0.51	14.26	0.00	0.00	0.00	0.00	0.49	16.38	99.10	4.72	18.40	855	513	6415	0	0	0	0	0	7783	172.72	37.30	6.30	19.40	32.14	22.26	71.75	1.46	40.45	12.56
6/13/2019 10:44:00 AM	0.35	0.63	16.48	0.00	0.00	0.00	0.00	0.55	17.46	99.25	4.80	18.52	187	629	7417	0	0	0	0	0	8233	172.98	42.20	6.28	20.92	34.82	24.53	78.00	1.47	40.45	12.55
6/13/2019 10:44:02 AM	0.48	0.60	16.67	0.00	0.00	0.00	0.00	0.57	17.75	98.99	4.90	18.62	255	597	7501	0	0	0	0	0	8353	172.54	42.71	6.84	21.03	35.55	24.69	79.42	1.48	40.46	12.56
6/13/2019 10:44:04 AM	0.46	0.65	16.50	0.00	0.00	0.00	0.00	0.50	17.62	99.26	4.96	18.46	244	654	7426	0	0	0	0	0	8324	173.01	42.13	6.85	20.88	34.52	24.87	78.05	1.49	40.47	12.55
6/13/2019 10:44:07 AM	0.07	0.80	16.01	0.00	0.00	0.00	0.00	0.59	16.89	99.47	5.04	18.08	38	805	7205	0	0	0	0	0	8047	173.37	41.17	6.57	21.35	34.24	24.13	75.46	1.49	40.51	12.56
6/13/2019 10:44:09 AM	0.00	0.82	15.51	0.00	0.00	0.00	0.00	0.55	16.33	99.51	5.12	17.61	0	825	6978	0	0	0	0	0	7803	173.44	40.29	6.66	20.67	32.97	23.63	72.40	1.50	40.50	12.57
6/13/2019 10:44:12 AM	0.00	0.53	15.35	0.40	0.00	0.00	0.00	0.53	16.28	99.44	5.18	17.63	0	534	6905	12	0	0	0	0	7452	173.31	41.28	6.76	19.81	33.03	24.07	72.91	1.51	40.51	12.57
6/13/2019 10:44:14 AM	0.00	0.91	15.34	0.00	0.00	0.00	0.00	0.59	16.25	99.42	5.23	17.29	0	912	6902	0	0	0	0	0	7814	173.28	40.54	6.60	21.09	33.23	23.58	71.71	1.51	40.51	12.57
6/13/2019 10:44:16 AM	0.00	1.08	16.16	0.00	0.00	0.00	0.00	0.58	17.24	99.29	5.27	16.80	0	1084	7272	0	0	0	0	0	8356	173.06	43.15	6.85	22.70	34.82	25.13	75.06	1.52	40.52	12.58
6/13/2019 10:44:19 AM	0.00	1.16	17.22	0.00	0.00	0.00	0.00	0.55	18.38	98.85	5.31	17.09	0	1163	7747	0	0	0	0	0	8910	172.29	45.86	7.04	23.91	36.41	26.82	79.39	1.52	40.52	12.60
6/13/2019 10:44:21 AM	0.00	0.91	16.38	0.42	0.00	0.00	0.00	0.56	17.70	99.10	5.35	17.35	0	905	7371	13	0	0	0	0	8289	172.72	45.35	7.63	22.78	35.73	26.43	77.32	1.52	40.52	12.61
6/13/2019 10:44:24 AM	0.00	1.08	17.26	0.00	0.00	0.00	0.00	0.53	18.33	98.67	5.43	16.84	0	1076	7765	0	0	0	0	0	8841	171.98	45.80	7.17	23.33	36.21	26.69	79.39	1.53	40.54	12.58
6/13/2019 10:44:26 AM	0.00	0.98	18.39	0.79	0.00	0.00	0.00	0.60	20.16	98.52	5.45	16.27	0	983	8276	24	0	0	0	0	9282	171.71	52.06	8.35	25.81	40.33	30.68	87.79	1.53	40.56	12.61
6/13/2019 10:44:28 AM	0.00	1.42	19.31	0.18	0.00	0.00	0.00	0.47	20.92	98.61	5.52	15.76	0	1421	8691	6	0	0	0	0	10118	171.87	52.53	8.19	27.24	39.91	31.06	88.27	1.54	40.55	12.60
6/13/2019 10:44:31 AM	0.00	1.33	21.84	0.70	0.00	0.00	0.00	0.42	23.88	98.53	5.60	14.80	0	1335	9827	21	0	0	0	0	11183	171.72	60.67	9.65	30.58	44.73	35.39	100.89	1.55	40.55	12.60
6/13/2019 10:44:33 AM	0.00	2.25	24.41	0.07	0.00	0.00	0.00	0.45	26.72	98.13	5.70	14.26	0	2246	10983	2	0	0	0	0	13230	171.04	66.33	11.18	36.08	49.14	39.00	109.51	1.56	40.54	12.61
6/13/2019 10:44:35 AM	0.00	1.39	24.69	1.07	0.00	0.00	0.00	0.46	27.14	97.97	5.81	14.02	0	1388	11109	32	0	0	0	0	12529	170.76	69.66	11.63	34.76	50.86	39.76	114.83	1.57	40.52	12.63
6/13/2019 10:44:38 AM	0.00	1.59	25.69	0.83	0.00	0.00	0.00	0.42	28.11	97.62	5.91	13.80	0	1594	11559	25	0	0	0	0	13178	170.14	71.73	11.52	36.01	52.01	40.86	117.79	1.58	40.50	12.62
6/13/2019 10:44:40 AM	0.00	1.09	22.88	1.38	0.00	0.00	0.00	0.44	25.36	97.83	5.95	14.17	0	1091	10298	41	0	0	0	0	11430	170.51	66.39	10.48	32.17	47.93	37.98	107.82	1.58	40.50	12.60
6/13/2019 10:44:43 AM	0.00	1.31	22.98	1.00	0.00	0.00	0.00	0.40	25.29	97.70	6.01	14.74	0	1312	10340	30	0	0	0	0	11682	170.29	65.50	10.34	32.43	47.22	37.40	106.36	1.59	40.50	12.62
6/13/2019 10:44:45 AM	0.00	1.35	20.21	0.87	0.00	0.00	0.00	0.43	22.43	97.83	6.06	15.04	0	1349	9096	26	0	0	0	0	10470	170.51	57.87	9.52	29.61	42.39	33.97	94.16	1.59	40.49	12.61
6/13/2019 10:44:47 AM	0.00	1.39	19.20	0.69	0.00	0.00	0.00	0.43	21.27	97.70	6.14	15.27	0	1392	8638	21	0	0	0	0	10051	170.29	54.72	9.11	28.43	40.36	32.22	89.00	1.60	40.45	12.61
6/13/2019 10:44:50 AM	0.00	1.13	18.82	1.22	0.00	0.00	0.00	0.38	21.17	98.02	6.22	14.87	0	1133	8469	37	0	0	0	0	9638	170.84	55.54	9.44	28.16	40.03	32.64	88.97	1.61	40.45	12.62
6/13/2019 10:44:52 AM	0.00	1.13	18.60	0.97	0.00	0.00	0.00	0.29	20.70	97.63	6.29	14.63	0	1131	8371	29	0	0	0	0	9531	170.17	53.68	9.08	27.31	38.25	31.40	86.39	1.62	40.44	12.63
6/13/2019 10:44:55 AM	0.00	1.12	18.00	1.15	0.00	0.00	0.00	0.46	20.27	97.93	6.34	14.57	0	1120	8100	35	0	0	0	0	9255	170.69	53.21	8.83	27.04	39.24	31.72	85.92	1.62	40.41	12.63
6/13/2019 10:44:57 AM	0.00	1.27	18.47	1.02	0.00	0.00	0.00	0.40	20.76	97.88	6.41	14.04	0	1273	8313	31	0	0	0	0	9616	170.60	53.40	9.14	27.85	39.25	32.38	87.28	1.63	40.39	12.62
6/13/2019 10:44:59 AM	0.00	0.94	17.91	1.61	0.00	0.00	0.00	0.45	20.47	97.75	6.45	13.86	0	942	8060	48	0	0	0	0	9050	170.38	53.98	9.72	27.35	39.56	32.51	87.52	1.63	40.38	12.61
6/13/2019 10:45:02 AM	0.00	1.19	17.95	1.09	0.00	0.00	0.00	0.41	20.23	97.41	6.50	13.88	0	1190	8078	33	0	0	0	0	9301	169.78	52.94	8.99	27.25	38.60	31.52	84.97	1.64	40.37	12.61
6/13/2019 10:45:04 AM	0.00	1.25	16.54	1.24	0.00	0.00	0.00	0.37	19.03	97.62	6.55	13.95	0	1248	7444	37	0	0	0	0	8729	170.14	49.72	8.72	26.40	36.05	30.82	79.27	1.64	40.33	12.65
6/13/2019 10:45:06 AM	0.00	2.02	15.15	0.57	0.00	0.00	0.00	0.41	17.73	97.75	6.63	13.36	0	2019	6815	17	0	0	0	0	8852	170.37	44.14	8.36	26.98	33.26	29.95	71.20	1.65	40.32	12.61
6/13/2019 10:45:09 AM	0.00	4.78	9.83	0.84	0.00	0.00	0.00	0.51	15.45	97.27	6.70	12.02	0	4780	4425	25	0	0	0	0	9230	169.54	33.56	8.95	34.49	27.47	37.37	51.38	1.66	40.28	12.64
6/13/2019 10:45:11 AM	0.00	3.86	7.09	1.42	0.00	0.00	0.00	0.52	12.38	97.64	6.78	11.78	0	3865	3191	43	0	0	0	0	7099	170.18	27.80	7.20	28.72	23.16	33.30	41.88	1.66	40.26	12.62
6/13/2019 10:45:14 AM	0.00	5.20	7.89	0.42	0.00	0.00	0.00	0.50	13.52	97.69	6.85	12.13	0	5204	3550	13	0	0	0	0	8766	170.28	27.49	8.15	33.50	23.50	35.39	41.26	1.67	40.23	12.63
6/13/2019 10:45:16 AM	0.00	7.43	6.78	0.13	0.00	0.00	0.00	0.42	14.35	97.11	6.93	12.01	0	7430	3052	4	0	0	0	0	10486	169.26	25.36	9.59	41.77	21.98	42.25	35.35	1.68	40.17	12.61
6/13/2019 10:45:18 AM	0.00	18.20	5.67	0.00	0.00	0.00	0.00	0.30	23.87	95.45	7.01	11.77	0	18197	2554	0	0	0	0	0	20750	166.36	30.15	17.49	88.80	26.49	86.01	32.87	1.69	40.12	12.62
6/13/2019 10:45:21 AM	0.00	20.27	6.00	0.00	0.00	0.00	0.00	0.29	26.27	95.20	7.04	11.75	0	20269	2699	0	0	0	0	0	22967	165.94	32.62	19.21	98.04	28.54	95.53	34.93	1.69	40.11	12.60
6/13/2019 10:45:23 AM	0.00	29.53	5.64	0.00	0.00	0.00	0.00	0.04	35.17	94.11	7.11	11.83	0	29534	2537	0	0	0	0	0	32071	164.03	38.73	27.00	139.45	32.32	133.82	34.42	1.70	40.05	12.62
6/13/2019 10:45:26 AM	0.00	37.46	5.27	0.00	0.00	0.00	0.00	0.00	42.72	92.59	7.22	11.85	0	37458	2369	0	0	0	0	0	39827	161.38	44.24	33.16	173.96	36.91	167.71	35.26	1.71	39.99	12.61
6/13/2019 10:45:28 AM	0.00	41.74	5.36	0.00	0.00	0.00	0.00	0.00	47.10	92.08	7.30	11.63	0	41740	2411	0	0	0	0	0	44151	160.49	48.39	37.58	194.88	39.78	184.13	37.11	1.71	39.96	12.61
6/13/2019 10:45:30 AM	0.00	45.98	5.13	0.00	0.00	0.00	0.00	0.00	51.11	91.14	7.35	11.50	0	45978	2310	0	0	0	0	0	48288	158.87	51.02	40.66	214.06	41.74	201.66	38.04	1.72	39.92	12.62
6/13/2019 10:45:33 AM	0.00	51.04	4.69	0.00	0.00	0.00	0.00	0.00	55.73	91.24	7.43	11.16	0	51039	2110	0	0	0	0	0	53149	159.03	54.22	44.97	236.09	44.19	222.86	37.91	1.73	39.87	12.61
6/13/2019 10:45:35 AM	0.00	59.54	2.85	2.29	0.00	0.00	0.00	0.00	64.68	90.16	7.53	10.70	0	59537	1284	69	0	0	0	0	60890	157.16	64.27	53.32	275.36	51.13	268.57	42.70	1.74	39.82	12.59
6/13/2019 10:45:37 AM	0.31	74.66	4.17	0.00	0.00	0.00	0.00	0.00	79.13	87.60	7.63	10.69	165	74656	1875	0	0	0	0	0	76696	152.70	72.17	66.08	353.00	57.72	311.22	46.47	1.75	39.73	12.62
6/13/2019 10:45:40 AM	0.00	78.90	4.78	0.00	0.00	0.00	0.00	0.00	83.68	86.57	7.73	10.83	0	78904	2150	0	0	0	0	0	81055	150.89	79.43	69.27	360.91	61.96	341.24	47.77	1.76	39.71	12.59
6/13/2019 10:45:42 AM	0.00	79.88	1.44	3.28	0.00	0.00	0.00	0.00	84.59	85.57	7.81	10.93	0	79879	646	98	0	0	0	0	80624	149.15	81.24	70.76	367.50	63.61	357.32	48.10	1.76	39.64	12.59
6/13/2019 10:45:45 AM	0.00	87.34	1.54	3.34	0.00	0.00	0.00	0.00	92.22	84.89	7.87	11.03	0	87343	691	100	0	0	0	0	88135	147.97	88.22	75.33	400.38	69.57	390.45	51.17	1.77	39.61	12.58
6/13/2019 10:45:47 AM	0.00	91.20	4.94	0.00	0.00	0.00	0.00	0.00	96.14	85.31	7.92	10.57	0	91198	2225	0	0	0	0	0	93423	148.71	89.36	76.60	416.00	71.00	394.42	53.21	1.78	39.53	12.59
6/13/2019 10:45:49 AM	0.00	93.90	4.86	0.00	0.00	0.00	0.00	0.00	98.76	84.77	7.95	10.17	0	93904	2187	0	0	0	0	0	96091	147.76	90.74	79.40	430.39	72.79	403.37	54.17	1.78	39.49	12.55
6/13/2019 10:45:52 AM	0.00	88.69	4.84	0.00	0.00	0.00	0.00	0.00	93.54	85.13	8.07	10.23	0	88693	2180	0	0	0	0	0	90873	148.40	87.33	76.40	404.15	69.10	383.82	51.64	1.79	39.40	12.60
6/13/2019 10:45:54 AM	0.00	88.75	5.24	0.00	0.00	0.00	0.00	0.00	93.99	84.51	8.20	10.13	0	88746	2358	0	0	0	0	0	91104	147.31	87.44	76.46	403.51	70.48	385.87	53.57	1.80	39.35	12.60
6/13/2019 10:45:57 AM	0.06	66.54	5.60	1.72	0.00	0.00	0.00	0.60	73.92	87.81	8.30	10.02	31	66539	2519	52	0	0	0	0	69140	153.06	75.67	58.52	307.07	68.90	300.88	59.14	1.81	39.28	12.58
6/13/2019 10:45:59 AM	1.53	75.83	6.48	0.00	0.00	0.00	0.00	0.30	83.84	86.57	8.31	9.99	809	75828	2916	0	0	0	0	0	79554	150.89	80.39	66.16	351.44	73.52	330.11	60.83	1.81	39.22	12.58
6/13/2019 10:46:01 AM	1.78	78.34	6.96	0.00	0.00	0.00	0.00	0.18	87.09	86.14	8.35	10.34	945	78339	3133	0	0	0	0	0	82418	150.15	83.74	68.45	366.61	75.40	337.97	63.59	1.82	39.15	12.55
6/13/2019 10:46:04 AM	3.44	71.72	5.40	0.00	0.00	0.00	0.00	0.09	80.56	87.47	8.48	10.21	1824	71719	2432	0	0	0	0	0	75975	152.47	75.44	62.36	338.08	69.22	308.14	59.10	1.83	39.09	12.54
6/13/2019 10:46:06 AM	0.19	66.28	6.12	0.35	0.00	0.00	0.00	0.59	72.93	86.98	8.59	9.99	101	66278	2752	10	0	0	0	0	69143	151.61	72.35	58.02	303.89	67.28	294.19	55.63	1.84	39.02	12.54
6/13/2019 10:46:08 AM	0.00	60.48	2.66	3.01	0.00	0.00	0.00	0.98	66.16	87.05	8.66	10.01	0	60482	1198	90	0	0	0	0	61770	151.73	69.08	53.49	280.04	65.47	277.43	52.54	1.85	38.96	12.52
6/13/2019 10:46:11 AM	0.00	56.15	4.82	0.00	0.00	0.00	0.00	1.03	60.97	88.41	8.82	9.73	0	56150	2167	0	0	0	0	0	58317	154.10	61.01	48.39	256.56	61.11	248.47	47.84	1.86	38.89	12.54
6/13/2019 10:46:13 AM	0.00	53.38	4.01	0.36	0.00	0.00	0.00	1.11	57.75	89.74	8.95	9.50	0	53381	1802	11	0	0	0	0	55194	156.42	58.46	46.59	244.45	59.17	236.96	45.38	1.88	38.82	12.54
6/13/2019 10:46:16 AM	0.00	49.43	3.79	0.00	0.00	0.00	0.00	1.13	53.22	90.41	9.02	9.54	0	49425	1708	0	0	0	0	0	51133	157.60	53.40	42.70	225.73	55.34	218.54	41.82	1.88	38.73	12.54
6/13/2019 10:46:18 AM	0.00	48.25	2.19	1.49	0.00	0.00	0.00	1.26	51.93	90.33	9.12	9.52	0	48249	988	45	0	0	0	0	49281	157.44	53.64	42.56	222.16	55.63	218.10	41.96	1.89	38.69	12.47
6/13/2019 10:46:20 AM	0.88	50.35	3.10	0.00	0.00	0.00	0.00	1.07	54.33	90.84	9.19	9.33	465	50346	1397	0	0	0	0	0	52208	158.33	52.87	44.91	234.46	55.54	217.32	41.53	1.90	38.59	12.50
6/13/2019 10:46:23 AM	0.04	40.92	3.42	0.00	0.00	0.00	0.00	1.20	44.37	91.59	9.31	9.12	19	40915	1540	0	0	0	0	0	42474	159.65	45.53	35.43	188.30	49.03	181.11	38.15	1.91	38.54	12.48
6/13/2019 10:46:25 AM	0.00	39.94	3.39	0.07	0.00	0.00	0.00	1.19	43.40	91.18	9.41	8.99	0	39942	1525	2	0	0	0	0	41469	158.93	44.85	34.85	183.22	48.21	177.96	37.70	1.92	38.44	12.46
6/13/2019 10:46:27 AM	0.00	36.93	2.74	0.36	0.00	0.00	0.00	1.18	40.03	91.02	9.48	9.11	0	36931	1233	11	0	0	0	0	38175	158.64	41.70	32.67	169.89	45.27	165.45	35.06	1.93	38.38	12.44
6/13/2019 10:46:30 AM	0.19	35.69	2.20	0.85	0.00	0.00	0.00	1.17	38.93	90.92	9.59	9.37	98	35689	992	25	0	0	0	0	36806	158.48	40.90	31.84	164.99	44.35	161.88	35.00	1.94	38.28	12.48
6/13/2019 10:46:32 AM	0.07	35.93	3.23	0.00	0.00	0.00	0.00	1.13	39.22	90.77	9.67	9.50	35	35926	1452	0	0	0	0	0	37413	158.22	40.75	31.71	165.86	44.28	159.52	35.17	1.95	38.21	12.41
6/13/2019 10:46:35 AM	0.00	36.09	2.65	0.58	0.00	0.00	0.00	1.14	39.32	90.64	9.74	9.62	0	36089	1194	17	0	0	0	0	37300	157.99	41.33	32.18	166.52	44.42	162.67	35.07	1.95	38.12	12.45
6/13/2019 10:46:37 AM	1.03	38.57	2.64	0.00	0.00	0.00	0.00	1.09	42.23	90.80	9.80	9.84	544	38568	1187	0	0	0	0	0	40298	158.27	42.11	33.70	179.09	46.27	169.61	36.23	1.96	38.04	12.44
6/13/2019 10:46:39 AM	0.00	37.42	3.11	0.00	0.00	0.00	0.00	1.12	40.53	90.62	9.87	10.18	0	37422	1401	0	0	0	0	0	38822	157.95	41.66	33.01	171.85	45.05	166.21	34.87	1.97	37.98	12.41
6/13/2019 10:46:42 AM	0.10	35.99	2.26	0.61	0.00	0.00	0.00	1.15	38.95	90.37	9.97	9.90	51	35987	1015	18	0	0	0	0	37071	157.53	40.41	31.72	165.71	43.92	162.19	33.82	1.98	37.88	12.40
6/13/2019 10:46:44 AM	0.61	36.51	2.02	0.00	0.00	0.00	0.00	1.07	39.14	90.17	10.11	9.12	322	36510	910	0	0	0	0	0	37742	157.17	38.55	31.81	168.39	42.76	160.33	31.26	1.99	37.81	12.39
6/13/2019 10:46:47 AM	0.00	36.57	2.43	0.00	0.00	0.00	0.00	1.06	39.01	89.87	10.17	8.97	0	36572	1096	0	0	0	0	0	37668	156.64	39.24	31.51	167.71	42.61	161.51	31.10	2.00	37.72	12.40
6/13/2019 10:46:49 AM	0.00	37.96	2.25	0.00	0.00	0.00	0.00	1.08	40.20	89.80	10.26	9.05	0	37955	1011	0	0	0	0	0	38967	156.52	40.00	32.76	173.30	43.52	167.59	30.84	2.00	37.66	12.35
6/13/2019 10:46:51 AM	0.00	38.78	2.02	0.00	0.00	0.00	0.00	1.01	40.80	89.10	10.38	8.74	0	38784	907	0	0	0	0	0	39691	155.31	40.11	33.69	177.21	43.03	170.22	29.38	2.02	37.55	12.35
6/13/2019 10:46:54 AM	0.21	41.05	1.70	0.00	0.00	0.00	0.00	1.00	42.96	88.78	10.49	8.58	113	41050	763	0	0	0	0	0	41926	154.74	41.08	36.09	188.66	44.38	178.08	29.52	2.03	37.47	12.38
6/13/2019 10:46:56 AM	0.00	41.49	1.05	1.01	0.00	0.00	0.00	1.01	43.55	87.74	10.57	8.65	0	41485	474	30	0	0	0	0	41989	152.93	43.02	36.27	189.83	45.16	185.71	30.65	2.04	37.39	12.35
