Date/Time	Green Algae	Bluegreen	Diatoms	Cryptophyta	#5	#6	#7	Yellow substances	Total conc.	Transmission	Depth	Temp. Sample	Green Algae	Bluegreen	Diatoms	Cryptophyta	#5	#6	#7	Yellow substances	Total cell count	Trans. 700 nm	LED 3 [525 nm]	LED 4 [570 nm]	LED 5 [610 nm]	LED 6 [370 nm]	LED 7 [590 nm]	LED 8 [470 nm]	Pressure	Temp. LEDs	Temp. Sensor
date	µg/l	µg/l	µg/l	µg/l	µg/l	µg/l	µg/l	r.u.	µg/l	%	m	°C	cells/ml	cells/ml	cells/ml	cells/ml	cells/ml	cells/ml	cells/ml	r.u.	cells/ml	digits	digits	digits	digits	digits	digits	digits	bar	°C	°C
6/8/2020 10:11:46 AM	4.99	0.14	1.17	0.00	0.00	0.00	0.00	0.46	6.31	100.00	0.39	23.33	2647	145	529	0	0	0	0	0	3320	175.15	7.51	2.04	7.91	13.91	8.58	24.57	1.04	23.16	21.98
6/8/2020 10:11:48 AM	3.70	0.00	2.16	0.00	0.00	0.00	0.00	0.26	5.86	100.00	0.43	23.29	1964	0	971	0	0	0	0	0	2935	173.28	8.40	1.35	6.16	11.42	8.42	23.23	1.04	23.20	21.96
6/8/2020 10:11:51 AM	4.51	0.00	2.19	0.00	0.00	0.00	0.00	0.16	6.70	100.00	0.45	23.31	2389	0	986	0	0	0	0	0	3375	172.86	8.67	1.68	6.68	11.63	9.34	25.10	1.04	23.24	21.99
6/8/2020 10:11:53 AM	4.86	0.18	1.30	0.34	0.00	0.00	0.00	0.31	6.68	100.00	0.48	23.35	2576	177	587	10	0	0	0	0	3351	174.69	8.46	1.09	7.82	12.92	11.24	24.95	1.05	23.27	22.00
6/8/2020 10:11:55 AM	5.55	0.28	2.01	0.00	0.00	0.00	0.00	0.00	7.84	100.00	0.51	23.35	2940	283	904	0	0	0	0	0	4128	173.17	8.72	2.35	9.55	11.35	10.34	26.41	1.05	23.31	22.04
6/8/2020 10:11:58 AM	4.89	0.08	2.43	0.00	0.00	0.00	0.00	0.11	7.40	100.00	0.54	23.26	2590	78	1094	0	0	0	0	0	3762	173.45	9.58	0.68	8.10	12.17	10.17	26.87	1.05	23.34	22.04
6/8/2020 10:12:00 AM	5.00	0.00	1.95	0.00	0.00	0.00	0.00	0.26	6.95	100.00	0.56	23.15	2648	0	877	0	0	0	0	0	3525	172.75	8.51	4.03	7.86	13.02	8.22	26.40	1.06	23.37	22.08
6/8/2020 10:12:02 AM	5.86	0.00	1.97	0.04	0.00	0.00	0.00	0.12	7.88	100.00	0.58	23.09	3107	0	887	1	0	0	0	0	3995	172.90	8.93	2.78	7.97	12.92	9.97	28.39	1.06	23.40	22.09
6/8/2020 10:12:05 AM	4.84	0.25	2.84	0.00	0.00	0.00	0.00	0.08	7.94	100.00	0.60	23.01	2567	255	1279	0	0	0	0	0	4101	172.24	10.42	3.59	9.88	12.73	10.22	28.40	1.06	23.44	22.10
6/8/2020 10:12:07 AM	4.49	0.00	2.98	0.00	0.00	0.00	0.00	0.34	7.47	100.00	0.62	22.95	2382	0	1340	0	0	0	0	0	3722	173.05	10.96	1.83	6.76	14.75	10.85	30.13	1.06	23.48	22.10
6/8/2020 10:12:10 AM	6.23	0.00	2.78	0.00	0.00	0.00	0.00	0.02	9.01	100.00	0.65	22.90	3301	0	1250	0	0	0	0	0	4551	172.34	10.63	1.95	7.89	13.42	10.73	32.68	1.06	23.51	22.15
6/8/2020 10:12:12 AM	5.96	0.05	2.65	0.00	0.00	0.00	0.00	0.30	8.67	100.00	0.68	22.84	3160	54	1194	0	0	0	0	0	4408	171.69	11.15	2.22	9.41	16.13	10.94	32.90	1.07	23.54	22.14
6/8/2020 10:12:14 AM	6.35	0.00	1.94	0.31	0.00	0.00	0.00	0.34	8.60	100.00	0.70	22.80	3365	0	875	9	0	0	0	0	4249	174.38	10.68	2.52	9.31	16.36	11.71	32.67	1.07	23.58	22.15
6/8/2020 10:12:17 AM	4.69	0.00	2.96	0.41	0.00	0.00	0.00	0.37	8.06	100.00	0.72	22.72	2486	0	1332	12	0	0	0	0	3830	171.87	12.29	3.58	7.90	16.00	12.25	32.79	1.07	23.61	22.19
6/8/2020 10:12:19 AM	6.39	0.00	3.00	0.00	0.00	0.00	0.00	0.17	9.39	100.00	0.75	22.54	3385	0	1350	0	0	0	0	0	4735	171.73	11.67	2.56	8.80	15.65	11.37	35.05	1.07	23.63	22.19
6/8/2020 10:12:22 AM	5.31	0.11	3.31	0.00	0.00	0.00	0.00	0.33	8.73	100.00	0.77	22.35	2814	115	1489	0	0	0	0	0	4418	171.29	12.56	1.88	10.34	16.65	10.91	33.92	1.08	23.67	22.23
6/8/2020 10:12:24 AM	6.63	0.00	2.54	0.00	0.00	0.00	0.00	0.26	9.17	100.00	0.78	22.27	3516	0	1143	0	0	0	0	0	4659	171.97	11.01	2.77	9.31	16.28	10.96	34.29	1.08	23.69	22.24
6/8/2020 10:12:26 AM	5.79	0.19	2.20	0.59	0.00	0.00	0.00	0.40	8.77	100.00	0.80	22.23	3069	187	989	18	0	0	0	0	4263	172.36	12.13	3.77	10.88	17.29	13.10	33.81	1.08	23.73	22.20
6/8/2020 10:12:29 AM	5.91	0.41	2.78	0.00	0.00	0.00	0.00	0.34	9.10	100.00	0.82	22.23	3131	413	1250	0	0	0	0	0	4794	171.99	11.79	2.80	11.06	16.93	12.60	33.70	1.08	23.75	22.23
6/8/2020 10:12:31 AM	5.40	0.21	3.04	0.00	0.00	0.00	0.00	0.52	8.65	100.00	0.82	22.22	2863	208	1366	0	0	0	0	0	4437	171.88	12.44	2.44	10.17	18.30	11.63	34.56	1.08	23.78	22.26
6/8/2020 10:12:33 AM	5.11	0.06	3.51	0.00	0.00	0.00	0.00	0.38	8.68	100.00	0.85	22.22	2708	55	1581	0	0	0	0	0	4345	173.21	12.89	3.16	10.06	17.23	10.62	34.59	1.08	23.80	22.31
6/8/2020 10:12:36 AM	5.90	0.40	2.97	0.00	0.00	0.00	0.00	0.29	9.27	100.00	0.87	22.21	3125	402	1337	0	0	0	0	0	4863	172.01	12.10	2.81	11.21	16.70	12.68	34.09	1.08	23.83	22.30
6/8/2020 10:12:38 AM	6.52	0.02	2.63	0.00	0.00	0.00	0.00	0.28	9.17	100.00	0.89	22.16	3457	20	1183	0	0	0	0	0	4660	171.21	11.29	2.85	9.77	16.64	11.05	34.40	1.09	23.87	22.30
6/8/2020 10:12:41 AM	4.19	0.00	3.44	0.09	0.00	0.00	0.00	0.58	7.72	100.00	0.91	22.07	2220	0	1548	3	0	0	0	0	3771	172.85	12.89	3.05	8.67	17.91	10.62	33.32	1.09	23.89	22.30
6/8/2020 10:12:43 AM	6.21	0.00	3.07	0.09	0.00	0.00	0.00	0.14	9.37	100.00	0.94	21.93	3289	0	1383	3	0	0	0	0	4674	171.59	12.13	1.73	9.33	15.61	12.36	34.60	1.09	23.92	22.35
6/8/2020 10:12:45 AM	6.01	0.04	3.27	0.00	0.00	0.00	0.00	0.16	9.32	100.00	0.95	21.76	3186	41	1471	0	0	0	0	0	4698	171.94	12.31	1.73	9.73	15.74	11.85	34.59	1.09	23.95	22.36
6/8/2020 10:12:48 AM	6.36	0.00	3.01	0.00	0.00	0.00	0.00	0.00	9.38	100.00	0.99	21.72	3371	0	1357	0	0	0	0	0	4728	170.79	11.19	2.50	8.58	13.53	11.79	33.76	1.10	23.97	22.35
6/8/2020 10:12:50 AM	7.43	0.00	1.98	0.01	0.00	0.00	0.00	0.17	9.42	100.00	1.02	21.75	3936	0	891	0	0	0	0	0	4828	169.65	9.98	2.42	9.39	15.61	11.36	33.61	1.10	23.99	22.38
6/8/2020 10:12:52 AM	6.99	0.06	2.30	0.00	0.00	0.00	0.00	0.34	9.35	100.00	1.04	21.66	3704	62	1033	0	0	0	0	0	4799	171.65	11.03	2.12	10.05	17.34	11.40	34.91	1.10	24.03	22.40
6/8/2020 10:12:55 AM	5.45	0.00	3.04	0.00	0.00	0.00	0.00	0.15	8.49	100.00	1.08	21.55	2889	0	1369	0	0	0	0	0	4258	172.33	11.26	1.98	8.25	14.35	11.10	31.86	1.11	24.05	22.41
6/8/2020 10:12:57 AM	5.30	0.00	2.09	0.53	0.00	0.00	0.00	0.47	7.92	100.00	1.10	21.49	2807	0	939	16	0	0	0	0	3763	173.03	11.44	2.15	8.71	16.74	12.41	31.94	1.11	24.06	22.41
6/8/2020 10:13:00 AM	6.56	0.13	2.52	0.00	0.00	0.00	0.00	0.12	9.21	100.00	1.12	21.43	3476	126	1135	0	0	0	0	0	4737	171.65	10.77	2.35	10.06	14.96	11.42	32.81	1.11	24.10	22.48
6/8/2020 10:13:02 AM	5.66	0.06	2.62	0.12	0.00	0.00	0.00	0.26	8.46	100.00	1.15	21.42	2998	56	1181	4	0	0	0	0	4238	170.68	11.13	2.35	9.13	15.37	11.37	31.94	1.11	24.12	22.46
6/8/2020 10:13:04 AM	6.78	0.00	1.78	0.19	0.00	0.00	0.00	0.21	8.75	100.00	1.17	21.41	3591	0	802	6	0	0	0	0	4399	171.75	9.79	2.48	8.95	15.11	11.41	31.83	1.11	24.15	22.44
6/8/2020 10:13:07 AM	5.39	0.00	1.98	0.62	0.00	0.00	0.00	0.33	8.00	100.00	1.18	21.38	2859	0	893	19	0	0	0	0	3770	171.01	11.04	2.80	8.26	15.41	12.71	31.28	1.12	24.16	22.44
6/8/2020 10:13:09 AM	5.07	0.15	3.15	0.12	0.00	0.00	0.00	0.30	8.49	100.00	1.20	21.36	2689	149	1417	3	0	0	0	0	4259	171.85	12.24	2.18	9.44	15.91	12.08	32.72	1.12	24.19	22.45
6/8/2020 10:13:11 AM	6.54	0.14	2.31	0.00	0.00	0.00	0.00	0.34	8.99	100.00	1.23	21.30	3465	141	1038	0	0	0	0	0	4645	172.41	10.93	1.44	10.10	16.81	11.42	33.56	1.12	24.22	22.55
6/8/2020 10:13:14 AM	6.14	0.00	2.56	0.09	0.00	0.00	0.00	0.25	8.79	100.00	1.24	21.16	3252	0	1151	3	0	0	0	0	4406	172.55	10.88	3.53	8.31	15.66	11.34	33.28	1.12	24.23	22.46
6/8/2020 10:13:16 AM	6.12	0.00	2.66	0.00	0.00	0.00	0.00	0.23	8.78	100.00	1.26	21.08	3246	0	1197	0	0	0	0	0	4443	172.30	10.97	1.97	8.78	15.42	10.69	33.08	1.12	24.24	22.57
6/8/2020 10:13:19 AM	4.97	0.00	2.95	0.06	0.00	0.00	0.00	0.37	7.97	100.00	1.28	21.04	2633	0	1327	2	0	0	0	0	3962	172.61	11.49	2.81	8.48	15.94	10.56	31.84	1.13	24.25	22.55
6/8/2020 10:13:21 AM	5.56	0.11	2.67	0.12	0.00	0.00	0.00	0.33	8.46	100.00	1.29	21.01	2948	113	1201	4	0	0	0	0	4266	171.73	11.38	2.84	9.55	16.08	11.38	32.42	1.13	24.29	22.57
6/8/2020 10:13:23 AM	6.04	0.00	1.93	0.51	0.00	0.00	0.00	0.36	8.47	100.00	1.32	20.91	3201	0	868	15	0	0	0	0	4083	171.49	11.03	3.49	9.58	16.34	11.89	32.61	1.13	24.29	22.56
6/8/2020 10:13:26 AM	5.75	0.16	2.48	0.00	0.00	0.00	0.00	0.40	8.40	100.00	1.33	20.78	3047	164	1117	0	0	0	0	0	4328	171.63	10.84	3.65	9.89	16.58	10.55	32.24	1.13	24.32	22.60
6/8/2020 10:13:28 AM	5.13	0.31	3.07	0.00	0.00	0.00	0.00	0.40	8.51	100.00	1.35	20.64	2716	312	1383	0	0	0	0	0	4411	171.90	12.26	1.65	10.81	16.88	11.49	32.94	1.13	24.35	22.61
6/8/2020 10:13:30 AM	5.13	0.24	3.02	0.00	0.00	0.00	0.00	0.39	8.40	100.00	1.37	20.50	2721	244	1360	0	0	0	0	0	4324	172.38	11.84	3.62	10.34	16.62	10.92	32.61	1.13	24.35	22.64
6/8/2020 10:13:33 AM	6.71	0.27	2.42	0.21	0.00	0.00	0.00	0.25	9.62	100.00	1.39	20.45	3559	273	1089	6	0	0	0	0	4927	171.49	11.68	3.32	11.23	16.80	12.97	34.86	1.14	24.38	22.61
6/8/2020 10:13:35 AM	5.94	0.34	3.37	0.00	0.00	0.00	0.00	0.31	9.65	100.00	1.42	20.43	3150	345	1515	0	0	0	0	0	5009	172.37	13.14	2.36	11.49	17.56	12.92	36.09	1.14	24.38	22.65
6/8/2020 10:13:38 AM	6.10	0.10	3.67	0.00	0.00	0.00	0.00	0.31	9.86	100.00	1.44	20.41	3233	96	1649	0	0	0	0	0	4979	171.62	13.71	2.82	10.78	18.17	12.28	37.87	1.14	24.40	22.66
6/8/2020 10:13:40 AM	6.37	0.03	3.41	0.16	0.00	0.00	0.00	0.24	9.97	100.00	1.45	20.40	3375	33	1534	5	0	0	0	0	4947	171.60	13.53	2.41	10.34	17.57	13.13	37.71	1.14	24.42	22.62
6/8/2020 10:13:42 AM	6.40	0.18	2.49	0.21	0.00	0.00	0.00	0.47	9.29	100.00	1.47	20.38	3394	183	1122	6	0	0	0	0	4706	171.38	12.18	3.45	10.81	18.71	12.48	35.96	1.14	24.43	22.67
6/8/2020 10:13:45 AM	6.17	0.02	3.06	0.22	0.00	0.00	0.00	0.32	9.48	100.00	1.50	20.24	3272	24	1376	7	0	0	0	0	4678	172.82	12.87	3.67	10.49	17.63	12.03	36.43	1.15	24.43	22.70
6/8/2020 10:13:47 AM	6.44	0.00	3.12	0.03	0.00	0.00	0.00	0.30	9.59	100.00	1.51	20.08	3413	0	1406	1	0	0	0	0	4820	173.10	12.51	2.82	9.60	17.52	12.03	36.65	1.15	24.46	22.71
6/8/2020 10:13:50 AM	6.41	0.00	3.34	0.07	0.00	0.00	0.00	0.37	9.82	100.00	1.52	20.01	3400	0	1505	2	0	0	0	0	4906	172.45	13.31	2.69	9.56	18.62	12.73	38.31	1.15	24.46	22.71
6/8/2020 10:13:52 AM	6.27	0.00	4.19	0.19	0.00	0.00	0.00	0.23	10.65	100.00	1.55	20.01	3322	0	1887	6	0	0	0	0	5215	172.25	15.35	3.17	11.10	18.73	13.62	40.90	1.15	24.47	22.70
6/8/2020 10:13:54 AM	6.13	0.00	4.25	0.09	0.00	0.00	0.00	0.32	10.46	100.00	1.57	19.99	3246	0	1914	3	0	0	0	0	5163	172.33	15.32	3.00	10.82	19.36	13.25	40.96	1.15	24.49	22.75
6/8/2020 10:13:57 AM	7.10	0.15	3.80	0.00	0.00	0.00	0.00	0.37	11.05	100.00	1.61	19.95	3765	148	1711	0	0	0	0	0	5624	171.23	14.85	2.64	11.66	20.50	14.00	42.22	1.16	24.49	22.77
6/8/2020 10:13:59 AM	7.96	0.00	3.72	0.00	0.00	0.00	0.00	0.24	11.68	100.00	1.64	19.75	4221	0	1673	0	0	0	0	0	5893	172.67	14.64	3.09	11.79	20.05	13.41	43.53	1.16	24.51	22.77
6/8/2020 10:14:01 AM	6.40	0.09	4.60	0.00	0.00	0.00	0.00	0.25	11.08	100.00	1.67	19.48	3392	85	2069	0	0	0	0	0	5546	172.06	16.01	3.23	12.45	19.60	12.87	42.46	1.16	24.52	22.77
6/8/2020 10:14:04 AM	7.54	0.15	3.59	0.00	0.00	0.00	0.00	0.27	11.28	100.00	1.70	19.28	3996	149	1616	0	0	0	0	0	5761	172.29	14.26	3.89	12.53	19.67	13.04	41.82	1.17	24.53	22.79
6/8/2020 10:14:06 AM	8.08	0.00	3.18	0.24	0.00	0.00	0.00	0.25	11.50	100.00	1.73	19.13	4283	0	1432	7	0	0	0	0	5722	172.42	14.03	3.78	10.86	19.75	14.46	42.87	1.17	24.53	22.79
6/8/2020 10:14:09 AM	6.55	0.00	5.12	0.00	0.00	0.00	0.00	0.31	11.66	100.00	1.77	19.02	3470	0	2303	0	0	0	0	0	5773	171.64	17.40	2.90	12.10	21.14	13.51	45.87	1.17	24.54	22.81
6/8/2020 10:14:11 AM	8.24	0.00	5.05	0.00	0.00	0.00	0.00	0.10	13.29	100.00	1.81	18.81	4370	0	2271	0	0	0	0	0	6640	172.21	17.56	3.85	13.04	21.21	14.90	49.28	1.18	24.53	22.81
6/8/2020 10:14:13 AM	7.61	0.00	4.98	0.00	0.00	0.00	0.00	0.28	12.59	100.00	1.85	18.61	4033	0	2243	0	0	0	0	0	6276	171.75	17.46	4.09	12.45	22.02	14.20	48.53	1.18	24.55	22.81
6/8/2020 10:14:16 AM	7.44	0.00	5.18	0.00	0.00	0.00	0.00	0.16	12.62	100.00	1.89	18.43	3942	0	2330	0	0	0	0	0	6273	171.86	17.70	3.17	12.95	21.07	14.58	47.62	1.18	24.56	22.82
6/8/2020 10:14:18 AM	8.05	0.05	5.09	0.00	0.00	0.00	0.00	0.31	13.19	100.00	1.90	18.23	4268	47	2292	0	0	0	0	0	6607	171.55	18.27	3.03	13.35	23.30	15.68	50.39	1.19	24.56	22.85
6/8/2020 10:14:20 AM	8.17	0.00	5.39	0.00	0.00	0.00	0.00	0.23	13.56	100.00	1.93	18.05	4330	0	2426	0	0	0	0	0	6756	171.32	18.66	3.82	13.15	22.95	14.81	51.95	1.19	24.57	22.85
6/8/2020 10:14:23 AM	8.60	0.00	5.79	0.00	0.00	0.00	0.00	0.26	14.39	100.00	1.95	17.92	4559	0	2604	0	0	0	0	0	7163	171.13	20.08	3.88	14.64	24.77	16.12	54.86	1.19	24.57	22.85
6/8/2020 10:14:25 AM	8.02	0.18	6.49	0.00	0.00	0.00	0.00	0.23	14.68	100.00	1.97	17.84	4249	179	2919	0	0	0	0	0	7348	171.52	21.45	4.21	15.31	24.96	17.57	55.84	1.19	24.57	22.89
6/8/2020 10:14:28 AM	9.02	0.00	6.28	0.20	0.00	0.00	0.00	0.14	15.50	100.00	2.00	17.80	4782	0	2825	6	0	0	0	0	7613	171.50	21.78	4.29	15.32	25.33	18.35	58.29	1.20	24.57	22.89
6/8/2020 10:14:30 AM	8.25	0.02	7.09	0.00	0.00	0.00	0.00	0.17	15.37	100.00	2.01	17.75	4375	25	3190	0	0	0	0	0	7590	171.55	22.79	3.84	15.23	25.61	17.99	58.74	1.20	24.57	22.89
6/8/2020 10:14:32 AM	9.91	0.00	5.74	0.06	0.00	0.00	0.00	0.15	15.71	100.00	2.03	17.73	5253	0	2583	2	0	0	0	0	7839	170.34	20.53	4.98	15.41	25.53	17.52	58.29	1.20	24.57	22.92
6/8/2020 10:14:35 AM	8.75	0.00	6.30	0.00	0.00	0.00	0.00	0.20	15.06	100.00	2.04	17.70	4639	0	2836	0	0	0	0	0	7475	171.00	21.20	3.79	14.72	25.11	16.81	57.33	1.20	24.57	22.91
6/8/2020 10:14:37 AM	8.78	0.00	6.58	0.00	0.00	0.00	0.00	0.09	15.36	100.00	2.06	17.64	4653	0	2963	0	0	0	0	0	7616	171.15	21.56	3.73	14.55	24.42	17.20	57.89	1.20	24.56	22.91
6/8/2020 10:14:39 AM	8.51	0.00	6.45	0.00	0.00	0.00	0.00	0.16	14.96	100.00	2.07	17.54	4511	0	2903	0	0	0	0	0	7414	170.39	21.18	4.17	14.16	24.43	16.54	57.10	1.20	24.55	22.96
6/8/2020 10:14:42 AM	8.92	0.00	6.56	0.00	0.00	0.00	0.00	0.09	15.49	100.00	2.10	17.45	4728	0	2954	0	0	0	0	0	7682	170.90	21.59	4.09	15.12	24.55	16.53	58.32	1.21	24.57	22.95
6/8/2020 10:14:44 AM	8.76	0.00	7.19	0.00	0.00	0.00	0.00	0.14	15.95	100.00	2.13	17.44	4642	0	3237	0	0	0	0	0	7879	171.12	23.18	4.34	15.54	26.11	18.18	60.64	1.21	24.56	22.91
6/8/2020 10:14:47 AM	9.21	0.15	7.19	0.00	0.00	0.00	0.00	0.18	16.55	100.00	2.15	17.39	4880	147	3237	0	0	0	0	0	8265	170.60	23.70	4.82	17.19	27.31	18.78	62.34	1.21	24.55	22.95
6/8/2020 10:14:49 AM	9.78	0.18	7.86	0.00	0.00	0.00	0.00	0.01	17.82	100.00	2.17	17.31	5184	182	3537	0	0	0	0	0	8903	170.26	25.23	5.00	18.23	27.58	20.27	65.79	1.21	24.54	22.94
6/8/2020 10:14:51 AM	9.89	0.16	7.43	0.00	0.00	0.00	0.00	0.06	17.47	100.00	2.20	17.42	5241	155	3342	0	0	0	0	0	8738	169.90	24.42	4.73	18.15	27.54	19.44	64.66	1.22	24.53	22.99
6/8/2020 10:14:54 AM	10.07	0.23	7.65	0.00	0.00	0.00	0.00	0.01	17.96	100.00	2.22	17.44	5338	234	3444	0	0	0	0	0	9016	170.03	24.94	5.09	18.35	27.70	20.66	65.85	1.22	24.54	23.00
6/8/2020 10:14:56 AM	9.42	0.24	7.51	0.00	0.00	0.00	0.00	0.22	17.17	100.00	2.26	17.32	4990	244	3379	0	0	0	0	0	8613	170.77	24.75	4.94	17.79	28.64	20.13	64.77	1.22	24.53	22.99
6/8/2020 10:14:59 AM	10.19	0.15	7.14	0.00	0.00	0.00	0.00	0.00	17.48	100.00	2.29	17.20	5401	150	3215	0	0	0	0	0	8766	170.85	23.67	5.20	17.78	26.85	19.54	63.89	1.22	24.53	22.95
6/8/2020 10:15:01 AM	9.77	0.15	7.48	0.00	0.00	0.00	0.00	0.10	17.40	100.00	2.31	16.89	5177	148	3368	0	0	0	0	0	8693	169.52	24.52	5.15	17.79	27.86	19.64	64.84	1.23	24.52	23.04
6/8/2020 10:15:03 AM	9.46	0.07	7.20	0.43	0.00	0.00	0.00	0.17	17.16	100.00	2.34	16.60	5012	74	3240	13	0	0	0	0	8339	170.35	25.10	5.61	17.81	28.30	20.65	64.98	1.23	24.52	22.97
6/8/2020 10:15:06 AM	9.94	0.03	7.67	0.12	0.00	0.00	0.00	0.00	17.76	100.00	2.36	16.49	5267	27	3451	4	0	0	0	0	8749	170.02	25.01	4.87	17.62	26.84	20.29	66.14	1.23	24.50	22.96
6/8/2020 10:15:08 AM	9.64	0.10	7.89	0.00	0.00	0.00	0.00	0.11	17.64	100.00	2.39	16.47	5111	101	3550	0	0	0	0	0	8762	170.35	25.43	4.63	17.47	28.40	20.36	66.28	1.23	24.49	23.00
6/8/2020 10:15:10 AM	10.74	0.00	7.86	0.13	0.00	0.00	0.00	0.05	18.74	100.00	2.40	16.46	5694	0	3538	4	0	0	0	0	9237	169.19	26.09	5.66	18.22	29.39	20.99	69.77	1.24	24.48	22.99
6/8/2020 10:15:13 AM	10.43	0.00	8.17	0.31	0.00	0.00	0.00	0.00	18.91	100.00	2.43	16.45	5528	0	3678	9	0	0	0	0	9215	170.27	27.03	5.72	18.59	28.78	21.89	70.79	1.24	24.48	23.01
6/8/2020 10:15:15 AM	10.77	0.07	8.01	0.19	0.00	0.00	0.00	0.00	19.04	100.00	2.47	16.52	5706	72	3603	6	0	0	0	0	9386	169.21	26.55	5.98	19.24	29.00	21.42	70.50	1.24	24.46	23.01
6/8/2020 10:15:18 AM	10.73	0.14	8.08	0.05	0.00	0.00	0.00	0.05	19.00	100.00	2.49	16.57	5684	142	3636	2	0	0	0	0	9463	169.53	26.52	5.45	19.03	29.77	21.52	70.34	1.24	24.46	23.05
6/8/2020 10:15:20 AM	9.33	0.28	8.81	0.00	0.00	0.00	0.00	0.11	18.42	100.00	2.54	16.51	4945	275	3966	0	0	0	0	0	9186	169.66	27.60	5.40	19.29	29.68	21.38	69.39	1.25	24.44	23.02
6/8/2020 10:15:22 AM	10.08	0.11	7.91	0.31	0.00	0.00	0.00	0.16	18.40	100.00	2.60	16.50	5343	106	3558	9	0	0	0	0	9017	169.25	26.81	5.41	18.71	30.12	21.85	69.51	1.25	24.44	23.01
6/8/2020 10:15:25 AM	9.51	0.37	8.83	0.00	0.00	0.00	0.00	0.04	18.72	100.00	2.65	16.48	5042	370	3975	0	0	0	0	0	9386	169.60	27.65	5.63	19.87	29.38	21.87	69.57	1.26	24.43	23.00
6/8/2020 10:15:27 AM	10.79	0.40	8.38	0.00	0.00	0.00	0.00	0.03	19.57	100.00	2.70	16.14	5720	397	3770	0	0	0	0	0	9887	169.13	27.28	6.03	20.76	30.32	22.34	71.58	1.26	24.42	23.06
6/8/2020 10:15:29 AM	9.69	0.46	9.17	0.06	0.00	0.00	0.00	0.02	19.38	100.00	2.74	15.67	5136	461	4127	2	0	0	0	0	9726	168.05	28.68	6.77	20.98	30.11	22.76	71.70	1.27	24.40	23.02
6/8/2020 10:15:32 AM	9.07	0.42	9.35	0.06	0.00	0.00	0.00	0.02	18.89	100.00	2.77	15.48	4806	419	4206	2	0	0	0	0	9432	168.55	28.75	6.05	20.18	29.54	22.64	70.51	1.27	24.38	23.00
6/8/2020 10:15:34 AM	9.20	0.76	9.35	0.00	0.00	0.00	0.00	0.03	19.31	100.00	2.83	15.50	4877	762	4208	0	0	0	0	0	9847	168.47	28.98	6.20	21.85	29.99	23.85	70.89	1.28	24.37	23.06
6/8/2020 10:15:37 AM	9.20	0.77	9.15	0.40	0.00	0.00	0.00	0.03	19.52	100.00	2.86	15.51	4876	771	4118	12	0	0	0	0	9777	167.95	29.73	6.92	22.53	30.34	25.30	71.75	1.28	24.35	23.02
6/8/2020 10:15:39 AM	9.01	1.05	9.73	0.00	0.00	0.00	0.00	0.09	19.79	100.00	2.90	15.51	4777	1054	4377	0	0	0	0	0	10208	167.54	30.13	7.09	23.56	31.20	25.13	72.51	1.28	24.34	23.07
6/8/2020 10:15:41 AM	9.53	0.81	7.99	0.87	0.00	0.00	0.00	0.07	19.20	100.00	2.93	15.59	5054	812	3595	26	0	0	0	0	9486	167.55	28.75	7.31	22.99	30.08	26.29	70.10	1.29	24.33	23.05
6/8/2020 10:15:44 AM	9.54	1.09	9.45	0.27	0.00	0.00	0.00	0.00	20.35	100.00	2.97	15.64	5058	1087	4252	8	0	0	0	0	10405	167.00	30.37	7.66	24.43	30.92	26.43	73.49	1.29	24.30	23.05
6/8/2020 10:15:46 AM	9.21	1.22	9.78	0.00	0.00	0.00	0.00	0.02	20.21	100.00	3.00	15.62	4881	1221	4402	0	0	0	0	0	10504	167.76	30.33	7.27	24.53	30.94	25.98	72.84	1.29	24.29	23.04
6/8/2020 10:15:48 AM	9.05	1.07	9.54	0.06	0.00	0.00	0.00	0.10	19.72	100.00	3.03	15.61	4797	1070	4293	2	0	0	0	0	10162	167.14	29.90	7.07	23.44	31.10	25.43	72.10	1.30	24.27	23.12
6/8/2020 10:15:51 AM	9.31	0.95	9.01	0.19	0.00	0.00	0.00	0.09	19.47	100.00	3.08	15.65	4937	954	4056	6	0	0	0	0	9953	167.79	29.10	7.07	22.97	30.67	25.05	71.14	1.30	24.25	23.06
6/8/2020 10:15:53 AM	8.91	0.98	8.69	0.30	0.00	0.00	0.00	0.05	18.87	100.00	3.11	15.58	4722	977	3909	9	0	0	0	0	9617	167.57	28.33	6.76	22.53	29.27	25.00	68.52	1.30	24.23	23.07
6/8/2020 10:15:56 AM	9.39	1.04	8.64	0.41	0.00	0.00	0.00	0.04	19.47	100.00	3.14	15.45	4976	1038	3887	12	0	0	0	0	9913	167.25	28.84	7.54	23.61	30.03	25.73	70.27	1.31	24.22	23.02
6/8/2020 10:15:58 AM	8.38	1.27	8.63	0.42	0.00	0.00	0.00	0.19	18.71	100.00	3.16	15.38	4443	1273	3885	13	0	0	0	0	9614	167.44	28.90	7.24	23.75	30.38	26.27	68.41	1.31	24.20	23.01
6/8/2020 10:16:00 AM	8.12	1.35	7.40	0.55	0.00	0.00	0.00	0.13	17.42	100.00	3.19	15.30	4301	1355	3330	16	0	0	0	0	9002	167.19	26.07	7.05	22.98	27.50	25.42	62.17	1.31	24.18	23.07
6/8/2020 10:16:03 AM	7.91	1.43	6.93	0.82	0.00	0.00	0.00	0.20	17.10	100.00	3.21	15.13	4193	1428	3121	25	0	0	0	0	8766	166.79	25.96	7.05	23.25	27.68	26.33	61.29	1.31	24.17	23.02
6/8/2020 10:16:05 AM	8.35	1.21	6.02	1.19	0.00	0.00	0.00	0.17	16.76	100.00	3.24	15.07	4427	1207	2708	36	0	0	0	0	8377	167.93	24.90	7.32	22.66	26.93	26.02	59.97	1.32	24.14	23.06
6/8/2020 10:16:08 AM	7.82	1.15	5.47	1.21	0.00	0.00	0.00	0.24	15.66	100.00	3.26	15.12	4145	1155	2463	36	0	0	0	0	7799	167.83	23.51	6.39	21.27	25.86	25.25	56.45	1.32	24.13	23.02
6/8/2020 10:16:10 AM	7.44	1.28	4.86	1.52	0.00	0.00	0.00	0.17	15.09	100.00	3.29	15.19	3942	1279	2187	46	0	0	0	0	7454	167.59	22.66	7.32	21.86	24.21	25.52	53.36	1.32	24.09	23.02
6/8/2020 10:16:12 AM	7.57	1.58	5.14	1.04	0.00	0.00	0.00	0.19	15.34	100.00	3.32	15.23	4011	1583	2314	31	0	0	0	0	7939	167.73	22.21	7.23	22.58	24.49	25.27	53.19	1.33	24.07	23.04
6/8/2020 10:16:15 AM	7.75	1.58	5.75	0.98	0.00	0.00	0.00	0.16	16.06	100.00	3.35	15.28	4110	1579	2587	29	0	0	0	0	8305	167.78	23.52	6.90	22.95	25.36	26.09	55.93	1.33	24.06	23.00
6/8/2020 10:16:17 AM	6.93	1.61	5.74	1.08	0.00	0.00	0.00	0.20	15.36	100.00	3.40	15.27	3675	1608	2583	32	0	0	0	0	7899	168.08	23.44	7.51	22.87	24.85	25.61	54.08	1.33	24.04	22.99
6/8/2020 10:16:19 AM	6.91	1.63	5.97	0.92	0.00	0.00	0.00	0.14	15.42	100.00	3.43	14.98	3662	1632	2685	27	0	0	0	0	8006	168.49	23.34	7.10	22.67	24.32	25.43	53.81	1.34	24.02	23.05
6/8/2020 10:16:22 AM	6.81	1.57	5.33	1.21	0.00	0.00	0.00	0.08	14.92	100.00	3.46	14.85	3608	1569	2399	36	0	0	0	0	7612	168.06	22.46	7.32	22.39	22.93	25.42	51.48	1.34	23.99	23.01
6/8/2020 10:16:24 AM	6.53	1.22	4.54	1.84	0.00	0.00	0.00	0.12	14.13	100.00	3.50	14.85	3463	1216	2042	55	0	0	0	0	6775	167.55	22.23	6.91	21.02	22.44	25.69	50.08	1.34	23.98	23.02
6/8/2020 10:16:27 AM	5.71	1.70	4.99	1.26	0.00	0.00	0.00	0.11	13.65	100.00	3.54	14.75	3025	1700	2245	38	0	0	0	0	7008	167.83	21.32	7.05	21.77	21.24	24.94	46.90	1.35	23.95	23.00
6/8/2020 10:16:29 AM	5.62	1.62	4.43	1.43	0.00	0.00	0.00	0.16	13.10	100.00	3.58	14.69	2979	1616	1995	43	0	0	0	0	6633	168.61	20.52	7.09	21.23	20.87	24.55	45.27	1.35	23.93	23.05
6/8/2020 10:16:31 AM	5.33	1.93	4.55	1.05	0.00	0.00	0.00	0.25	12.86	100.00	3.63	14.54	2825	1927	2047	32	0	0	0	0	6831	168.83	19.95	6.75	21.61	21.21	24.39	44.06	1.36	23.91	23.02
6/8/2020 10:16:34 AM	5.78	1.80	4.68	1.24	0.00	0.00	0.00	0.16	13.50	100.00	3.67	14.40	3064	1797	2106	37	0	0	0	0	7005	169.13	20.77	7.00	21.93	21.36	25.03	46.12	1.36	23.88	22.99
6/8/2020 10:16:36 AM	5.82	1.53	4.59	1.56	0.00	0.00	0.00	0.11	13.50	100.00	3.71	14.36	3084	1529	2067	47	0	0	0	0	6727	169.30	21.22	7.38	21.49	21.08	24.95	46.75	1.36	23.85	22.99
6/8/2020 10:16:38 AM	6.27	2.14	5.16	1.51	0.00	0.00	0.00	0.12	15.08	100.00	3.74	14.40	3325	2141	2322	45	0	0	0	0	7833	169.07	23.20	8.63	25.25	23.25	28.07	50.81	1.37	23.83	22.99
6/8/2020 10:16:41 AM	6.18	1.88	5.13	1.78	0.00	0.00	0.00	0.08	14.97	100.00	3.77	14.59	3273	1885	2306	53	0	0	0	0	7517	169.11	23.62	8.52	24.51	22.92	28.05	51.14	1.37	23.81	23.00
6/8/2020 10:16:43 AM	5.97	1.99	5.50	1.44	0.00	0.00	0.00	0.11	14.89	100.00	3.81	14.76	3163	1989	2473	43	0	0	0	0	7669	168.95	23.50	7.81	24.22	23.03	27.67	50.88	1.37	23.78	22.99
6/8/2020 10:16:46 AM	5.76	3.34	7.55	1.38	0.00	0.00	0.00	0.11	18.02	100.00	3.88	14.62	3051	3342	3397	41	0	0	0	0	9831	169.15	29.10	11.74	32.80	27.23	34.05	59.46	1.38	23.75	22.96
6/8/2020 10:16:48 AM	5.69	2.06	6.49	3.41	0.00	0.00	0.00	0.08	17.64	100.00	3.91	14.35	3015	2057	2919	102	0	0	0	0	8093	168.19	31.88	10.41	29.62	27.46	36.89	62.73	1.38	23.74	22.99
6/8/2020 10:16:50 AM	5.22	2.44	7.39	3.44	0.00	0.00	0.00	0.14	18.49	100.00	3.95	14.18	2764	2443	3326	103	0	0	0	0	8637	167.80	34.31	12.05	32.33	29.40	38.74	66.02	1.39	23.71	22.97
6/8/2020 10:16:53 AM	5.32	3.18	8.76	2.65	0.00	0.00	0.00	0.17	19.92	100.00	4.00	14.07	2822	3184	3942	80	0	0	0	0	10028	167.86	35.82	12.89	35.56	31.36	39.99	69.41	1.39	23.68	22.97
6/8/2020 10:16:55 AM	5.31	2.59	8.31	3.21	0.00	0.00	0.00	0.18	19.42	100.00	4.03	14.10	2816	2588	3740	96	0	0	0	0	9240	168.01	36.10	11.96	33.34	31.23	39.76	69.76	1.40	23.66	22.95
6/8/2020 10:16:57 AM	4.51	2.19	8.81	4.32	0.00	0.00	0.00	0.17	19.82	100.00	4.07	14.09	2389	2187	3963	130	0	0	0	0	8668	167.62	40.01	11.97	33.44	32.43	43.04	73.99	1.40	23.63	22.97
6/8/2020 10:17:00 AM	5.13	2.70	10.36	5.29	0.00	0.00	0.00	0.16	23.48	100.00	4.11	13.97	2721	2701	4660	159	0	0	0	0	10241	167.65	47.54	14.81	40.19	38.03	51.12	87.25	1.40	23.60	22.94
6/8/2020 10:17:02 AM	5.27	2.64	10.30	7.01	0.00	0.00	0.00	0.42	25.22	100.00	4.15	13.80	2795	2636	4635	210	0	0	0	0	10276	168.09	53.43	18.52	44.59	43.78	57.10	97.06	1.41	23.58	22.94
6/8/2020 10:17:05 AM	5.39	3.12	10.67	6.82	0.00	0.00	0.00	0.37	26.00	100.00	4.18	13.78	2855	3120	4801	205	0	0	0	0	10981	168.38	54.00	19.88	47.18	44.09	58.28	97.98	1.41	23.55	22.95
6/8/2020 10:17:07 AM	5.60	2.48	9.76	7.39	0.00	0.00	0.00	0.37	25.23	100.00	4.23	13.84	2970	2478	4391	222	0	0	0	0	10061	168.49	53.24	18.90	44.56	43.30	57.49	96.91	1.41	23.52	22.97
6/8/2020 10:17:09 AM	5.70	2.37	9.63	6.96	0.00	0.00	0.00	0.30	24.66	100.00	4.26	13.91	3020	2367	4333	209	0	0	0	0	9929	168.23	51.44	17.32	42.66	41.70	55.71	94.21	1.42	23.49	22.89
6/8/2020 10:17:12 AM	6.33	2.18	8.91	7.00	0.00	0.00	0.00	0.29	24.42	100.00	4.29	14.01	3353	2184	4010	210	0	0	0	0	9757	169.05	50.07	16.42	41.50	41.17	55.17	93.09	1.42	23.47	22.95
6/8/2020 10:17:14 AM	7.11	2.45	8.72	7.10	0.00	0.00	0.00	0.31	25.38	100.00	4.31	14.08	3766	2450	3924	213	0	0	0	0	10353	169.24	50.58	18.06	43.88	42.52	56.44	95.41	1.42	23.44	22.92
6/8/2020 10:17:17 AM	6.28	2.89	8.96	6.74	0.00	0.00	0.00	0.52	24.87	100.00	4.33	14.05	3330	2893	4031	202	0	0	0	0	10456	168.71	50.36	19.04	45.08	43.60	55.96	94.03	1.42	23.41	22.90
6/8/2020 10:17:19 AM	6.48	3.69	8.96	5.60	0.00	0.00	0.00	0.58	24.74	100.00	4.36	13.94	3433	3693	4034	168	0	0	0	0	11328	168.82	47.68	19.11	46.57	43.18	54.52	90.48	1.43	23.40	22.89
6/8/2020 10:17:21 AM	6.82	3.18	7.51	5.95	0.00	0.00	0.00	0.69	23.46	100.00	4.37	13.69	3615	3180	3381	178	0	0	0	0	10355	168.70	45.39	18.01	43.72	42.46	52.84	87.37	1.43	23.36	22.90
6/8/2020 10:17:24 AM	7.24	3.27	6.79	5.62	0.00	0.00	0.00	0.89	22.92	100.00	4.41	13.56	3839	3267	3055	169	0	0	0	0	10329	168.77	43.54	16.82	42.83	43.41	52.01	85.79	1.43	23.33	22.90
6/8/2020 10:17:26 AM	7.77	2.79	6.03	5.69	0.00	0.00	0.00	0.91	22.27	100.00	4.44	13.56	4116	2795	2712	171	0	0	0	0	9794	168.77	41.91	15.80	40.36	42.81	50.15	84.40	1.43	23.30	22.85
6/8/2020 10:17:28 AM	7.90	2.70	6.46	5.51	0.00	0.00	0.00	0.89	22.57	100.00	4.45	13.46	4186	2696	2907	165	0	0	0	0	9956	169.37	42.34	15.77	40.10	43.10	49.57	85.74	1.44	23.27	22.85
6/8/2020 10:17:31 AM	7.69	3.15	7.30	4.91	0.00	0.00	0.00	0.91	23.05	100.00	4.47	13.31	4077	3149	3285	147	0	0	0	0	10659	169.28	42.73	15.85	41.47	43.74	49.72	86.42	1.44	23.25	22.87
6/8/2020 10:17:33 AM	7.80	2.68	6.93	5.47	0.00	0.00	0.00	0.93	22.89	100.00	4.48	13.28	4133	2683	3120	164	0	0	0	0	10101	169.43	43.38	15.82	40.32	44.13	49.84	87.65	1.44	23.21	22.87
6/8/2020 10:17:36 AM	7.95	2.99	7.62	5.00	0.00	0.00	0.00	1.01	23.56	100.00	4.49	13.30	4211	2994	3428	150	0	0	0	0	10783	169.36	44.13	15.75	41.46	45.82	50.26	89.90	1.44	23.19	22.84
6/8/2020 10:17:38 AM	7.79	3.01	7.83	5.04	0.00	0.00	0.00	1.21	23.67	100.00	4.50	13.37	4127	3014	3525	151	0	0	0	0	10817	169.38	45.17	16.41	41.99	48.07	50.45	92.08	1.44	23.16	22.81
6/8/2020 10:17:40 AM	7.30	3.34	8.38	4.47	0.00	0.00	0.00	1.31	23.49	100.00	4.53	13.44	3872	3338	3772	134	0	0	0	0	11116	169.91	44.90	16.27	42.37	48.54	49.69	91.30	1.44	23.13	22.84
6/8/2020 10:17:43 AM	7.58	3.16	8.08	4.54	0.00	0.00	0.00	1.31	23.36	100.00	4.54	13.44	4020	3156	3636	136	0	0	0	0	10948	170.16	44.50	15.38	41.37	48.47	49.58	91.19	1.44	23.09	22.84
6/8/2020 10:17:45 AM	6.96	3.48	8.51	4.03	0.00	0.00	0.00	1.48	22.97	100.00	4.55	13.37	3686	3480	3828	121	0	0	0	0	11115	170.06	44.16	16.22	42.05	49.37	48.30	90.23	1.45	23.07	22.77
6/8/2020 10:17:47 AM	7.32	2.96	7.70	4.13	0.00	0.00	0.00	1.47	22.11	100.00	4.57	13.36	3881	2956	3467	124	0	0	0	0	10427	170.24	42.38	14.54	39.01	48.23	46.52	88.08	1.45	23.04	22.77
6/8/2020 10:17:50 AM	6.76	2.78	6.83	4.44	0.00	0.00	0.00	1.53	20.81	100.00	4.57	13.39	3585	2779	3071	133	0	0	0	0	9569	170.34	40.94	14.68	37.75	46.95	45.47	84.23	1.45	23.01	22.79
6/8/2020 10:17:52 AM	6.88	3.03	7.80	4.41	0.00	0.00	0.00	1.33	22.12	100.00	4.58	13.38	3648	3035	3509	132	0	0	0	0	10324	170.60	42.91	15.11	39.74	46.87	47.49	87.22	1.45	22.97	22.79
6/8/2020 10:17:55 AM	6.40	3.12	7.28	4.74	0.00	0.00	0.00	1.40	21.54	100.00	4.59	13.39	3394	3122	3275	142	0	0	0	0	9932	170.67	42.64	15.74	40.16	46.61	48.03	85.39	1.45	22.95	22.77
6/8/2020 10:17:57 AM	7.07	2.81	6.61	4.48	0.00	0.00	0.00	1.28	20.97	100.00	4.60	13.45	3745	2811	2975	134	0	0	0	0	9666	170.89	40.09	14.43	37.82	44.49	45.72	82.39	1.45	22.90	22.72
6/8/2020 10:17:59 AM	7.15	2.50	6.02	4.74	0.00	0.00	0.00	1.32	20.41	100.00	4.63	13.44	3792	2502	2707	142	0	0	0	0	9143	170.81	39.40	14.17	36.49	44.27	44.96	81.44	1.45	22.89	22.72
6/8/2020 10:18:02 AM	6.52	3.08	6.87	4.32	0.00	0.00	0.00	1.40	20.78	100.00	4.66	13.40	3454	3076	3093	129	0	0	0	0	9752	171.10	40.37	14.83	38.60	45.28	45.89	82.08	1.46	22.86	22.76
6/8/2020 10:18:04 AM	5.96	2.67	6.40	4.90	0.00	0.00	0.00	1.42	19.92	100.00	4.70	13.32	3159	2668	2879	147	0	0	0	0	8853	171.27	40.47	14.75	37.10	44.59	45.64	80.79	1.46	22.82	22.72
6/8/2020 10:18:06 AM	5.60	1.97	4.52	5.20	0.00	0.00	0.00	1.45	17.29	100.00	4.75	13.02	2969	1970	2035	156	0	0	0	0	7130	171.04	36.26	13.10	32.26	41.20	41.89	72.74	1.47	22.79	22.74
6/8/2020 10:18:09 AM	5.55	2.05	3.26	4.25	0.00	0.00	0.00	1.48	15.10	100.00	4.79	12.82	2939	2048	1469	127	0	0	0	0	6583	171.14	30.35	11.72	29.27	37.70	36.82	63.12	1.47	22.77	22.70
6/8/2020 10:18:11 AM	5.29	2.25	3.34	3.52	0.00	0.00	0.00	1.51	14.40	100.00	4.83	12.89	2803	2255	1501	106	0	0	0	0	6664	171.52	28.32	10.66	28.27	36.58	34.82	59.66	1.47	22.73	22.69
6/8/2020 10:18:14 AM	5.00	2.22	3.22	3.59	0.00	0.00	0.00	1.58	14.02	100.00	4.87	13.05	2649	2216	1448	108	0	0	0	0	6420	172.02	28.22	10.99	28.06	36.81	34.41	59.08	1.48	22.70	22.67
6/8/2020 10:18:16 AM	5.80	2.36	3.17	3.61	0.00	0.00	0.00	1.56	14.93	100.00	4.90	13.16	3075	2357	1425	108	0	0	0	0	6966	171.96	28.71	11.22	29.35	37.79	35.71	61.42	1.48	22.69	22.67
6/8/2020 10:18:18 AM	6.78	2.76	3.08	3.65	0.00	0.00	0.00	1.46	16.27	100.00	4.95	13.18	3596	2755	1388	109	0	0	0	0	7848	171.63	29.26	11.91	32.01	38.35	38.11	63.68	1.48	22.65	22.66
6/8/2020 10:18:21 AM	6.15	1.91	2.39	3.75	0.00	0.00	0.00	1.39	14.21	100.00	5.01	13.03	3261	1915	1075	113	0	0	0	0	6363	171.61	26.73	10.33	27.00	35.15	33.97	58.26	1.49	22.61	22.64
6/8/2020 10:18:23 AM	5.74	2.01	2.99	3.40	0.00	0.00	0.00	1.36	14.13	100.00	5.07	12.58	3041	2006	1345	102	0	0	0	0	6493	171.41	26.77	10.57	27.01	34.75	32.94	57.80	1.50	22.58	22.61
6/8/2020 10:18:26 AM	5.30	2.39	3.37	3.10	0.00	0.00	0.00	1.49	14.16	100.00	5.12	12.25	2808	2389	1516	93	0	0	0	0	6806	171.44	27.14	10.56	28.07	35.86	33.56	57.92	1.50	22.56	22.62
6/8/2020 10:18:28 AM	5.14	2.07	2.83	3.26	0.00	0.00	0.00	1.45	13.29	100.00	5.19	12.24	2726	2067	1271	98	0	0	0	0	6162	171.43	25.88	9.93	26.19	34.28	32.24	55.26	1.51	22.54	22.60
6/8/2020 10:18:30 AM	4.28	1.67	1.90	2.95	0.00	0.00	0.00	1.47	10.81	100.00	5.23	11.80	2268	1675	855	89	0	0	0	0	4886	172.13	21.95	8.23	21.91	30.84	27.90	47.10	1.51	22.50	22.62
6/8/2020 10:18:33 AM	3.85	1.66	1.44	2.78	0.00	0.00	0.00	1.49	9.72	100.00	5.27	11.52	2039	1661	646	83	0	0	0	0	4429	172.55	20.05	8.10	20.77	29.33	26.05	43.06	1.52	22.47	22.60
6/8/2020 10:18:35 AM	3.90	1.89	1.94	2.42	0.00	0.00	0.00	1.38	10.16	100.00	5.30	11.86	2069	1893	874	73	0	0	0	0	4910	172.77	20.06	8.07	21.51	28.68	26.10	43.07	1.52	22.43	22.57
6/8/2020 10:18:37 AM	3.91	1.74	1.45	2.72	0.00	0.00	0.00	1.48	9.82	100.00	5.34	12.18	2072	1744	652	82	0	0	0	0	4549	172.41	19.99	7.95	21.01	29.33	26.32	43.02	1.52	22.40	22.55
6/8/2020 10:18:40 AM	3.81	1.55	1.29	2.64	0.00	0.00	0.00	1.44	9.29	100.00	5.37	12.37	2021	1551	579	79	0	0	0	0	4231	172.52	19.03	7.53	19.68	28.18	24.93	41.24	1.53	22.37	22.55
6/8/2020 10:18:42 AM	4.13	1.54	1.02	2.78	0.00	0.00	0.00	1.46	9.47	100.00	5.40	12.46	2187	1541	459	83	0	0	0	0	4271	172.55	19.06	7.66	19.97	28.64	25.43	41.86	1.53	22.34	22.52
6/8/2020 10:18:45 AM	3.90	1.55	0.96	2.78	0.00	0.00	0.00	1.47	9.18	100.00	5.43	12.50	2067	1548	430	83	0	0	0	0	4129	172.32	18.79	7.55	19.72	28.25	25.22	40.88	1.53	22.30	22.56
6/8/2020 10:18:47 AM	4.06	1.44	1.34	2.74	0.00	0.00	0.00	1.40	9.58	100.00	5.46	12.49	2152	1442	602	82	0	0	0	0	4279	172.30	19.44	7.46	19.61	28.35	25.20	42.38	1.53	22.27	22.52
6/8/2020 10:18:49 AM	4.21	1.47	1.52	3.04	0.00	0.00	0.00	1.45	10.24	100.00	5.48	12.44	2232	1471	683	91	0	0	0	0	4477	172.42	21.06	7.95	20.74	29.91	26.92	45.37	1.54	22.25	22.54
6/8/2020 10:18:52 AM	4.05	2.10	2.23	2.51	0.00	0.00	0.00	1.48	10.89	100.00	5.52	12.44	2144	2103	1002	75	0	0	0	0	5325	172.22	21.55	8.82	23.23	30.75	27.71	46.08	1.54	22.22	22.51
6/8/2020 10:18:54 AM	3.80	1.96	2.01	2.47	0.00	0.00	0.00	1.47	10.24	100.00	5.57	12.46	2015	1961	903	74	0	0	0	0	4953	172.57	20.62	8.26	21.97	29.69	26.65	44.00	1.55	22.18	22.50
6/8/2020 10:18:56 AM	4.17	1.60	1.27	2.75	0.00	0.00	0.00	1.43	9.79	100.00	5.61	12.40	2208	1605	573	82	0	0	0	0	4468	172.55	19.56	7.90	20.50	28.80	25.79	42.73	1.55	22.16	22.46
6/8/2020 10:18:59 AM	3.92	1.44	1.09	2.97	0.00	0.00	0.00	1.45	9.42	100.00	5.64	12.16	2077	1439	489	89	0	0	0	0	4094	172.60	19.60	7.90	19.88	28.64	25.62	42.25	1.55	22.13	22.46
6/8/2020 10:19:01 AM	3.49	1.26	0.50	3.10	0.00	0.00	0.00	1.45	8.36	100.00	5.68	12.19	1852	1263	227	93	0	0	0	0	3435	172.58	18.20	7.31	18.32	27.03	24.54	38.74	1.56	22.10	22.45
6/8/2020 10:19:04 AM	3.46	1.56	1.14	2.98	0.00	0.00	0.00	1.42	9.14	100.00	5.72	12.27	1836	1559	512	89	0	0	0	0	3997	172.58	19.47	8.14	20.16	27.80	25.70	40.79	1.56	22.06	22.43
6/8/2020 10:19:06 AM	3.91	1.67	1.03	2.97	0.00	0.00	0.00	1.44	9.57	100.00	5.77	12.08	2072	1667	462	89	0	0	0	0	4290	172.13	19.56	8.42	20.95	28.54	26.27	41.88	1.57	22.03	22.46
6/8/2020 10:19:08 AM	3.33	1.55	1.04	2.96	0.00	0.00	0.00	1.41	8.87	100.00	5.82	11.89	1764	1546	467	89	0	0	0	0	3865	172.49	19.07	8.03	19.84	27.33	25.35	39.77	1.57	22.00	22.43
6/8/2020 10:19:11 AM	3.54	1.49	0.79	2.92	0.00	0.00	0.00	1.39	8.74	100.00	5.87	11.91	1878	1488	357	87	0	0	0	0	3811	172.88	18.34	7.95	19.44	26.83	24.75	38.96	1.58	21.97	22.40
6/8/2020 10:19:13 AM	3.11	1.44	1.01	2.85	0.00	0.00	0.00	1.41	8.41	100.00	5.91	11.92	1646	1443	454	86	0	0	0	0	3628	173.11	18.45	7.46	18.79	26.66	24.42	38.39	1.58	21.95	22.39
6/8/2020 10:19:15 AM	2.69	1.14	0.31	3.39	0.00	0.00	0.00	1.38	7.53	100.00	5.95	11.91	1425	1145	138	102	0	0	0	0	2809	173.11	17.86	7.68	17.67	25.26	24.06	35.96	1.58	21.91	22.38
6/8/2020 10:19:18 AM	2.71	1.27	0.37	3.27	0.00	0.00	0.00	1.36	7.62	100.00	5.98	11.88	1438	1274	166	98	0	0	0	0	2975	172.93	17.70	7.90	18.15	25.15	24.07	35.71	1.59	21.87	22.38
6/8/2020 10:19:20 AM	2.82	1.60	0.96	2.78	0.00	0.00	0.00	1.40	8.16	100.00	6.01	11.91	1493	1603	431	83	0	0	0	0	3611	172.94	18.01	7.77	19.18	26.08	24.31	36.91	1.59	21.83	22.35
6/8/2020 10:19:23 AM	2.79	1.29	0.48	3.40	0.00	0.00	0.00	1.39	7.96	100.00	6.05	11.96	1478	1292	217	102	0	0	0	0	3089	173.05	18.53	8.14	18.72	25.98	24.90	37.28	1.59	21.83	22.34
6/8/2020 10:19:25 AM	3.00	1.58	0.71	3.25	0.00	0.00	0.00	1.36	8.53	100.00	6.08	11.97	1588	1579	320	97	0	0	0	0	3584	173.24	18.83	8.72	20.20	26.28	25.66	38.09	1.60	21.79	22.33
6/8/2020 10:19:27 AM	2.92	1.47	0.51	3.55	0.00	0.00	0.00	1.38	8.45	100.00	6.13	11.95	1548	1466	229	107	0	0	0	0	3350	172.87	19.25	8.63	20.03	26.50	26.31	38.45	1.60	21.75	22.33
6/8/2020 10:19:30 AM	3.17	1.51	0.57	3.37	0.00	0.00	0.00	1.38	8.62	100.00	6.18	11.80	1678	1513	256	101	0	0	0	0	3549	172.86	19.02	8.48	20.08	26.70	26.08	38.74	1.61	21.71	22.30
6/8/2020 10:19:32 AM	3.68	1.61	0.69	3.57	0.00	0.00	0.00	1.38	9.54	100.00	6.22	11.77	1948	1608	310	107	0	0	0	0	3974	172.56	20.30	8.82	21.45	28.01	27.90	41.78	1.61	21.70	22.25
6/8/2020 10:19:35 AM	4.28	2.05	1.06	4.81	0.00	0.00	0.00	1.45	12.19	100.00	6.25	11.83	2268	2046	476	144	0	0	0	0	4934	172.57	25.98	11.51	27.33	32.77	35.45	51.54	1.61	21.66	22.28
6/8/2020 10:19:37 AM	4.30	2.11	0.98	4.96	0.00	0.00	0.00	1.52	12.35	100.00	6.28	11.78	2278	2112	441	149	0	0	0	0	4980	172.42	26.49	12.30	28.17	33.70	36.01	52.51	1.62	21.63	22.26
6/8/2020 10:19:39 AM	4.36	2.58	1.45	4.34	0.00	0.00	0.00	1.48	12.73	100.00	6.31	11.63	2311	2580	652	130	0	0	0	0	5672	172.18	25.94	12.27	29.40	33.40	35.91	51.83	1.62	21.60	22.24
6/8/2020 10:19:42 AM	4.20	1.97	0.98	4.50	0.00	0.00	0.00	1.45	11.64	100.00	6.36	11.49	2226	1967	439	135	0	0	0	0	4767	172.36	24.65	11.37	26.26	31.87	33.47	49.49	1.62	21.58	22.21
6/8/2020 10:19:44 AM	4.34	1.88	1.11	4.15	0.00	0.00	0.00	1.37	11.48	100.00	6.39	11.38	2299	1879	500	125	0	0	0	0	4802	172.40	23.72	10.46	25.12	30.79	32.19	48.33	1.63	21.54	22.19
6/8/2020 10:19:46 AM	3.92	1.78	1.15	2.97	0.00	0.00	0.00	1.46	9.81	100.00	6.50	10.76	2076	1778	518	89	0	0	0	0	4461	172.79	20.01	8.50	21.56	29.05	26.94	42.65	1.64	21.51	22.20
6/8/2020 10:19:49 AM	3.65	1.60	0.92	2.01	0.00	0.00	0.00	1.51	8.18	100.00	6.59	9.98	1935	1602	414	60	0	0	0	0	4011	173.12	16.28	6.78	18.07	26.97	22.02	36.90	1.65	21.47	22.18
6/8/2020 10:19:51 AM	3.32	1.37	0.68	1.97	0.00	0.00	0.00	1.44	7.33	100.00	6.67	9.85	1758	1372	305	59	0	0	0	0	3494	173.27	15.01	6.25	16.35	25.13	20.35	33.96	1.65	21.43	22.15
6/8/2020 10:19:54 AM	3.01	1.30	0.73	1.61	0.00	0.00	0.00	1.48	6.65	100.00	6.81	9.90	1595	1301	328	48	0	0	0	0	3272	173.32	13.89	5.50	14.95	24.46	18.57	31.90	1.67	21.41	22.20
6/8/2020 10:19:56 AM	2.46	1.10	0.41	1.19	0.00	0.00	0.00	1.48	5.16	100.00	6.91	9.79	1301	1102	185	36	0	0	0	0	2624	173.53	11.30	4.47	12.26	22.25	15.25	26.79	1.68	21.36	22.15
6/8/2020 10:19:58 AM	2.32	1.25	0.83	0.99	0.00	0.00	0.00	1.46	5.39	100.00	6.97	9.84	1230	1250	371	30	0	0	0	0	2882	173.48	11.69	4.50	12.78	22.40	15.43	27.27	1.68	21.34	22.11
6/8/2020 10:20:01 AM	2.33	1.00	0.39	1.19	0.00	0.00	0.00	1.43	4.91	100.00	7.04	9.90	1237	1002	176	36	0	0	0	0	2451	172.90	10.98	4.35	11.67	21.52	14.67	25.93	1.69	21.31	22.11
6/8/2020 10:20:03 AM	2.17	1.19	0.67	0.90	0.00	0.00	0.00	1.48	4.94	100.00	7.10	9.97	1152	1191	303	27	0	0	0	0	2673	173.27	10.91	4.25	12.03	21.84	14.50	25.78	1.70	21.27	22.09
6/8/2020 10:20:05 AM	2.30	1.30	0.96	0.63	0.00	0.00	0.00	1.47	5.19	100.00	7.16	10.08	1220	1304	432	19	0	0	0	0	2974	173.55	10.92	4.00	12.25	22.10	14.39	26.28	1.70	21.23	22.06
6/8/2020 10:20:08 AM	2.34	1.09	0.60	0.79	0.00	0.00	0.00	1.44	4.82	100.00	7.21	10.22	1242	1088	272	24	0	0	0	0	2626	173.39	10.32	3.88	11.32	21.28	13.74	25.18	1.71	21.20	22.08
6/8/2020 10:20:10 AM	2.06	0.90	0.36	0.91	0.00	0.00	0.00	1.47	4.23	100.00	7.28	10.28	1092	904	160	27	0	0	0	0	2183	173.57	9.88	3.67	10.27	20.85	13.00	23.91	1.71	21.17	22.04
6/8/2020 10:20:13 AM	1.96	0.98	0.35	0.85	0.00	0.00	0.00	1.44	4.13	100.00	7.39	9.93	1037	976	159	25	0	0	0	0	2198	173.46	9.60	3.70	10.38	20.38	12.90	23.10	1.72	21.13	22.04
6/8/2020 10:20:15 AM	1.01	0.81	0.26	0.42	0.00	0.00	0.00	1.33	2.51	100.00	7.52	9.52	538	806	119	13	0	0	0	0	1475	173.30	7.06	2.62	7.65	16.84	9.61	16.85	1.74	21.10	22.03
6/8/2020 10:20:17 AM	0.73	0.83	0.44	0.18	0.00	0.00	0.00	1.30	2.18	100.00	7.58	9.32	387	827	197	5	0	0	0	0	1416	173.65	6.49	2.35	7.11	16.00	8.65	15.39	1.74	21.07	22.00
6/8/2020 10:20:20 AM	0.70	0.82	0.47	0.15	0.00	0.00	0.00	1.31	2.13	100.00	7.61	9.41	371	819	209	4	0	0	0	0	1404	173.65	6.44	2.28	7.00	16.02	8.51	15.33	1.75	21.04	21.98
6/8/2020 10:20:22 AM	0.47	0.72	0.26	0.21	0.00	0.00	0.00	1.29	1.65	100.00	7.65	9.61	248	715	115	6	0	0	0	0	1085	173.96	5.86	2.22	6.29	15.22	7.82	13.77	1.75	21.01	21.96
6/8/2020 10:20:24 AM	0.58	0.81	0.46	0.05	0.00	0.00	0.00	1.28	1.90	100.00	7.69	9.83	310	808	206	2	0	0	0	0	1326	173.49	5.99	2.17	6.63	15.44	7.93	14.32	1.75	20.96	21.98
6/8/2020 10:20:27 AM	0.69	0.61	0.06	0.36	0.00	0.00	0.00	1.27	1.73	100.00	7.74	10.07	365	615	27	11	0	0	0	0	1018	173.56	5.90	2.10	6.10	15.20	8.09	14.12	1.76	20.93	21.95
6/8/2020 10:20:29 AM	0.65	0.71	0.21	0.23	0.00	0.00	0.00	1.28	1.80	100.00	7.78	10.24	345	710	93	7	0	0	0	0	1155	173.63	5.90	2.24	6.42	15.29	8.01	14.14	1.76	20.89	21.94
6/8/2020 10:20:32 AM	0.81	0.73	0.16	0.29	0.00	0.00	0.00	1.29	1.99	100.00	7.83	10.23	430	734	71	9	0	0	0	0	1245	173.59	6.09	2.29	6.72	15.63	8.45	14.77	1.77	20.87	21.90
6/8/2020 10:20:34 AM	0.74	0.81	0.26	0.16	0.00	0.00	0.00	1.30	1.98	100.00	7.85	9.93	394	814	116	5	0	0	0	0	1329	172.96	5.98	2.34	6.88	15.66	8.28	14.54	1.77	20.84	21.85
6/8/2020 10:20:36 AM	0.77	0.75	0.25	0.22	0.00	0.00	0.00	1.29	1.98	100.00	7.87	9.96	407	749	111	7	0	0	0	0	1273	172.86	6.10	2.25	6.69	15.71	8.30	14.79	1.77	20.81	21.85
6/8/2020 10:20:39 AM	0.77	0.75	0.16	0.25	0.00	0.00	0.00	1.28	1.93	100.00	7.91	10.29	410	745	74	8	0	0	0	0	1236	173.00	5.94	2.47	6.75	15.43	8.19	14.43	1.78	20.77	21.84
6/8/2020 10:20:41 AM	0.58	0.67	0.10	0.30	0.00	0.00	0.00	1.29	1.64	100.00	7.95	10.48	305	670	45	9	0	0	0	0	1028	172.65	5.79	2.35	6.27	15.17	7.87	13.78	1.78	20.74	21.84
6/8/2020 10:20:44 AM	0.61	0.63	0.00	0.30	0.00	0.00	0.00	1.27	1.53	100.00	7.98	10.57	321	631	0	9	0	0	0	0	961	172.88	5.47	2.18	5.96	14.81	7.66	13.25	1.78	20.71	21.84
6/8/2020 10:20:46 AM	0.51	0.71	0.23	0.13	0.00	0.00	0.00	1.26	1.58	100.00	8.04	10.58	273	706	106	4	0	0	0	0	1088	173.20	5.49	2.14	6.08	14.73	7.44	13.19	1.79	20.68	21.78
6/8/2020 10:20:48 AM	0.52	0.73	0.22	0.15	0.00	0.00	0.00	1.26	1.61	100.00	8.08	10.51	274	728	97	5	0	0	0	0	1103	173.15	5.56	2.18	6.22	14.82	7.62	13.28	1.79	20.65	21.79
6/8/2020 10:20:51 AM	0.39	0.67	0.21	0.20	0.00	0.00	0.00	1.27	1.47	100.00	8.14	10.24	204	674	94	6	0	0	0	0	979	173.43	5.61	2.04	5.93	14.80	7.56	13.12	1.80	20.61	21.78
6/8/2020 10:20:53 AM	0.62	0.74	0.27	0.16	0.00	0.00	0.00	1.28	1.80	100.00	8.16	9.90	331	744	121	5	0	0	0	0	1201	173.64	5.84	2.25	6.47	15.30	7.89	14.06	1.80	20.59	21.75
6/8/2020 10:20:55 AM	0.70	0.71	0.06	0.20	0.00	0.00	0.00	1.26	1.68	100.00	8.21	10.00	372	715	26	6	0	0	0	0	1119	173.62	5.42	2.18	6.27	14.85	7.75	13.35	1.80	20.55	21.74
6/8/2020 10:20:58 AM	0.49	0.74	0.12	0.15	0.00	0.00	0.00	1.29	1.50	100.00	8.25	10.07	260	741	54	4	0	0	0	0	1060	173.08	5.38	2.10	6.15	14.91	7.58	12.98	1.81	20.53	21.68
6/8/2020 10:21:00 AM	0.32	0.65	0.07	0.23	0.00	0.00	0.00	1.27	1.26	100.00	8.29	10.09	168	645	32	7	0	0	0	0	851	173.59	5.28	2.04	5.68	14.43	7.28	12.35	1.81	20.48	21.68
6/8/2020 10:21:03 AM	0.23	0.54	0.00	0.28	0.00	0.00	0.00	1.27	1.06	100.00	8.32	10.12	124	544	0	8	0	0	0	0	676	173.53	5.13	1.96	5.18	14.23	6.96	12.00	1.82	20.46	21.64
6/8/2020 10:21:05 AM	0.28	0.58	0.08	0.19	0.00	0.00	0.00	1.27	1.13	100.00	8.37	10.17	147	577	37	6	0	0	0	0	766	173.71	5.12	1.85	5.24	14.31	6.88	12.11	1.82	20.42	21.63
6/8/2020 10:21:07 AM	0.21	0.59	0.16	0.18	0.00	0.00	0.00	1.29	1.15	100.00	8.41	10.15	113	588	74	6	0	0	0	0	782	173.57	5.32	1.84	5.30	14.53	6.97	12.39	1.82	20.40	21.61
6/8/2020 10:21:10 AM	0.27	0.60	0.13	0.19	0.00	0.00	0.00	1.27	1.20	100.00	8.44	10.13	143	601	60	6	0	0	0	0	810	173.53	5.27	1.91	5.40	14.39	7.03	12.33	1.83	20.37	21.59
6/8/2020 10:21:12 AM	0.34	0.55	0.00	0.26	0.00	0.00	0.00	1.26	1.16	100.00	8.47	10.18	183	551	0	8	0	0	0	0	741	173.71	5.12	1.90	5.23	14.25	7.05	12.19	1.83	20.33	21.60
6/8/2020 10:21:14 AM	0.23	0.74	0.21	0.00	0.00	0.00	0.00	1.27	1.18	100.00	8.50	10.18	119	742	95	0	0	0	0	0	956	173.46	4.93	1.88	5.67	14.24	6.85	11.73	1.83	20.29	21.55
6/8/2020 10:21:17 AM	0.26	0.63	0.08	0.14	0.00	0.00	0.00	1.27	1.12	100.00	8.57	10.18	137	630	37	4	0	0	0	0	809	173.37	5.01	1.84	5.36	14.25	6.90	11.88	1.84	20.26	21.54
6/8/2020 10:21:19 AM	0.17	0.62	0.05	0.15	0.00	0.00	0.00	1.28	0.99	100.00	8.62	10.14	91	617	24	5	0	0	0	0	736	173.81	4.92	1.78	5.20	14.13	6.79	11.54	1.84	20.24	21.55
6/8/2020 10:21:22 AM	0.10	0.65	0.12	0.08	0.00	0.00	0.00	1.25	0.95	100.00	8.66	10.07	53	650	53	2	0	0	0	0	759	173.75	4.78	1.78	5.21	13.79	6.62	11.11	1.85	20.22	21.49
6/8/2020 10:21:24 AM	0.08	0.65	0.16	0.07	0.00	0.00	0.00	1.26	0.96	100.00	8.69	9.97	41	649	71	2	0	0	0	0	764	173.65	4.85	1.75	5.19	13.89	6.63	11.23	1.85	20.18	21.47
6/8/2020 10:21:26 AM	0.16	0.63	0.10	0.11	0.00	0.00	0.00	1.26	0.99	100.00	8.72	9.94	83	630	43	3	0	0	0	0	759	173.60	4.84	1.82	5.22	13.94	6.66	11.36	1.85	20.14	21.43
6/8/2020 10:21:29 AM	0.15	0.65	0.14	0.06	0.00	0.00	0.00	1.27	0.99	100.00	8.75	9.99	77	647	64	2	0	0	0	0	789	173.54	4.81	1.81	5.22	14.02	6.54	11.37	1.86	20.12	21.45
6/8/2020 10:21:31 AM	0.19	0.68	0.24	0.00	0.00	0.00	0.00	1.25	1.11	100.00	8.80	9.99	100	676	109	0	0	0	0	0	886	173.83	4.89	1.79	5.36	14.03	6.59	11.60	1.86	20.09	21.43
6/8/2020 10:21:33 AM	0.15	0.55	0.00	0.15	0.00	0.00	0.00	1.27	0.85	100.00	8.87	9.95	79	549	0	4	0	0	0	0	633	173.78	4.66	1.60	4.74	13.84	6.51	11.11	1.87	20.05	21.42
6/8/2020 10:21:36 AM	0.10	0.56	0.00	0.15	0.00	0.00	0.00	1.27	0.81	100.00	8.93	9.76	52	563	0	4	0	0	0	0	619	173.39	4.61	1.68	4.75	13.84	6.53	10.99	1.87	20.03	21.42
6/8/2020 10:21:38 AM	0.00	0.52	0.00	0.15	0.00	0.00	0.00	1.26	0.67	100.00	9.00	9.72	0	516	0	5	0	0	0	0	521	173.17	4.59	1.69	4.46	13.62	6.23	10.54	1.88	19.98	21.39
6/8/2020 10:21:41 AM	0.02	0.56	0.00	0.11	0.00	0.00	0.00	1.29	0.70	100.00	9.07	9.59	13	559	0	3	0	0	0	0	575	171.76	4.56	1.63	4.67	13.82	6.24	10.73	1.89	19.96	21.37
6/8/2020 10:21:43 AM	0.14	0.54	0.00	0.18	0.00	0.00	0.00	1.27	0.86	100.00	9.11	9.41	74	543	0	5	0	0	0	0	622	170.76	4.74	1.78	4.85	13.88	6.48	11.20	1.89	19.93	21.34
6/8/2020 10:21:45 AM	0.00	0.61	0.22	0.06	0.00	0.00	0.00	1.29	0.90	100.00	9.18	9.58	0	615	101	2	0	0	0	0	717	170.79	5.00	1.68	5.01	14.18	6.51	11.48	1.90	19.90	21.34
6/8/2020 10:21:48 AM	0.08	0.51	0.00	0.16	0.00	0.00	0.00	1.27	0.75	100.00	9.25	9.58	43	512	0	5	0	0	0	0	560	170.96	4.63	1.69	4.60	13.80	6.26	10.98	1.91	19.86	21.32
6/8/2020 10:21:50 AM	0.13	0.57	0.00	0.13	0.00	0.00	0.00	1.27	0.83	100.00	9.33	9.52	68	574	0	4	0	0	0	0	646	170.94	4.55	1.68	4.77	13.84	6.52	10.99	1.91	19.83	21.29
6/8/2020 10:21:52 AM	0.07	0.58	0.02	0.12	0.00	0.00	0.00	1.28	0.78	100.00	9.40	9.39	36	578	10	4	0	0	0	0	627	170.28	4.64	1.69	4.84	13.82	6.36	10.89	1.92	19.80	21.29
6/8/2020 10:21:55 AM	0.05	0.58	0.00	0.10	0.00	0.00	0.00	1.28	0.73	100.00	9.44	9.22	26	585	0	3	0	0	0	0	613	170.79	4.53	1.61	4.75	13.82	6.33	10.72	1.92	19.77	21.20
6/8/2020 10:21:57 AM	0.01	0.55	0.00	0.10	0.00	0.00	0.00	1.29	0.66	100.00	9.50	9.45	3	549	0	3	0	0	0	0	555	170.99	4.45	1.55	4.51	13.77	6.24	10.62	1.93	19.75	21.22
6/8/2020 10:22:00 AM	0.00	0.60	0.00	0.07	0.00	0.00	0.00	1.28	0.67	100.00	9.59	9.59	0	602	0	2	0	0	0	0	604	170.79	4.50	1.69	4.62	13.78	6.28	10.30	1.94	19.71	21.20
6/8/2020 10:22:02 AM	0.00	0.57	0.00	0.12	0.00	0.00	0.00	1.25	0.69	100.00	9.68	9.30	1	568	0	4	0	0	0	0	573	169.96	4.45	1.66	4.67	13.44	6.29	10.40	1.95	19.67	21.20
6/8/2020 10:22:04 AM	0.00	0.56	0.00	0.12	0.00	0.00	0.00	1.28	0.69	100.00	9.76	9.13	0	563	0	4	0	0	0	0	567	169.87	4.49	1.61	4.57	13.72	6.40	10.60	1.96	19.67	21.15
6/8/2020 10:22:07 AM	0.00	0.58	0.00	0.15	0.00	0.00	0.00	1.28	0.72	100.00	9.83	9.08	0	576	0	4	0	0	0	0	581	168.88	4.64	1.74	4.74	13.85	6.47	10.73	1.96	19.63	21.10
6/8/2020 10:22:09 AM	0.05	0.61	0.01	0.12	0.00	0.00	0.00	1.30	0.80	100.00	9.93	9.02	29	615	6	3	0	0	0	0	653	167.34	4.69	1.74	5.00	14.02	6.49	10.98	1.97	19.59	21.13
6/8/2020 10:22:12 AM	0.16	0.60	0.00	0.08	0.00	0.00	0.00	1.32	0.85	100.00	10.01	8.90	85	605	0	2	0	0	0	0	692	161.56	4.60	1.65	4.85	14.37	6.54	11.33	1.98	19.56	21.10
6/8/2020 10:22:14 AM	0.23	0.61	0.01	0.13	0.00	0.00	0.00	1.32	0.97	100.00	10.11	8.80	120	610	3	4	0	0	0	0	737	157.60	4.88	1.75	5.15	14.50	6.71	11.75	1.99	19.54	21.09
6/8/2020 10:22:16 AM	0.31	0.65	0.02	0.14	0.00	0.00	0.00	1.27	1.12	100.00	10.21	8.69	165	650	10	4	0	0	0	0	830	152.68	4.89	1.66	5.35	14.16	7.04	11.71	2.00	19.50	21.08
