Date/Time	Green Algae	Bluegreen	Diatoms	Cryptophyta	#5	#6	#7	Yellow substances	Total conc.	Transmission	Depth	Temp. Sample	Green Algae	Bluegreen	Diatoms	Cryptophyta	#5	#6	#7	Yellow substances	Total cell count	Trans. 700 nm	LED 3 [525 nm]	LED 4 [570 nm]	LED 5 [610 nm]	LED 6 [370 nm]	LED 7 [590 nm]	LED 8 [470 nm]	Pressure	Temp. LEDs	Temp. Sensor
date	µg/l	µg/l	µg/l	µg/l	µg/l	µg/l	µg/l	r.u.	µg/l	%	m	°C	cells/ml	cells/ml	cells/ml	cells/ml	cells/ml	cells/ml	cells/ml	r.u.	cells/ml	digits	digits	digits	digits	digits	digits	digits	bar	°C	°C
6/25/2020 11:20:48 AM	6.48	0.00	0.00	0.00	0.00	0.00	0.00	0.46	6.48	100.00	0.27	24.48	3435	0	0	0	0	0	0	0	3435	152.79	4.84	3.35	6.81	13.92	8.13	24.19	1.03	20.28	19.82
6/25/2020 11:20:50 AM	6.07	0.44	0.45	0.00	0.00	0.00	0.00	0.58	6.97	98.45	0.35	24.58	3219	442	203	0	0	0	0	0	3865	149.41	7.08	0.50	9.02	15.57	10.80	25.86	1.03	20.32	19.80
6/25/2020 11:20:52 AM	5.63	0.17	0.00	1.06	0.00	0.00	0.00	0.18	6.86	99.99	0.40	24.59	2985	165	0	32	0	0	0	0	3182	151.75	7.20	2.37	8.47	11.81	13.39	23.85	1.04	20.38	19.89
6/25/2020 11:20:55 AM	7.71	0.07	0.27	0.00	0.00	0.00	0.00	0.19	8.04	100.00	0.48	24.53	4086	67	121	0	0	0	0	0	4273	151.92	6.18	1.66	8.82	13.32	9.40	27.05	1.05	20.43	19.84
6/25/2020 11:20:57 AM	6.36	0.21	0.30	0.18	0.00	0.00	0.00	0.46	7.04	99.94	0.54	24.51	3369	207	134	5	0	0	0	0	3716	151.68	6.84	1.23	8.09	14.62	10.74	25.85	1.05	20.48	19.86
6/25/2020 11:21:00 AM	5.22	0.33	0.96	0.00	0.00	0.00	0.00	0.59	6.51	100.00	0.56	24.52	2765	331	431	0	0	0	0	0	3527	152.28	7.78	-1.03	7.42	15.21	11.37	25.39	1.06	20.54	19.89
6/25/2020 11:21:02 AM	6.15	0.09	0.56	0.00	0.00	0.00	0.00	0.60	6.80	100.00	0.60	24.41	3262	88	251	0	0	0	0	0	3601	152.03	7.33	0.40	9.55	15.93	7.45	26.68	1.06	20.57	19.89
6/25/2020 11:21:04 AM	7.47	0.17	0.00	0.00	0.00	0.00	0.00	0.27	7.64	99.86	0.62	24.23	3960	171	0	0	0	0	0	0	4131	151.55	4.58	2.86	8.13	13.62	10.10	25.85	1.06	20.62	19.91
6/25/2020 11:21:07 AM	6.04	0.06	0.73	0.00	0.00	0.00	0.00	0.37	6.83	100.00	0.64	24.13	3202	61	327	0	0	0	0	0	3590	151.89	6.77	1.37	7.72	13.61	8.86	25.18	1.06	20.66	19.91
6/25/2020 11:21:09 AM	4.85	0.00	0.71	0.59	0.00	0.00	0.00	0.52	6.16	100.00	0.66	24.15	2573	0	320	18	0	0	0	0	2911	152.12	8.04	2.62	6.64	14.32	10.66	25.33	1.06	20.72	19.97
6/25/2020 11:21:11 AM	6.76	0.00	0.43	0.36	0.00	0.00	0.00	0.26	7.55	99.56	0.67	24.25	3582	0	195	11	0	0	0	0	3788	151.09	7.25	1.29	7.69	13.53	11.08	26.92	1.07	20.77	19.96
6/25/2020 11:21:14 AM	5.40	0.43	1.07	0.00	0.00	0.00	0.00	0.49	6.90	100.00	0.68	24.25	2860	434	480	0	0	0	0	0	3774	151.94	7.79	1.80	8.85	14.79	10.76	25.71	1.07	20.81	19.98
6/25/2020 11:21:16 AM	7.92	0.10	0.00	0.16	0.00	0.00	0.00	0.24	8.18	100.00	0.71	24.21	4199	97	0	5	0	0	0	0	4301	153.01	5.68	2.55	8.36	14.08	11.01	27.72	1.07	20.87	19.98
6/25/2020 11:21:19 AM	6.87	0.13	0.01	0.00	0.00	0.00	0.00	0.48	7.01	99.83	0.75	24.11	3642	128	3	0	0	0	0	0	3774	151.51	5.91	1.20	8.06	14.79	9.15	25.63	1.07	20.91	20.02
6/25/2020 11:21:21 AM	6.67	0.21	0.00	0.00	0.00	0.00	0.00	0.48	6.88	99.97	0.76	24.02	3537	207	0	0	0	0	0	0	3744	151.71	5.59	0.81	7.74	14.50	9.93	24.93	1.07	20.97	20.06
6/25/2020 11:21:23 AM	6.47	0.31	0.66	0.00	0.00	0.00	0.00	0.29	7.45	100.00	0.79	23.96	3432	310	299	0	0	0	0	0	4041	151.86	6.81	2.24	9.02	13.49	10.14	25.74	1.08	21.01	20.03
6/25/2020 11:21:26 AM	6.42	0.00	0.44	0.00	0.00	0.00	0.00	0.45	6.86	100.00	0.80	24.14	3403	0	197	0	0	0	0	0	3600	152.02	6.47	0.46	6.97	14.31	8.78	25.98	1.08	21.04	20.07
6/25/2020 11:21:28 AM	6.16	0.43	0.45	0.13	0.00	0.00	0.00	0.34	7.17	100.00	0.82	24.39	3264	435	201	4	0	0	0	0	3904	152.62	6.73	2.39	9.33	13.52	10.80	24.80	1.08	21.09	20.08
6/25/2020 11:21:31 AM	5.31	0.13	0.29	0.29	0.00	0.00	0.00	0.46	6.03	100.00	0.83	24.33	2815	130	132	9	0	0	0	0	3086	151.96	6.47	1.62	7.31	13.31	9.68	22.97	1.08	21.15	20.08
6/25/2020 11:21:33 AM	5.89	0.00	0.00	0.89	0.00	0.00	0.00	0.32	6.78	99.83	0.85	24.15	3122	0	0	27	0	0	0	0	3149	151.51	7.68	2.59	7.45	12.94	11.63	25.25	1.08	21.20	20.14
6/25/2020 11:21:35 AM	6.56	0.15	0.43	0.00	0.00	0.00	0.00	0.32	7.15	99.27	0.86	23.96	3477	154	194	0	0	0	0	0	3826	150.65	6.30	1.32	7.84	13.42	9.80	25.21	1.08	21.24	20.13
6/25/2020 11:21:38 AM	6.92	0.00	0.00	0.09	0.00	0.00	0.00	0.43	7.01	100.00	0.87	23.76	3666	0	0	3	0	0	0	0	3669	152.03	5.93	2.10	6.55	14.15	9.29	25.90	1.09	21.29	20.14
6/25/2020 11:21:40 AM	6.72	0.26	0.00	0.00	0.00	0.00	0.00	0.46	6.98	99.57	0.88	23.81	3564	260	0	0	0	0	0	0	3824	151.12	5.79	1.65	8.24	14.44	9.77	24.99	1.09	21.33	20.14
6/25/2020 11:21:42 AM	7.17	0.27	0.00	0.00	0.00	0.00	0.00	0.32	7.44	99.36	0.93	23.92	3800	268	0	0	0	0	0	0	4068	150.79	5.19	2.62	9.02	13.76	9.55	25.34	1.09	21.39	20.17
6/25/2020 11:21:45 AM	5.12	0.03	1.48	0.00	0.00	0.00	0.00	0.34	6.63	100.00	0.95	24.11	2715	32	666	0	0	0	0	0	3413	152.13	7.99	1.44	8.01	13.32	8.31	25.33	1.09	21.43	20.22
6/25/2020 11:21:47 AM	6.67	0.12	0.64	0.00	0.00	0.00	0.00	0.21	7.44	99.21	0.98	24.21	3536	124	288	0	0	0	0	0	3949	150.56	6.59	1.21	8.31	12.74	9.56	25.54	1.10	21.47	20.23
6/25/2020 11:21:50 AM	5.44	0.34	1.11	0.10	0.00	0.00	0.00	0.42	7.00	98.98	0.98	24.19	2884	340	501	3	0	0	0	0	3728	150.21	8.01	1.51	8.57	14.31	11.03	25.92	1.10	21.52	20.23
6/25/2020 11:21:52 AM	6.84	0.15	0.00	0.23	0.00	0.00	0.00	0.35	7.21	100.00	0.98	24.14	3624	146	0	7	0	0	0	0	3777	152.14	5.65	1.57	7.49	13.87	11.20	25.48	1.10	21.58	20.27
6/25/2020 11:21:54 AM	7.29	0.08	0.00	0.23	0.00	0.00	0.00	0.22	7.61	99.55	1.01	24.06	3866	84	0	7	0	0	0	0	3957	151.08	5.82	2.18	8.17	13.12	10.47	25.89	1.10	21.61	20.33
6/25/2020 11:21:57 AM	7.74	0.12	0.00	0.05	0.00	0.00	0.00	0.24	7.91	99.74	1.02	24.10	4100	118	0	2	0	0	0	0	4220	151.37	5.77	1.78	8.37	13.62	10.22	26.67	1.10	21.67	20.34
6/25/2020 11:21:59 AM	5.85	0.03	0.00	0.81	0.00	0.00	0.00	0.46	6.69	100.00	1.04	24.11	3103	32	0	24	0	0	0	0	3160	152.71	7.24	2.55	7.93	14.49	11.75	25.68	1.10	21.72	20.33
6/25/2020 11:22:02 AM	6.06	0.00	0.00	0.54	0.00	0.00	0.00	0.42	6.60	100.00	1.06	24.18	3209	0	0	16	0	0	0	0	3226	151.99	6.77	2.00	6.71	13.62	10.74	25.01	1.10	21.76	20.42
6/25/2020 11:22:04 AM	5.51	0.03	0.54	0.25	0.00	0.00	0.00	0.61	6.33	99.80	1.05	24.26	2923	28	241	8	0	0	0	0	3199	151.47	7.29	2.81	7.70	15.39	8.96	25.67	1.10	21.83	20.37
6/25/2020 11:22:06 AM	6.11	0.00	0.86	0.17	0.00	0.00	0.00	0.38	7.14	100.00	1.06	24.21	3237	0	385	5	0	0	0	0	3627	151.99	7.59	1.79	7.55	14.31	9.92	26.86	1.10	21.85	20.43
6/25/2020 11:22:09 AM	5.97	0.00	0.00	0.54	0.00	0.00	0.00	0.43	6.51	99.97	1.06	24.12	3163	0	0	16	0	0	0	0	3179	151.71	6.53	2.50	7.12	13.76	10.42	24.74	1.10	21.89	20.38
6/25/2020 11:22:11 AM	6.42	0.04	0.06	0.32	0.00	0.00	0.00	0.38	6.84	100.00	1.06	23.98	3404	45	25	10	0	0	0	0	3483	152.66	6.30	2.34	7.93	13.60	9.63	24.89	1.10	21.94	20.53
6/25/2020 11:22:13 AM	5.33	0.00	1.05	0.33	0.00	0.00	0.00	0.27	6.71	100.00	1.09	23.85	2826	0	471	10	0	0	0	0	3307	152.47	7.74	2.53	7.64	12.64	9.65	24.97	1.11	21.98	20.43
6/25/2020 11:22:16 AM	6.05	0.30	0.82	0.00	0.00	0.00	0.00	0.39	7.17	100.00	1.12	23.82	3207	295	370	0	0	0	0	0	3872	152.86	7.29	1.56	9.18	14.16	9.67	25.86	1.11	22.02	20.57
6/25/2020 11:22:18 AM	7.26	0.00	0.00	0.33	0.00	0.00	0.00	0.33	7.59	99.70	1.15	23.96	3846	0	0	10	0	0	0	0	3856	151.30	5.72	3.70	7.41	14.31	10.67	27.22	1.11	22.08	20.51
6/25/2020 11:22:21 AM	6.21	0.00	0.30	0.31	0.00	0.00	0.00	0.36	6.83	99.67	1.21	24.04	3293	0	136	9	0	0	0	0	3437	151.27	6.56	3.36	7.84	13.46	9.09	25.17	1.12	22.12	20.48
6/25/2020 11:22:23 AM	6.78	0.30	0.62	0.07	0.00	0.00	0.00	0.35	7.76	100.00	1.24	24.07	3591	297	277	2	0	0	0	0	4167	154.10	7.15	3.35	9.66	14.53	10.10	27.24	1.12	22.16	20.49
6/25/2020 11:22:25 AM	7.32	0.08	0.71	0.00	0.00	0.00	0.00	0.13	8.11	100.00	1.28	24.08	3880	81	320	0	0	0	0	0	4281	152.53	6.89	0.78	8.23	12.88	10.53	27.26	1.13	22.20	20.62
6/25/2020 11:22:28 AM	6.58	0.30	0.96	0.00	0.00	0.00	0.00	0.23	7.84	100.00	1.31	23.99	3486	298	432	0	0	0	0	0	4216	153.61	7.49	1.93	9.71	13.54	10.13	26.90	1.13	22.24	20.56
6/25/2020 11:22:30 AM	6.46	0.00	0.00	0.65	0.00	0.00	0.00	0.49	7.11	100.00	1.35	23.94	3425	0	0	20	0	0	0	0	3445	152.51	7.29	2.61	7.96	15.31	11.34	27.24	1.13	22.30	20.57
6/25/2020 11:22:32 AM	5.44	0.21	1.22	0.18	0.00	0.00	0.00	0.49	7.05	100.00	1.37	23.94	2884	206	548	6	0	0	0	0	3643	152.78	8.58	1.54	8.28	15.21	10.96	27.22	1.13	22.33	20.59
6/25/2020 11:22:35 AM	7.66	0.24	0.00	0.34	0.00	0.00	0.00	0.34	8.24	100.00	1.38	23.94	4060	236	0	10	0	0	0	0	4306	152.52	6.95	2.26	9.50	15.06	11.92	28.49	1.14	22.36	20.66
6/25/2020 11:22:37 AM	7.90	0.17	0.32	0.20	0.00	0.00	0.00	0.29	8.59	100.00	1.38	23.90	4187	172	143	6	0	0	0	0	4508	152.10	7.37	2.04	9.47	15.20	11.52	29.67	1.14	22.41	20.66
6/25/2020 11:22:40 AM	7.37	0.11	0.09	0.66	0.00	0.00	0.00	0.30	8.23	100.00	1.44	23.91	3907	107	41	20	0	0	0	0	4075	152.28	7.91	2.56	9.62	14.92	12.29	29.04	1.14	22.45	20.69
6/25/2020 11:22:42 AM	7.47	0.51	0.63	0.27	0.00	0.00	0.00	0.54	8.88	100.00	1.49	23.99	3959	515	282	8	0	0	0	0	4763	152.21	8.96	3.08	11.42	18.04	13.07	32.03	1.15	22.49	20.67
6/25/2020 11:22:44 AM	7.77	0.00	0.00	0.83	0.00	0.00	0.00	0.38	8.61	100.00	1.49	23.85	4121	0	0	25	0	0	0	0	4145	153.08	8.57	3.10	9.76	16.36	12.72	31.35	1.15	22.53	20.73
6/25/2020 11:22:47 AM	7.89	0.00	0.00	0.85	0.00	0.00	0.00	0.37	8.73	100.00	1.51	23.69	4179	0	0	25	0	0	0	0	4205	151.85	8.96	3.83	9.23	16.11	12.54	31.91	1.15	22.57	20.73
6/25/2020 11:22:49 AM	8.75	0.00	0.00	0.59	0.00	0.00	0.00	0.35	9.34	100.00	1.52	23.62	4639	0	0	18	0	0	0	0	4656	152.42	8.21	3.93	9.93	16.88	12.15	33.21	1.15	22.60	20.79
6/25/2020 11:22:51 AM	8.03	0.35	0.96	0.00	0.00	0.00	0.00	0.39	9.34	100.00	1.53	23.55	4256	346	433	0	0	0	0	0	5034	153.68	8.76	2.46	10.93	17.23	11.92	32.84	1.15	22.65	20.77
6/25/2020 11:22:54 AM	8.43	0.05	0.40	0.67	0.00	0.00	0.00	0.42	9.54	100.00	1.55	23.38	4467	45	181	20	0	0	0	0	4713	152.93	9.53	3.58	10.91	18.17	12.95	34.78	1.15	22.68	20.80
6/25/2020 11:22:56 AM	7.38	0.38	1.12	0.49	0.00	0.00	0.00	0.45	9.36	100.00	1.58	23.09	3910	378	504	15	0	0	0	0	4806	152.19	10.46	2.92	11.49	18.08	14.07	34.09	1.16	22.73	20.83
6/25/2020 11:22:59 AM	8.23	0.54	1.30	0.33	0.00	0.00	0.00	0.34	10.40	100.00	1.66	22.35	4362	536	584	10	0	0	0	0	5492	152.98	10.72	3.50	12.88	18.31	14.69	36.10	1.16	22.77	20.84
6/25/2020 11:23:01 AM	9.59	0.58	0.56	0.34	0.00	0.00	0.00	0.33	11.07	99.84	1.72	21.68	5084	582	251	10	0	0	0	0	5927	151.51	9.78	3.52	13.53	18.93	15.20	37.18	1.17	22.80	20.87
6/25/2020 11:23:03 AM	8.68	0.40	0.87	0.77	0.00	0.00	0.00	0.43	10.72	99.88	1.78	21.59	4601	398	391	23	0	0	0	0	5413	151.58	11.48	3.68	13.18	19.88	15.93	38.31	1.17	22.83	20.88
6/25/2020 11:23:06 AM	9.83	0.03	0.00	1.04	0.00	0.00	0.00	0.35	10.89	100.00	1.81	21.57	5209	27	0	31	0	0	0	0	5267	153.28	10.28	4.24	12.41	19.33	15.03	38.52	1.18	22.86	20.92
6/25/2020 11:23:08 AM	8.01	0.74	2.19	0.00	0.00	0.00	0.00	0.45	10.94	100.00	1.84	21.63	4245	739	987	0	0	0	0	0	5971	152.04	12.14	3.77	13.85	20.24	15.00	38.84	1.18	22.90	20.89
6/25/2020 11:23:11 AM	9.35	0.00	0.00	1.29	0.00	0.00	0.00	0.42	10.65	100.00	1.85	21.62	4957	0	0	39	0	0	0	0	4996	153.10	11.05	4.70	12.42	19.82	15.48	38.78	1.18	22.94	20.98
6/25/2020 11:23:13 AM	8.96	0.61	2.05	0.00	0.00	0.00	0.00	0.40	11.61	100.00	1.87	21.64	4748	606	921	0	0	0	0	0	6276	152.96	12.12	3.99	14.16	20.80	14.70	40.83	1.18	22.97	20.97
6/25/2020 11:23:15 AM	8.36	0.71	2.29	0.09	0.00	0.00	0.00	0.43	11.45	100.00	1.89	21.76	4430	713	1033	3	0	0	0	0	6178	152.85	12.83	3.36	14.08	20.88	15.97	40.65	1.19	23.00	21.05
6/25/2020 11:23:18 AM	9.33	0.12	0.62	0.85	0.00	0.00	0.00	0.44	10.92	100.00	1.92	21.78	4944	119	281	25	0	0	0	0	5370	152.08	11.35	3.24	12.29	20.41	15.53	39.65	1.19	23.04	20.99
6/25/2020 11:23:20 AM	10.60	0.20	0.39	0.58	0.00	0.00	0.00	0.40	11.77	100.00	1.93	21.80	5618	197	177	17	0	0	0	0	6010	153.34	10.60	3.88	13.18	20.98	15.09	41.22	1.19	23.07	21.04
6/25/2020 11:23:22 AM	10.37	0.25	0.00	1.07	0.00	0.00	0.00	0.34	11.70	99.79	1.96	21.80	5496	253	0	32	0	0	0	0	5781	151.44	10.89	3.96	13.68	20.25	17.00	40.43	1.19	23.10	21.08
6/25/2020 11:23:25 AM	9.93	0.75	1.55	0.00	0.00	0.00	0.00	0.41	12.23	100.00	1.99	21.72	5264	746	697	0	0	0	0	0	6707	152.99	11.65	3.42	14.73	21.46	16.07	41.84	1.20	23.13	21.08
6/25/2020 11:23:27 AM	10.88	0.22	0.00	1.07	0.00	0.00	0.00	0.41	12.17	100.00	2.04	21.43	5769	220	0	32	0	0	0	0	6021	152.83	11.30	3.64	13.78	21.63	17.61	42.59	1.20	23.16	21.08
6/25/2020 11:23:30 AM	10.51	0.51	0.55	0.51	0.00	0.00	0.00	0.47	12.08	100.00	2.06	21.02	5571	510	246	15	0	0	0	0	6343	153.32	11.19	3.48	14.28	21.92	16.68	41.97	1.20	23.20	21.09
6/25/2020 11:23:32 AM	10.18	0.49	1.35	0.28	0.00	0.00	0.00	0.34	12.30	100.00	2.08	21.13	5398	486	606	8	0	0	0	0	6498	153.47	11.78	3.76	14.24	21.06	15.93	42.35	1.20	23.23	21.13
6/25/2020 11:23:34 AM	9.78	0.76	1.69	0.00	0.00	0.00	0.00	0.49	12.23	100.00	2.20	20.95	5185	758	761	0	0	0	0	0	6703	153.09	12.17	3.22	14.83	22.39	16.27	42.69	1.22	23.26	21.14
6/25/2020 11:23:37 AM	10.62	0.47	0.18	1.06	0.00	0.00	0.00	0.47	12.33	100.00	2.24	20.48	5626	472	83	32	0	0	0	0	6212	153.43	12.03	4.49	15.26	22.40	18.10	43.09	1.22	23.27	21.17
6/25/2020 11:23:39 AM	11.13	0.48	0.94	0.40	0.00	0.00	0.00	0.39	12.95	100.00	2.25	20.57	5898	485	421	12	0	0	0	0	6816	155.00	11.93	2.91	14.52	22.43	17.36	44.50	1.22	23.31	21.15
6/25/2020 11:23:41 AM	11.20	0.84	0.86	0.00	0.00	0.00	0.00	0.49	12.90	100.00	2.31	20.74	5934	845	388	0	0	0	0	0	7167	153.36	11.04	3.70	15.67	23.01	16.73	43.57	1.23	23.34	21.18
6/25/2020 11:23:44 AM	10.81	0.66	0.96	0.28	0.00	0.00	0.00	0.48	12.71	100.00	2.35	20.68	5730	662	431	8	0	0	0	0	6831	153.18	11.78	3.50	15.08	22.93	17.12	43.89	1.23	23.36	21.25
6/25/2020 11:23:46 AM	11.17	0.32	0.00	1.10	0.00	0.00	0.00	0.57	12.59	100.00	2.39	20.52	5920	317	0	33	0	0	0	0	6269	153.44	12.02	5.06	15.09	23.85	17.76	44.98	1.23	23.39	21.24
6/25/2020 11:23:49 AM	11.01	0.67	1.35	0.00	0.00	0.00	0.00	0.27	13.02	100.00	2.42	20.39	5834	668	606	0	0	0	0	0	7108	153.79	11.42	2.95	14.96	21.18	16.48	43.27	1.24	23.40	21.28
6/25/2020 11:23:51 AM	11.09	0.27	0.48	0.99	0.00	0.00	0.00	0.35	12.82	100.00	2.44	20.40	5875	271	217	30	0	0	0	0	6393	153.95	12.31	4.24	14.78	22.01	17.69	44.52	1.24	23.43	21.27
6/25/2020 11:23:53 AM	11.49	0.42	0.87	0.23	0.00	0.00	0.00	0.39	13.00	100.00	2.51	20.59	6088	419	389	7	0	0	0	0	6903	153.75	11.33	3.75	14.51	22.54	16.00	44.62	1.25	23.45	21.32
6/25/2020 11:23:56 AM	9.94	0.66	1.05	0.44	0.00	0.00	0.00	0.47	12.09	100.00	2.61	20.44	5269	660	474	13	0	0	0	0	6416	154.41	11.94	3.82	14.88	22.01	16.97	42.11	1.26	23.48	21.33
6/25/2020 11:23:58 AM	10.51	0.50	0.77	0.50	0.00	0.00	0.00	0.39	12.28	100.00	2.66	19.95	5570	499	347	15	0	0	0	0	6431	154.32	11.48	3.45	14.36	21.50	16.82	42.29	1.26	23.51	21.35
6/25/2020 11:24:01 AM	10.93	0.41	0.25	0.71	0.00	0.00	0.00	0.42	12.30	100.00	2.73	19.86	5794	415	111	21	0	0	0	0	6341	154.27	11.09	3.88	14.45	21.73	16.87	42.39	1.27	23.53	21.35
6/25/2020 11:24:03 AM	10.31	0.66	0.59	0.57	0.00	0.00	0.00	0.42	12.13	100.00	2.78	19.83	5463	659	266	17	0	0	0	0	6406	155.53	11.36	3.54	14.89	21.45	17.46	41.45	1.27	23.54	21.38
6/25/2020 11:24:05 AM	10.41	0.50	0.52	0.46	0.00	0.00	0.00	0.44	11.89	100.00	2.84	19.62	5519	502	232	14	0	0	0	0	6268	154.69	10.77	3.62	14.09	21.32	16.13	41.03	1.28	23.56	21.42
6/25/2020 11:24:08 AM	10.11	0.37	0.06	0.80	0.00	0.00	0.00	0.46	11.35	100.00	2.86	19.52	5360	372	26	24	0	0	0	0	5782	154.95	10.55	3.69	13.59	20.87	16.24	39.72	1.28	23.59	21.45
6/25/2020 11:24:10 AM	10.20	0.56	0.61	0.27	0.00	0.00	0.00	0.46	11.64	100.00	2.93	19.53	5404	557	277	8	0	0	0	0	6246	154.53	10.34	4.07	14.08	21.07	15.18	40.09	1.29	23.59	21.42
6/25/2020 11:24:12 AM	8.88	0.32	0.00	0.93	0.00	0.00	0.00	0.55	10.13	100.00	2.98	19.54	4704	318	0	28	0	0	0	0	5050	155.14	10.20	3.51	12.47	20.04	15.61	36.69	1.29	23.61	21.44
6/25/2020 11:24:15 AM	8.89	0.49	0.65	0.31	0.00	0.00	0.00	0.49	10.35	100.00	3.00	19.48	4712	494	291	9	0	0	0	0	5506	155.47	9.83	3.59	12.73	19.63	14.21	36.47	1.29	23.63	21.44
6/25/2020 11:24:17 AM	8.76	0.68	0.74	0.32	0.00	0.00	0.00	0.39	10.49	100.00	3.08	19.28	4642	680	331	10	0	0	0	0	5663	155.20	9.92	3.06	13.23	18.72	15.34	35.73	1.30	23.65	21.48
6/25/2020 11:24:20 AM	9.19	0.70	0.43	0.22	0.00	0.00	0.00	0.40	10.55	100.00	3.15	19.02	4872	697	195	7	0	0	0	0	5771	155.40	9.13	3.76	13.50	18.76	14.56	35.44	1.31	23.67	21.49
6/25/2020 11:24:22 AM	8.14	0.83	0.87	0.03	0.00	0.00	0.00	0.50	9.87	100.00	3.24	18.92	4317	831	392	1	0	0	0	0	5540	155.81	9.36	3.24	13.09	18.86	14.27	34.03	1.32	23.68	21.50
6/25/2020 11:24:24 AM	7.72	0.52	0.70	0.42	0.00	0.00	0.00	0.52	9.36	100.00	3.30	18.80	4092	516	314	13	0	0	0	0	4935	155.89	9.75	2.52	11.73	18.53	14.44	33.64	1.32	23.69	21.54
6/25/2020 11:24:27 AM	7.71	0.44	0.63	0.44	0.00	0.00	0.00	0.52	9.22	100.00	3.34	18.85	4085	441	283	13	0	0	0	0	4822	156.12	9.56	2.80	11.49	18.37	13.92	33.35	1.33	23.71	21.54
6/25/2020 11:24:29 AM	7.61	0.48	0.56	0.41	0.00	0.00	0.00	0.53	9.07	100.00	3.38	18.99	4035	481	251	12	0	0	0	0	4780	156.19	9.29	3.08	11.59	18.21	13.64	32.72	1.33	23.72	21.58
6/25/2020 11:24:31 AM	7.65	0.49	0.41	0.42	0.00	0.00	0.00	0.49	8.97	100.00	3.41	18.98	4052	493	183	13	0	0	0	0	4741	156.46	8.87	2.96	11.49	17.60	13.59	31.86	1.33	23.73	21.58
6/25/2020 11:24:34 AM	7.42	0.82	0.66	0.10	0.00	0.00	0.00	0.55	8.99	100.00	3.47	18.94	3932	821	295	3	0	0	0	0	5051	156.58	8.74	3.38	12.50	18.09	13.55	31.47	1.34	23.75	21.57
6/25/2020 11:24:36 AM	6.44	0.55	0.47	0.39	0.00	0.00	0.00	0.52	7.85	100.00	3.56	18.32	3413	546	212	12	0	0	0	0	4183	156.30	8.39	2.43	10.58	16.34	13.02	28.45	1.35	23.74	21.58
6/25/2020 11:24:39 AM	6.58	0.50	0.56	0.40	0.00	0.00	0.00	0.54	8.05	100.00	3.64	17.88	3490	502	251	12	0	0	0	0	4256	156.54	8.70	3.00	10.83	16.90	12.80	29.50	1.36	23.76	21.64
6/25/2020 11:24:41 AM	7.06	0.56	0.49	0.25	0.00	0.00	0.00	0.49	8.36	100.00	3.74	17.84	3744	559	219	8	0	0	0	0	4530	156.17	8.23	2.99	11.09	16.69	12.66	29.64	1.37	23.77	21.58
6/25/2020 11:24:43 AM	6.34	0.46	0.54	0.27	0.00	0.00	0.00	0.44	7.61	100.00	3.83	17.51	3361	459	242	8	0	0	0	0	4070	156.42	7.80	2.52	9.99	15.20	11.90	27.21	1.38	23.79	21.59
6/25/2020 11:24:46 AM	5.81	0.38	0.72	0.28	0.00	0.00	0.00	0.47	7.18	100.00	3.93	17.30	3081	376	323	8	0	0	0	0	3788	156.97	7.94	2.39	9.35	14.98	11.38	26.52	1.39	23.78	21.64
6/25/2020 11:24:48 AM	4.83	0.30	0.54	0.77	0.00	0.00	0.00	0.49	6.43	100.00	4.00	17.43	2558	297	242	23	0	0	0	0	3120	157.13	8.48	2.73	9.13	14.33	12.03	24.91	1.39	23.79	21.66
6/25/2020 11:24:51 AM	4.61	0.28	0.39	0.74	0.00	0.00	0.00	0.54	6.03	100.00	4.10	17.31	2444	285	174	22	0	0	0	0	2926	157.40	8.00	3.21	8.94	14.27	11.19	23.86	1.40	23.79	21.66
6/25/2020 11:24:53 AM	3.66	0.75	1.66	0.10	0.00	0.00	0.00	0.55	6.17	100.00	4.18	16.87	1940	752	748	3	0	0	0	0	3443	156.95	8.90	2.45	9.75	14.39	11.60	23.80	1.41	23.79	21.69
6/25/2020 11:24:55 AM	4.24	0.42	0.65	0.58	0.00	0.00	0.00	0.58	5.89	100.00	4.25	16.92	2246	423	291	18	0	0	0	0	2977	156.86	8.12	2.89	9.04	14.37	11.30	23.43	1.42	23.80	21.66
6/25/2020 11:24:58 AM	3.84	0.77	1.33	0.00	0.00	0.00	0.00	0.59	5.93	100.00	4.33	17.27	2035	767	597	0	0	0	0	0	3399	157.06	8.00	2.25	9.45	14.26	11.04	22.74	1.42	23.80	21.70
6/25/2020 11:25:00 AM	3.73	0.58	1.00	0.36	0.00	0.00	0.00	0.66	5.66	100.00	4.37	17.46	1975	577	449	11	0	0	0	0	3011	157.12	8.31	2.62	9.10	14.79	11.18	23.05	1.43	23.80	21.70
6/25/2020 11:25:02 AM	3.37	0.48	1.03	0.60	0.00	0.00	0.00	0.59	5.47	100.00	4.46	17.23	1787	475	463	18	0	0	0	0	2743	156.54	8.66	2.65	8.83	13.99	11.46	22.51	1.44	23.80	21.73
6/25/2020 11:25:05 AM	3.10	0.77	1.73	0.00	0.00	0.00	0.00	0.56	5.59	100.00	4.53	16.68	1642	766	779	0	0	0	0	0	3186	156.74	8.45	2.42	9.32	13.62	10.71	21.92	1.44	23.81	21.73
6/25/2020 11:25:07 AM	2.44	0.78	2.05	0.06	0.00	0.00	0.00	0.57	5.33	100.00	4.60	16.45	1295	776	920	2	0	0	0	0	2993	157.02	9.06	2.42	9.15	13.48	10.95	21.59	1.45	23.81	21.78
6/25/2020 11:25:10 AM	2.58	0.38	0.88	0.73	0.00	0.00	0.00	0.64	4.57	100.00	4.64	16.57	1365	381	395	22	0	0	0	0	2164	157.81	8.27	2.83	8.02	13.20	10.64	20.20	1.45	23.82	21.78
6/25/2020 11:25:12 AM	2.31	0.68	1.43	0.33	0.00	0.00	0.00	0.66	4.74	100.00	4.68	16.75	1225	681	642	10	0	0	0	0	2557	157.41	8.49	2.24	8.56	13.53	10.99	20.28	1.46	23.80	21.76
6/25/2020 11:25:14 AM	2.62	0.38	0.63	0.81	0.00	0.00	0.00	0.64	4.44	100.00	4.76	16.51	1389	385	282	24	0	0	0	0	2079	156.82	7.96	2.79	7.98	13.03	10.76	19.62	1.47	23.80	21.79
6/25/2020 11:25:17 AM	2.55	0.47	0.69	0.67	0.00	0.00	0.00	0.58	4.38	100.00	4.82	16.25	1352	467	310	20	0	0	0	0	2149	157.34	7.55	2.39	7.89	12.20	10.68	18.58	1.47	23.80	21.79
6/25/2020 11:25:19 AM	2.64	0.33	0.29	0.84	0.00	0.00	0.00	0.62	4.10	100.00	4.93	16.40	1398	330	131	25	0	0	0	0	1885	157.21	7.17	2.48	7.42	12.27	10.38	18.15	1.48	23.80	21.80
6/25/2020 11:25:21 AM	2.49	0.60	1.06	0.24	0.00	0.00	0.00	0.57	4.39	100.00	5.03	16.36	1318	598	478	7	0	0	0	0	2401	158.17	7.12	2.26	7.88	11.97	9.77	18.07	1.49	23.79	21.80
6/25/2020 11:25:24 AM	2.12	0.54	0.84	0.54	0.00	0.00	0.00	0.61	4.03	100.00	5.10	16.11	1121	538	376	16	0	0	0	0	2052	158.03	7.36	2.49	7.79	12.02	10.16	17.55	1.50	23.79	21.84
6/25/2020 11:25:26 AM	2.11	0.46	0.98	0.63	0.00	0.00	0.00	0.57	4.18	100.00	5.26	15.62	1119	460	441	19	0	0	0	0	2039	158.71	7.84	2.35	7.68	11.95	10.47	18.24	1.51	23.79	21.88
6/25/2020 11:25:29 AM	1.89	0.61	0.99	0.33	0.00	0.00	0.00	0.58	3.81	100.00	5.34	15.13	999	607	444	10	0	0	0	0	2060	160.31	6.93	2.06	7.48	11.30	9.72	16.33	1.52	23.78	21.84
6/25/2020 11:25:31 AM	2.35	0.34	0.34	0.62	0.00	0.00	0.00	0.54	3.66	100.00	5.44	15.32	1247	345	152	19	0	0	0	0	1762	159.89	6.21	2.36	6.83	10.71	9.22	15.81	1.53	23.77	21.83
6/25/2020 11:25:33 AM	1.51	0.81	1.75	0.04	0.00	0.00	0.00	0.62	4.11	100.00	5.53	15.52	802	813	787	1	0	0	0	0	2403	159.69	7.88	2.17	8.20	12.15	9.92	17.60	1.54	23.76	21.84
6/25/2020 11:25:36 AM	1.30	0.74	1.40	0.05	0.00	0.00	0.00	0.63	3.49	100.00	5.60	15.41	690	739	630	1	0	0	0	0	2060	160.36	6.88	2.12	7.44	11.25	8.98	15.43	1.55	23.75	21.85
6/25/2020 11:25:38 AM	1.57	0.44	0.79	0.46	0.00	0.00	0.00	0.58	3.26	100.00	5.69	15.32	832	440	356	14	0	0	0	0	1642	160.19	6.52	2.22	6.66	10.65	8.87	14.98	1.56	23.75	21.84
6/25/2020 11:25:40 AM	1.17	0.43	0.57	0.60	0.00	0.00	0.00	0.63	2.76	100.00	5.80	14.99	618	425	257	18	0	0	0	0	1317	161.10	6.31	2.28	6.39	10.45	8.81	13.73	1.57	23.75	21.88
6/25/2020 11:25:43 AM	1.33	0.61	1.17	0.33	0.00	0.00	0.00	0.59	3.45	100.00	5.88	14.80	707	610	529	10	0	0	0	0	1855	160.38	7.05	2.19	7.26	10.89	9.38	15.41	1.58	23.73	21.88
6/25/2020 11:25:45 AM	1.71	0.43	0.63	0.45	0.00	0.00	0.00	0.60	3.22	100.00	5.95	14.73	905	429	284	14	0	0	0	0	1631	160.46	6.23	2.06	6.52	10.69	8.81	14.79	1.58	23.72	21.88
6/25/2020 11:25:48 AM	1.43	0.42	0.68	0.60	0.00	0.00	0.00	0.63	3.13	100.00	6.03	14.83	756	423	305	18	0	0	0	0	1501	160.44	6.71	2.28	6.67	10.92	9.19	14.98	1.59	23.71	21.89
6/25/2020 11:25:50 AM	1.45	0.42	0.77	0.54	0.00	0.00	0.00	0.60	3.19	100.00	6.11	14.72	770	422	346	16	0	0	0	0	1555	160.70	6.69	2.42	6.72	10.77	8.95	15.02	1.60	23.70	21.91
6/25/2020 11:25:52 AM	1.31	0.69	1.53	0.13	0.00	0.00	0.00	0.58	3.66	100.00	6.19	14.55	693	694	687	4	0	0	0	0	2078	160.98	7.29	2.29	7.57	11.13	9.20	16.00	1.61	23.68	21.88
6/25/2020 11:25:55 AM	1.36	0.60	1.50	0.11	0.00	0.00	0.00	0.57	3.56	100.00	6.28	14.50	720	601	674	3	0	0	0	0	1997	161.48	7.10	1.95	7.02	10.94	8.86	15.83	1.62	23.67	21.93
6/25/2020 11:25:57 AM	1.01	0.57	1.85	0.20	0.00	0.00	0.00	0.58	3.64	100.00	6.36	14.39	536	570	834	6	0	0	0	0	1946	161.60	8.03	2.23	7.20	11.27	9.16	16.75	1.62	23.65	21.93
6/25/2020 11:26:00 AM	1.15	0.51	1.12	0.17	0.00	0.00	0.00	0.56	2.96	100.00	6.50	14.23	611	508	505	5	0	0	0	0	1630	161.80	6.15	1.97	6.28	9.89	8.01	13.65	1.64	23.64	21.93
6/25/2020 11:26:02 AM	0.73	0.53	1.16	0.04	0.00	0.00	0.00	0.55	2.46	100.00	6.62	13.87	386	531	523	1	0	0	0	0	1442	162.14	5.62	1.35	5.60	9.10	7.51	11.87	1.65	23.62	21.95
6/25/2020 11:26:04 AM	0.94	0.41	0.61	0.25	0.00	0.00	0.00	0.56	2.22	100.00	6.68	13.78	499	414	273	8	0	0	0	0	1194	162.00	5.01	1.54	5.27	8.86	7.33	11.09	1.65	23.60	21.93
6/25/2020 11:26:07 AM	0.86	0.49	0.40	0.17	0.00	0.00	0.00	0.55	1.92	100.00	6.79	13.82	458	486	179	5	0	0	0	0	1129	162.66	4.23	1.46	5.16	8.19	6.97	9.51	1.67	23.60	21.91
6/25/2020 11:26:09 AM	0.71	0.50	0.50	0.18	0.00	0.00	0.00	0.61	1.89	100.00	6.89	13.93	377	502	224	5	0	0	0	0	1109	162.74	4.54	1.61	5.28	8.74	7.01	9.92	1.68	23.58	21.93
6/25/2020 11:26:11 AM	0.97	0.31	0.00	0.38	0.00	0.00	0.00	0.55	1.65	100.00	7.01	13.87	512	309	0	11	0	0	0	0	832	162.17	3.80	1.50	4.51	7.86	6.69	8.90	1.69	23.55	21.94
6/25/2020 11:26:14 AM	0.79	0.40	0.07	0.20	0.00	0.00	0.00	0.52	1.47	100.00	7.09	13.67	421	405	32	6	0	0	0	0	864	161.91	3.33	1.35	4.49	7.13	6.25	7.63	1.69	23.54	21.94
6/25/2020 11:26:16 AM	0.69	0.37	0.00	0.23	0.00	0.00	0.00	0.50	1.29	100.00	7.17	13.56	367	370	0	7	0	0	0	0	744	161.83	3.12	1.15	4.17	6.73	6.12	6.97	1.70	23.51	21.93
6/25/2020 11:26:19 AM	0.81	0.41	0.00	0.38	0.00	0.00	0.00	0.48	1.60	100.00	7.28	13.41	432	405	0	11	0	0	0	0	848	161.89	3.58	1.54	4.78	6.97	6.90	7.85	1.71	23.50	21.96
6/25/2020 11:26:21 AM	0.79	0.70	0.18	0.80	0.00	0.00	0.00	0.46	2.47	100.00	7.38	13.16	419	696	80	24	0	0	0	0	1220	161.06	5.53	2.58	7.31	7.96	9.85	10.33	1.72	23.47	21.96
6/25/2020 11:26:23 AM	0.86	0.95	0.22	0.88	0.00	0.00	0.00	0.48	2.91	100.00	7.52	12.83	455	948	98	27	0	0	0	0	1528	160.86	6.21	2.86	8.70	8.72	11.42	11.38	1.74	23.45	21.93
6/25/2020 11:26:26 AM	1.02	1.78	0.38	0.62	0.00	0.00	0.00	0.47	3.80	100.00	7.67	12.76	539	1784	169	19	0	0	0	0	2510	160.16	6.50	3.44	12.17	9.25	14.15	11.61	1.75	23.43	21.94
6/25/2020 11:26:28 AM	1.03	1.50	0.33	0.61	0.00	0.00	0.00	0.56	3.46	100.00	7.82	12.68	545	1498	147	18	0	0	0	0	2208	160.24	6.35	3.18	10.86	9.86	12.90	11.99	1.77	23.41	21.94
6/25/2020 11:26:30 AM	2.68	1.67	0.32	0.41	0.00	0.00	0.00	0.80	5.07	100.00	8.01	12.46	1418	1669	143	12	0	0	0	0	3243	159.43	7.44	3.38	12.65	14.45	14.36	18.35	1.78	23.40	21.96
6/25/2020 11:26:33 AM	6.07	2.32	0.59	0.00	0.00	0.00	0.00	1.31	8.98	100.00	8.18	12.24	3218	2318	264	0	0	0	0	0	5800	155.92	10.75	4.24	18.41	24.80	18.53	33.01	1.80	23.36	21.94
6/25/2020 11:26:35 AM	7.41	2.34	0.32	0.00	0.00	0.00	0.00	1.53	10.07	100.00	8.34	12.11	3928	2344	142	0	0	0	0	0	6414	155.57	11.54	4.28	19.69	28.57	19.44	37.93	1.82	23.34	21.94
6/25/2020 11:26:38 AM	7.84	2.40	0.18	0.00	0.00	0.00	0.00	1.69	10.42	100.00	8.46	11.90	4153	2402	83	0	0	0	0	0	6638	155.39	11.96	4.33	20.36	30.64	19.89	40.01	1.83	23.32	21.95
6/25/2020 11:26:40 AM	7.54	2.29	0.29	0.00	0.00	0.00	0.00	1.67	10.12	100.00	8.54	11.80	3997	2291	131	0	0	0	0	0	6418	155.28	11.86	4.20	19.49	30.04	19.51	39.28	1.84	23.28	21.98
6/25/2020 11:26:42 AM	7.45	2.33	0.43	0.00	0.00	0.00	0.00	1.64	10.21	100.00	8.63	11.97	3948	2329	193	0	0	0	0	0	6471	155.36	12.10	4.17	19.74	29.87	19.71	39.38	1.85	23.27	21.96
6/25/2020 11:26:45 AM	7.53	2.36	0.34	0.00	0.00	0.00	0.00	1.62	10.23	100.00	8.70	12.19	3990	2362	155	0	0	0	0	0	6507	155.62	11.93	4.30	19.98	29.72	19.66	39.15	1.85	23.23	21.96
6/25/2020 11:26:47 AM	6.60	1.95	0.10	0.00	0.00	0.00	0.00	1.61	8.65	100.00	8.87	11.79	3496	1951	47	0	0	0	0	0	5494	155.78	10.42	3.64	17.06	27.51	16.92	34.83	1.87	23.20	21.93
6/25/2020 11:26:50 AM	6.28	1.84	0.19	0.00	0.00	0.00	0.00	1.59	8.32	100.00	8.97	11.15	3330	1838	87	0	0	0	0	0	5256	155.75	10.28	3.65	16.19	26.94	16.43	34.04	1.88	23.17	21.93
6/25/2020 11:26:52 AM	6.26	1.83	0.08	0.00	0.00	0.00	0.00	1.62	8.17	100.00	9.06	11.07	3318	1832	36	0	0	0	0	0	5186	155.56	10.08	3.53	16.16	26.98	16.17	33.67	1.89	23.15	21.94
6/25/2020 11:26:54 AM	6.17	1.74	0.00	0.00	0.00	0.00	0.00	1.62	7.91	100.00	9.12	11.24	3270	1742	0	0	0	0	0	0	5012	155.62	9.74	3.43	15.54	26.73	15.70	33.06	1.89	23.12	21.91
6/25/2020 11:26:57 AM	5.40	1.51	0.08	0.00	0.00	0.00	0.00	1.53	6.99	100.00	9.20	11.19	2860	1514	37	0	0	0	0	0	4411	154.97	9.04	3.18	13.60	24.60	14.42	30.10	1.90	23.09	21.91
6/25/2020 11:26:59 AM	5.42	1.55	0.04	0.00	0.00	0.00	0.00	1.53	7.01	100.00	9.20	11.18	2870	1553	20	0	0	0	0	0	4443	154.75	9.03	3.14	13.92	24.66	14.39	30.05	1.90	23.05	21.91
6/25/2020 11:27:01 AM	5.39	1.60	0.00	0.00	0.00	0.00	0.00	1.56	6.98	100.00	9.25	11.22	2856	1595	0	0	0	0	0	0	4451	155.26	8.93	3.20	14.02	24.86	14.56	30.00	1.91	23.01	21.93
6/25/2020 11:27:04 AM	4.94	1.41	0.08	0.00	0.00	0.00	0.00	1.46	6.42	100.00	9.43	10.82	2618	1405	34	0	0	0	0	0	4057	154.80	8.51	2.94	12.86	23.18	13.35	28.03	1.92	23.00	21.90
6/25/2020 11:27:06 AM	4.65	1.35	0.12	0.00	0.00	0.00	0.00	1.43	6.11	100.00	9.59	10.44	2464	1346	52	0	0	0	0	0	3862	154.54	8.28	2.87	12.26	22.46	12.99	27.00	1.94	22.96	21.93
6/25/2020 11:27:09 AM	4.73	1.31	0.04	0.00	0.00	0.00	0.00	1.44	6.08	100.00	9.66	10.60	2506	1308	18	0	0	0	0	0	3832	154.26	8.16	2.80	12.04	22.56	12.88	27.03	1.95	22.92	21.90
6/25/2020 11:27:11 AM	4.52	1.25	0.05	0.00	0.00	0.00	0.00	1.41	5.82	100.00	9.77	10.95	2396	1248	21	0	0	0	0	0	3665	154.69	7.91	2.70	11.60	21.87	12.42	26.08	1.96	22.88	21.89
6/25/2020 11:27:13 AM	4.27	1.28	0.02	0.00	0.00	0.00	0.00	1.38	5.58	100.00	9.90	10.96	2266	1282	11	0	0	0	0	0	3558	154.57	7.65	2.76	11.58	21.18	12.22	24.94	1.97	22.85	21.88
6/25/2020 11:27:16 AM	4.05	1.17	0.01	0.00	0.00	0.00	0.00	1.34	5.23	100.00	9.98	10.74	2146	1170	5	0	0	0	0	0	3322	155.05	7.29	2.57	10.71	20.40	11.69	23.85	1.98	22.81	21.88
6/25/2020 11:27:18 AM	4.07	1.20	0.00	0.00	0.00	0.00	0.00	1.33	5.27	100.00	10.06	10.71	2158	1196	0	0	0	0	0	0	3354	154.91	7.22	2.63	10.94	20.33	11.68	23.79	1.99	22.78	21.86
6/25/2020 11:27:20 AM	3.91	1.20	0.08	0.00	0.00	0.00	0.00	1.35	5.19	100.00	10.11	10.87	2072	1199	37	0	0	0	0	0	3308	154.87	7.41	2.71	10.86	20.41	11.69	23.77	1.99	22.75	21.88
6/25/2020 11:27:23 AM	3.97	1.17	0.00	0.00	0.00	0.00	0.00	1.35	5.13	100.00	10.21	11.10	2102	1169	0	0	0	0	0	0	3271	155.15	7.15	2.67	10.62	20.38	11.60	23.62	2.00	22.72	21.86
6/25/2020 11:27:25 AM	3.83	1.15	0.00	0.00	0.00	0.00	0.00	1.33	4.98	100.00	10.31	11.11	2028	1149	0	0	0	0	0	0	3178	155.43	7.10	2.55	10.58	19.94	11.21	22.99	2.01	22.68	21.85
6/25/2020 11:27:28 AM	3.87	1.14	0.00	0.00	0.00	0.00	0.00	1.33	5.01	100.00	10.37	10.76	2052	1139	0	0	0	0	0	0	3191	155.31	7.04	2.53	10.29	19.93	11.49	23.09	2.02	22.65	21.85
6/25/2020 11:27:30 AM	3.81	1.15	0.00	0.00	0.00	0.00	0.00	1.32	4.96	100.00	10.43	10.88	2020	1151	0	0	0	0	0	0	3170	155.43	6.90	2.40	10.40	19.81	11.42	22.84	2.02	22.61	21.84
6/25/2020 11:27:32 AM	3.52	1.17	0.05	0.00	0.00	0.00	0.00	1.32	4.74	100.00	10.53	11.13	1864	1166	23	0	0	0	0	0	3054	155.13	7.00	2.62	10.37	19.46	11.12	22.12	2.03	22.57	21.81
6/25/2020 11:27:35 AM	3.44	1.06	0.00	0.00	0.00	0.00	0.00	1.30	4.50	100.00	10.61	10.99	1821	1062	0	0	0	0	0	0	2883	155.49	6.49	2.32	9.59	19.07	10.81	21.50	2.04	22.54	21.85
6/25/2020 11:27:37 AM	3.47	1.06	0.00	0.00	0.00	0.00	0.00	1.29	4.53	100.00	10.73	11.00	1839	1061	0	0	0	0	0	0	2900	155.30	6.53	2.40	9.63	18.92	10.77	21.46	2.05	22.50	21.80
6/25/2020 11:27:40 AM	3.46	1.05	0.01	0.00	0.00	0.00	0.00	1.29	4.52	100.00	10.83	10.57	1834	1053	3	0	0	0	0	0	2890	155.67	6.69	2.37	9.59	18.93	10.73	21.49	2.06	22.46	21.80
6/25/2020 11:27:42 AM	2.99	0.96	0.00	0.00	0.00	0.00	0.00	1.27	3.95	100.00	10.95	10.12	1582	961	0	0	0	0	0	0	2543	156.19	6.20	2.09	8.74	17.92	9.96	19.70	2.07	22.42	21.81
6/25/2020 11:27:44 AM	2.69	0.95	0.00	0.00	0.00	0.00	0.00	1.24	3.64	100.00	11.03	10.15	1424	950	0	0	0	0	0	0	2374	156.13	5.84	2.17	8.42	17.23	9.64	18.52	2.08	22.38	21.76
6/25/2020 11:27:47 AM	2.56	0.96	0.00	0.00	0.00	0.00	0.00	1.25	3.52	100.00	11.15	10.10	1355	962	0	0	0	0	0	0	2317	156.60	5.80	2.11	8.30	17.17	9.67	18.20	2.09	22.35	21.78
6/25/2020 11:27:49 AM	2.68	0.94	0.00	0.00	0.00	0.00	0.00	1.23	3.62	100.00	11.22	9.89	1423	936	0	0	0	0	0	0	2359	156.65	5.91	2.24	8.36	17.07	9.53	18.41	2.10	22.31	21.78
6/25/2020 11:27:51 AM	2.68	0.91	0.04	0.00	0.00	0.00	0.00	1.25	3.63	100.00	11.32	9.94	1420	909	19	0	0	0	0	0	2348	156.53	6.07	2.20	8.25	17.32	9.51	18.73	2.11	22.27	21.74
6/25/2020 11:27:54 AM	2.50	0.93	0.00	0.00	0.00	0.00	0.00	1.22	3.42	100.00	11.44	9.86	1324	926	0	0	0	0	0	0	2250	156.80	5.66	2.15	8.10	16.77	9.41	17.77	2.12	22.22	21.74
6/25/2020 11:27:56 AM	2.35	0.89	0.00	0.00	0.00	0.00	0.00	1.22	3.24	100.00	11.55	9.78	1244	891	0	0	0	0	0	0	2136	156.83	5.53	2.08	7.85	16.53	9.11	17.28	2.13	22.19	21.73
6/25/2020 11:27:59 AM	2.13	0.87	0.00	0.00	0.00	0.00	0.00	1.23	3.00	100.00	11.76	9.73	1127	870	0	0	0	0	0	0	1997	156.88	5.36	2.05	7.52	16.27	8.90	16.62	2.15	22.14	21.71
6/25/2020 11:28:01 AM	1.83	0.86	0.00	0.00	0.00	0.00	0.00	1.22	2.69	100.00	11.90	9.56	970	857	0	0	0	0	0	0	1827	157.01	5.17	1.95	7.20	15.70	8.59	15.55	2.17	22.10	21.70
