Date/Time	Green Algae	Bluegreen	Diatoms	Cryptophyta	#5	#6	#7	Yellow substances	Total conc.	Transmission	Depth	Temp. Sample	Green Algae	Bluegreen	Diatoms	Cryptophyta	#5	#6	#7	Yellow substances	Total cell count	Trans. 700 nm	LED 3 [525 nm]	LED 4 [570 nm]	LED 5 [610 nm]	LED 6 [370 nm]	LED 7 [590 nm]	LED 8 [470 nm]	Pressure	Temp. LEDs	Temp. Sensor
date	µg/l	µg/l	µg/l	µg/l	µg/l	µg/l	µg/l	r.u.	µg/l	%	m	°C	cells/ml	cells/ml	cells/ml	cells/ml	cells/ml	cells/ml	cells/ml	r.u.	cells/ml	digits	digits	digits	digits	digits	digits	digits	bar	°C	°C
7/30/2020 11:07:08 AM	2.11	0.58	2.38	0.00	0.00	0.00	0.00	0.14	5.06	100.00	0.21	28.39	1117	581	1070	0	0	0	0	0	2767	167.09	8.30	2.00	9.30	8.91	8.30	18.15	1.02	29.42	28.57
7/30/2020 11:07:10 AM	4.67	0.63	0.66	0.05	0.00	0.00	0.00	0.10	6.01	100.00	0.22	28.37	2478	626	297	1	0	0	0	0	3401	169.40	5.66	1.59	8.59	9.25	10.48	18.70	1.02	29.44	28.61
7/30/2020 11:07:12 AM	3.81	0.39	0.00	0.88	0.00	0.00	0.00	0.32	5.08	100.00	0.26	28.39	2019	392	0	26	0	0	0	0	2437	169.05	6.04	3.58	8.22	10.55	11.25	18.41	1.03	29.48	28.63
7/30/2020 11:07:15 AM	2.68	0.65	1.79	0.00	0.00	0.00	0.00	0.06	5.12	100.00	0.25	28.39	1421	647	805	0	0	0	0	0	2873	168.21	6.99	1.33	8.08	7.88	9.91	16.77	1.02	29.51	28.55
7/30/2020 11:07:17 AM	2.91	0.50	0.00	1.15	0.00	0.00	0.00	0.32	4.55	100.00	0.27	28.38	1540	496	0	34	0	0	0	0	2071	168.23	6.74	2.95	8.48	9.71	12.21	16.68	1.03	29.55	28.60
7/30/2020 11:07:20 AM	3.66	0.88	0.76	0.48	0.00	0.00	0.00	0.00	5.78	100.00	0.29	28.38	1942	877	342	14	0	0	0	0	3175	166.19	6.52	3.23	10.35	7.76	11.85	17.15	1.03	29.57	28.56
7/30/2020 11:07:22 AM	0.12	1.08	2.79	0.00	0.00	0.00	0.00	0.51	3.98	100.00	0.31	28.38	63	1077	1255	0	0	0	0	0	2394	169.68	9.26	3.83	9.66	10.91	9.98	16.69	1.03	29.58	28.68
7/30/2020 11:07:24 AM	3.80	1.43	0.00	0.46	0.00	0.00	0.00	0.29	5.69	100.00	0.34	28.35	2012	1428	0	14	0	0	0	0	3454	167.68	5.69	1.76	11.09	10.26	15.17	16.68	1.03	29.63	28.60
7/30/2020 11:07:27 AM	3.67	0.53	0.33	0.75	0.00	0.00	0.00	0.39	5.28	100.00	0.38	28.35	1945	531	149	22	0	0	0	0	2647	168.82	7.15	2.68	8.92	11.44	11.60	19.45	1.04	29.63	28.72
7/30/2020 11:07:29 AM	2.02	0.91	0.00	1.15	0.00	0.00	0.00	0.45	4.08	100.00	0.41	28.35	1072	906	0	34	0	0	0	0	2012	167.96	6.08	4.33	9.20	10.23	13.66	15.07	1.04	29.68	28.62
7/30/2020 11:07:31 AM	5.38	0.78	0.03	0.00	0.00	0.00	0.00	0.31	6.20	100.00	0.42	28.34	2854	784	15	0	0	0	0	0	3653	168.71	5.05	3.11	10.07	11.47	9.91	19.81	1.04	29.71	28.63
7/30/2020 11:07:34 AM	5.57	0.94	0.13	0.00	0.00	0.00	0.00	0.04	6.64	100.00	0.46	28.33	2953	938	57	0	0	0	0	0	3947	167.67	4.88	2.20	10.63	9.21	11.08	18.68	1.05	29.73	28.67
7/30/2020 11:07:36 AM	2.97	0.57	0.75	0.27	0.00	0.00	0.00	0.49	4.55	100.00	0.48	28.33	1571	565	339	8	0	0	0	0	2484	166.73	6.47	3.39	8.34	11.44	9.07	17.79	1.05	29.76	28.67
7/30/2020 11:07:39 AM	4.20	0.86	1.01	0.00	0.00	0.00	0.00	0.00	6.07	100.00	0.51	28.32	2227	864	454	0	0	0	0	0	3545	168.37	5.98	1.71	10.17	7.62	10.59	18.08	1.05	29.76	28.81
7/30/2020 11:07:41 AM	2.20	1.17	1.16	0.05	0.00	0.00	0.00	0.47	4.58	100.00	0.55	28.31	1165	1170	520	2	0	0	0	0	2857	169.90	6.79	2.51	9.83	10.85	11.21	16.15	1.05	29.79	28.77
7/30/2020 11:07:43 AM	4.96	0.81	0.29	0.00	0.00	0.00	0.00	0.15	6.06	100.00	0.59	28.30	2630	810	131	0	0	0	0	0	3571	170.10	5.12	1.69	9.52	9.67	10.61	18.31	1.06	29.81	28.75
7/30/2020 11:07:46 AM	3.95	0.06	0.78	0.94	0.00	0.00	0.00	0.09	5.74	100.00	0.60	28.31	2096	61	353	28	0	0	0	0	2539	168.69	7.89	1.95	7.54	9.51	11.35	20.64	1.06	29.85	28.72
7/30/2020 11:07:48 AM	1.79	0.36	1.52	0.68	0.00	0.00	0.00	0.31	4.35	100.00	0.62	28.31	948	363	683	20	0	0	0	0	2015	169.29	8.32	2.35	7.48	9.68	10.43	17.61	1.06	29.86	28.81
7/30/2020 11:07:50 AM	5.23	0.65	0.81	0.00	0.00	0.00	0.00	0.00	6.69	100.00	0.62	28.30	2774	648	364	0	0	0	0	0	3787	168.09	5.79	2.29	9.92	7.96	10.27	20.72	1.06	29.88	28.87
7/30/2020 11:07:53 AM	3.13	0.55	1.06	0.48	0.00	0.00	0.00	0.19	5.22	100.00	0.65	28.30	1661	545	479	14	0	0	0	0	2699	168.94	7.17	3.38	8.91	9.38	10.30	18.14	1.06	29.91	28.80
7/30/2020 11:07:55 AM	2.64	0.59	1.41	0.62	0.00	0.00	0.00	0.24	5.27	100.00	0.68	28.28	1402	591	634	19	0	0	0	0	2646	169.65	8.40	2.68	9.00	10.11	11.66	19.17	1.07	29.92	28.88
7/30/2020 11:07:58 AM	1.83	0.79	1.09	0.68	0.00	0.00	0.00	0.38	4.39	100.00	0.70	28.30	972	786	490	21	0	0	0	0	2268	168.86	7.87	2.70	9.07	10.10	11.79	16.62	1.07	29.95	28.83
7/30/2020 11:08:00 AM	3.20	0.64	0.77	0.57	0.00	0.00	0.00	0.35	5.19	100.00	0.75	28.30	1699	638	348	17	0	0	0	0	2701	170.15	7.35	2.61	9.01	10.84	11.43	18.80	1.07	29.95	28.83
7/30/2020 11:08:02 AM	4.65	0.74	0.68	0.22	0.00	0.00	0.00	0.03	6.30	100.00	0.75	28.32	2465	743	308	7	0	0	0	0	3523	168.53	6.21	1.23	9.23	8.92	12.03	18.98	1.07	30.00	28.81
7/30/2020 11:08:05 AM	2.94	0.51	0.55	0.74	0.00	0.00	0.00	0.30	4.75	100.00	0.77	28.29	1557	512	249	22	0	0	0	0	2341	170.60	6.97	2.71	8.43	9.82	11.01	17.31	1.08	30.02	28.86
7/30/2020 11:08:07 AM	3.17	0.98	1.35	0.18	0.00	0.00	0.00	0.11	5.68	100.00	0.79	28.29	1682	977	605	6	0	0	0	0	3270	168.90	7.24	1.05	9.49	8.93	12.64	17.75	1.08	30.05	28.87
7/30/2020 11:08:10 AM	3.02	0.88	1.08	0.21	0.00	0.00	0.00	0.33	5.19	100.00	0.81	28.29	1600	881	486	6	0	0	0	0	2973	169.25	6.97	2.71	9.52	10.45	11.02	17.89	1.08	30.05	28.92
7/30/2020 11:08:12 AM	3.84	0.41	0.40	0.85	0.00	0.00	0.00	0.06	5.49	100.00	0.85	28.28	2034	407	179	25	0	0	0	0	2646	169.85	6.87	0.97	7.99	8.46	12.47	18.04	1.08	30.11	28.88
7/30/2020 11:08:14 AM	4.73	0.95	0.12	0.00	0.00	0.00	0.00	0.31	5.79	100.00	0.87	28.29	2505	947	53	0	0	0	0	0	3504	169.28	5.06	1.96	9.93	10.70	10.75	18.06	1.08	30.13	28.88
7/30/2020 11:08:17 AM	2.47	1.22	1.07	0.00	0.00	0.00	0.00	0.40	4.76	100.00	0.89	28.28	1311	1219	481	0	0	0	0	0	3011	169.95	6.53	1.57	10.05	10.29	11.44	15.86	1.09	30.12	28.88
7/30/2020 11:08:19 AM	4.35	0.91	0.00	0.21	0.00	0.00	0.00	0.31	5.47	100.00	0.91	28.28	2304	913	0	6	0	0	0	0	3223	169.62	4.43	1.99	8.62	10.45	12.43	17.32	1.09	30.15	28.88
7/30/2020 11:08:21 AM	4.21	0.00	0.00	1.04	0.00	0.00	0.00	0.24	5.24	100.00	0.92	28.28	2229	0	0	31	0	0	0	0	2260	170.16	6.54	3.08	6.65	10.13	10.68	19.75	1.09	30.18	28.89
7/30/2020 11:08:24 AM	3.82	0.91	1.02	0.00	0.00	0.00	0.00	0.29	5.75	100.00	0.95	28.25	2026	906	459	0	0	0	0	0	3391	168.20	6.81	1.00	10.64	10.81	10.20	19.00	1.09	30.22	28.92
7/30/2020 11:08:26 AM	3.91	0.75	0.77	0.18	0.00	0.00	0.00	0.29	5.61	100.00	0.97	28.26	2072	753	345	6	0	0	0	0	3176	171.27	6.50	1.82	9.02	10.63	11.19	18.90	1.10	30.20	29.03
7/30/2020 11:08:29 AM	3.03	0.77	1.31	0.10	0.00	0.00	0.00	0.38	5.20	100.00	1.00	28.27	1604	767	587	3	0	0	0	0	2962	171.35	7.14	3.75	9.48	11.13	9.70	18.81	1.10	30.22	29.11
7/30/2020 11:08:31 AM	3.50	0.77	1.48	0.00	0.00	0.00	0.00	0.38	5.75	100.00	1.01	28.28	1857	773	664	0	0	0	0	0	3294	169.51	7.71	0.64	8.62	11.88	11.73	20.65	1.10	30.24	28.98
7/30/2020 11:08:33 AM	4.31	0.50	1.30	0.00	0.00	0.00	0.00	0.09	6.10	100.00	1.02	28.25	2285	498	583	0	0	0	0	0	3365	169.10	6.67	3.16	9.48	9.64	8.57	20.05	1.10	30.27	28.97
7/30/2020 11:08:36 AM	4.68	0.67	0.84	0.00	0.00	0.00	0.00	0.09	6.19	100.00	1.07	28.27	2478	671	379	0	0	0	0	0	3529	169.44	6.06	0.47	8.54	9.43	11.23	19.27	1.10	30.27	29.03
7/30/2020 11:08:38 AM	4.88	0.61	0.08	0.60	0.00	0.00	0.00	0.20	6.16	100.00	1.08	28.24	2584	610	35	18	0	0	0	0	3247	170.50	6.36	2.22	9.46	10.49	12.15	19.99	1.11	30.30	29.08
7/30/2020 11:08:40 AM	3.75	0.86	1.31	0.00	0.00	0.00	0.00	0.25	5.93	100.00	1.10	28.27	1989	863	590	0	0	0	0	0	3442	171.10	7.17	2.20	10.23	10.76	10.51	19.73	1.11	30.30	29.04
7/30/2020 11:08:43 AM	4.55	0.57	0.00	0.73	0.00	0.00	0.00	0.14	5.85	100.00	1.12	28.23	2409	575	0	22	0	0	0	0	3006	169.48	6.13	2.08	9.04	9.51	12.39	18.71	1.11	30.34	29.02
7/30/2020 11:08:45 AM	3.29	0.47	0.49	0.70	0.00	0.00	0.00	0.32	4.95	100.00	1.12	28.24	1745	474	219	21	0	0	0	0	2458	169.90	6.84	3.74	8.83	10.36	10.26	18.13	1.11	30.34	29.16
7/30/2020 11:08:48 AM	3.64	0.31	0.00	1.30	0.00	0.00	0.00	0.23	5.26	100.00	1.13	28.23	1931	312	0	39	0	0	0	0	2282	169.40	6.97	2.89	8.14	10.01	13.16	18.96	1.11	30.42	29.06
7/30/2020 11:08:50 AM	3.62	0.00	0.51	0.83	0.00	0.00	0.00	0.17	4.95	100.00	1.15	28.22	1917	2	229	25	0	0	0	0	2172	170.31	6.77	2.33	6.77	9.11	9.67	18.43	1.11	30.40	29.03
7/30/2020 11:08:52 AM	3.49	0.16	1.14	0.22	0.00	0.00	0.00	0.23	5.02	100.00	1.16	28.23	1851	165	512	7	0	0	0	0	2535	170.65	6.57	2.26	6.79	9.70	8.37	18.68	1.11	30.42	29.07
7/30/2020 11:08:55 AM	2.63	0.28	0.00	1.33	0.00	0.00	0.00	0.45	4.24	100.00	1.15	28.25	1395	279	0	40	0	0	0	0	1714	169.36	7.30	4.07	8.22	10.88	11.19	17.61	1.11	30.42	29.03
7/30/2020 11:08:57 AM	2.87	0.35	1.45	0.29	0.00	0.00	0.00	0.17	4.95	100.00	1.14	28.24	1521	349	651	9	0	0	0	0	2530	171.11	7.15	2.46	7.50	9.01	9.23	17.94	1.11	30.44	29.14
7/30/2020 11:09:00 AM	4.55	0.73	0.26	0.14	0.00	0.00	0.00	0.16	5.68	100.00	1.17	28.25	2412	728	116	4	0	0	0	0	3260	171.01	5.18	1.32	8.66	9.21	10.97	17.45	1.11	30.45	29.12
7/30/2020 11:09:02 AM	2.87	0.63	1.18	0.15	0.00	0.00	0.00	0.47	4.83	100.00	1.19	28.24	1522	632	530	4	0	0	0	0	2688	170.17	7.15	1.72	8.01	11.62	10.25	18.68	1.12	30.51	29.08
7/30/2020 11:09:04 AM	4.19	0.12	0.00	1.14	0.00	0.00	0.00	0.14	5.44	100.00	1.20	28.24	2220	116	0	34	0	0	0	0	2369	169.72	6.49	2.05	7.17	9.46	12.30	19.24	1.12	30.49	29.13
7/30/2020 11:09:07 AM	4.17	0.90	0.00	0.52	0.00	0.00	0.00	0.21	5.59	100.00	1.16	28.22	2208	902	0	16	0	0	0	0	3125	168.19	5.29	1.85	9.17	9.64	13.33	17.25	1.11	30.51	29.13
7/30/2020 11:09:09 AM	3.10	0.64	0.52	0.45	0.00	0.00	0.00	0.41	4.71	100.00	1.21	28.25	1643	637	232	14	0	0	0	0	2526	170.16	6.48	2.21	8.37	10.73	10.71	17.35	1.12	30.53	29.06
7/30/2020 11:09:11 AM	4.54	0.35	0.00	0.95	0.00	0.00	0.00	0.12	5.85	100.00	1.16	28.23	2409	355	0	29	0	0	0	0	2792	171.36	6.32	2.96	8.61	9.58	12.17	19.46	1.11	30.53	29.16
7/30/2020 11:09:14 AM	4.20	0.38	0.00	0.67	0.00	0.00	0.00	0.08	5.25	100.00	1.14	28.24	2224	381	0	20	0	0	0	0	2625	168.41	5.44	0.47	7.14	8.16	11.80	16.79	1.11	30.55	29.18
7/30/2020 11:09:16 AM	1.35	0.60	1.59	0.51	0.00	0.00	0.00	0.40	4.06	100.00	1.14	28.23	718	601	714	15	0	0	0	0	2049	168.14	8.08	3.36	8.31	10.07	9.94	16.62	1.11	30.59	29.14
7/30/2020 11:09:19 AM	3.97	0.44	0.13	0.48	0.00	0.00	0.00	0.23	5.02	100.00	1.11	28.27	2106	436	57	14	0	0	0	0	2613	169.34	5.49	2.00	7.80	9.27	10.15	16.98	1.11	30.59	29.16
7/30/2020 11:09:21 AM	3.96	0.52	0.00	0.96	0.00	0.00	0.00	0.32	5.45	100.00	1.25	28.24	2101	524	0	29	0	0	0	0	2654	171.81	6.48	2.34	8.41	11.00	13.35	19.34	1.12	30.61	29.17
7/30/2020 11:09:23 AM	2.92	1.76	2.36	0.00	0.00	0.00	0.00	0.30	7.03	100.00	1.66	28.24	1545	1758	1061	0	0	0	0	0	4364	173.14	9.92	4.50	14.58	12.54	14.60	22.35	1.16	30.61	29.16
7/30/2020 11:09:26 AM	2.25	0.00	0.93	2.31	0.00	0.00	0.00	0.27	5.49	100.00	1.59	28.23	1193	0	417	69	0	0	0	0	1680	173.63	11.72	6.85	10.31	11.55	13.59	23.28	1.16	30.61	29.23
7/30/2020 11:09:28 AM	0.20	1.19	2.72	0.00	0.00	0.00	0.00	0.53	4.12	100.00	1.40	28.23	107	1189	1226	0	0	0	0	0	2522	171.15	9.37	2.95	9.84	11.20	10.99	16.89	1.14	30.62	29.26
7/30/2020 11:09:30 AM	4.44	0.47	0.00	0.57	0.00	0.00	0.00	0.23	5.48	100.00	1.44	28.23	2351	474	0	17	0	0	0	0	2842	170.02	5.69	2.29	8.38	9.99	10.95	18.36	1.14	30.65	29.29
7/30/2020 11:09:33 AM	4.16	0.28	0.46	0.76	0.00	0.00	0.00	0.32	5.66	100.00	1.50	28.24	2204	280	208	23	0	0	0	0	2714	171.08	7.35	3.17	8.56	11.48	10.73	20.99	1.15	30.69	29.21
7/30/2020 11:09:35 AM	5.34	0.46	0.17	0.59	0.00	0.00	0.00	0.10	6.56	100.00	1.46	28.23	2831	461	77	18	0	0	0	0	3386	171.84	6.41	2.95	9.53	10.22	11.47	21.05	1.14	30.68	29.31
7/30/2020 11:09:38 AM	2.55	0.69	1.64	0.49	0.00	0.00	0.00	0.31	5.36	100.00	1.53	28.22	1350	694	736	15	0	0	0	0	2794	172.18	8.63	4.21	9.93	10.98	10.87	19.88	1.15	30.72	29.23
7/30/2020 11:09:40 AM	4.25	0.85	1.28	0.30	0.00	0.00	0.00	0.00	6.68	100.00	1.51	28.22	2251	850	575	9	0	0	0	0	3686	170.59	7.56	2.88	10.66	9.20	12.33	20.51	1.15	30.73	29.29
7/30/2020 11:09:42 AM	4.13	0.66	1.69	0.00	0.00	0.00	0.00	0.14	6.47	100.00	1.52	28.19	2187	656	759	0	0	0	0	0	3602	170.55	7.75	2.96	10.07	10.59	10.02	21.58	1.15	30.73	29.28
7/30/2020 11:09:45 AM	3.62	1.26	0.94	0.39	0.00	0.00	0.00	0.36	6.21	100.00	1.55	28.21	1919	1262	425	12	0	0	0	0	3617	171.09	7.93	3.67	12.15	12.02	13.51	20.38	1.15	30.75	29.31
7/30/2020 11:09:47 AM	3.26	0.65	1.27	0.80	0.00	0.00	0.00	0.24	5.98	100.00	1.56	28.19	1728	649	572	24	0	0	0	0	2973	169.87	9.04	2.71	9.93	11.07	13.14	21.31	1.15	30.77	29.51
7/30/2020 11:09:49 AM	3.73	1.06	2.02	0.00	0.00	0.00	0.00	0.20	6.81	100.00	1.56	28.20	1976	1063	910	0	0	0	0	0	3950	172.57	8.89	2.36	11.53	11.55	12.41	22.44	1.15	30.77	29.41
7/30/2020 11:09:52 AM	3.67	0.95	1.43	0.00	0.00	0.00	0.00	0.41	6.05	100.00	1.57	28.17	1943	951	643	0	0	0	0	0	3537	169.25	7.84	2.71	10.50	12.56	11.25	21.30	1.15	30.79	29.41
7/30/2020 11:09:54 AM	2.44	1.17	2.52	0.00	0.00	0.00	0.00	0.34	6.13	100.00	1.59	28.17	1294	1167	1134	0	0	0	0	0	3595	171.96	9.96	0.96	11.71	12.13	12.42	21.68	1.16	30.81	29.38
7/30/2020 11:09:57 AM	4.65	0.67	1.24	0.43	0.00	0.00	0.00	0.10	7.00	100.00	1.60	28.14	2465	672	558	13	0	0	0	0	3708	171.79	8.29	2.33	10.23	10.93	12.86	22.90	1.16	30.81	29.44
7/30/2020 11:09:59 AM	5.74	0.87	1.23	0.00	0.00	0.00	0.00	0.00	7.84	100.00	1.63	28.09	3043	871	552	0	0	0	0	0	4466	170.47	7.44	1.89	11.42	10.34	12.48	23.93	1.16	30.82	29.57
7/30/2020 11:10:01 AM	4.08	0.98	1.52	0.00	0.00	0.00	0.00	0.37	6.59	100.00	1.65	28.00	2163	985	685	0	0	0	0	0	3833	172.42	8.23	2.91	11.31	12.87	11.55	22.69	1.16	30.84	29.42
7/30/2020 11:10:04 AM	3.39	1.15	2.34	0.00	0.00	0.00	0.00	0.32	6.87	100.00	1.65	27.86	1794	1152	1052	0	0	0	0	0	3998	171.92	9.78	2.97	11.87	12.92	13.00	23.73	1.16	30.85	29.46
7/30/2020 11:10:06 AM	5.36	0.00	1.43	1.76	0.00	0.00	0.00	0.02	8.55	100.00	1.69	27.75	2841	0	644	53	0	0	0	0	3538	170.41	12.62	2.87	10.56	13.24	16.62	31.04	1.17	30.85	29.42
7/30/2020 11:10:09 AM	10.88	0.43	2.93	1.24	0.00	0.00	0.00	0.22	15.47	100.00	1.71	27.43	5765	426	1316	37	0	0	0	0	7545	169.76	18.76	3.84	17.56	25.14	22.87	54.79	1.17	30.88	29.41
7/30/2020 11:10:11 AM	12.96	1.61	5.69	0.00	0.00	0.00	0.00	0.39	20.26	100.00	1.74	27.13	6868	1611	2561	0	0	0	0	0	11040	170.83	24.32	4.02	25.87	33.31	26.60	69.93	1.17	30.89	29.52
7/30/2020 11:10:13 AM	13.62	2.10	8.14	0.00	0.00	0.00	0.00	0.36	23.85	100.00	1.74	27.06	7217	2098	3662	0	0	0	0	0	12977	168.19	30.84	7.41	32.20	38.60	30.36	82.78	1.17	30.89	29.42
7/30/2020 11:10:16 AM	15.63	2.17	5.92	0.00	0.00	0.00	0.00	0.78	23.71	100.00	1.74	27.18	8284	2167	2662	0	0	0	0	0	13113	167.90	27.63	9.64	32.51	42.01	29.38	82.83	1.17	30.89	29.43
7/30/2020 11:10:18 AM	14.01	2.23	7.09	0.00	0.00	0.00	0.00	0.65	23.33	100.00	1.79	27.14	7427	2228	3192	0	0	0	0	0	12847	168.42	29.33	7.08	30.85	40.42	31.74	81.84	1.18	30.89	29.44
7/30/2020 11:10:20 AM	14.74	2.23	6.86	0.00	0.00	0.00	0.00	0.53	23.84	100.00	1.82	26.48	7813	2234	3089	0	0	0	0	0	13136	168.63	29.05	5.95	31.62	39.83	31.80	82.20	1.18	30.95	29.44
7/30/2020 11:10:23 AM	13.83	1.90	6.57	0.52	0.00	0.00	0.00	0.67	22.81	100.00	1.82	25.99	7329	1898	2955	16	0	0	0	0	12199	169.41	29.32	7.12	29.15	40.13	32.50	81.29	1.18	30.93	29.54
7/30/2020 11:10:25 AM	14.97	1.98	6.78	0.00	0.00	0.00	0.00	0.44	23.73	100.00	1.82	26.17	7932	1982	3051	0	0	0	0	0	12966	170.23	28.41	6.62	30.23	38.87	30.96	81.73	1.18	30.93	29.62
7/30/2020 11:10:28 AM	12.59	2.32	6.88	0.00	0.00	0.00	0.00	0.74	21.80	100.00	1.85	26.38	6675	2323	3095	0	0	0	0	0	12093	169.05	28.36	6.16	29.95	39.01	30.84	77.08	1.18	30.97	29.49
7/30/2020 11:10:30 AM	12.85	2.55	6.17	0.00	0.00	0.00	0.00	0.81	21.57	100.00	1.89	26.47	6812	2546	2776	0	0	0	0	0	12133	168.55	27.08	6.58	29.97	39.04	31.74	75.43	1.18	30.98	29.52
7/30/2020 11:10:32 AM	14.00	2.29	5.69	0.09	0.00	0.00	0.00	0.67	22.06	100.00	1.90	26.22	7420	2285	2560	3	0	0	0	0	12268	169.10	26.23	7.25	29.43	38.36	31.20	76.17	1.19	30.98	29.54
7/30/2020 11:10:35 AM	13.55	2.37	5.86	0.00	0.00	0.00	0.00	0.71	21.79	100.00	1.94	26.18	7184	2373	2638	0	0	0	0	0	12194	169.73	26.35	5.96	29.01	38.32	31.71	75.45	1.19	30.99	29.52
7/30/2020 11:10:37 AM	13.84	2.78	5.76	0.00	0.00	0.00	0.00	0.77	22.38	100.00	1.96	26.07	7337	2779	2592	0	0	0	0	0	12707	169.81	26.85	6.62	32.18	39.50	32.30	76.53	1.19	30.99	29.59
7/30/2020 11:10:39 AM	14.12	2.56	6.53	0.00	0.00	0.00	0.00	0.69	23.21	100.00	1.97	25.64	7483	2563	2937	0	0	0	0	0	12982	170.02	28.44	7.61	32.75	40.25	31.66	80.09	1.19	31.01	29.56
7/30/2020 11:10:42 AM	14.09	3.00	6.14	0.00	0.00	0.00	0.00	0.83	23.22	100.00	1.98	25.64	7468	2995	2761	0	0	0	0	0	13225	170.98	28.29	6.77	33.96	41.34	33.72	79.59	1.19	30.99	29.66
7/30/2020 11:10:44 AM	15.83	2.78	4.84	0.00	0.00	0.00	0.00	0.77	23.44	100.00	2.05	25.72	8389	2775	2176	0	0	0	0	0	13340	170.31	25.77	6.71	32.59	40.77	33.27	78.87	1.20	30.99	29.64
7/30/2020 11:10:47 AM	13.23	2.48	5.38	0.00	0.00	0.00	0.00	0.66	21.10	100.00	2.08	25.52	7014	2481	2422	0	0	0	0	0	11916	170.94	25.04	6.22	29.70	36.71	30.24	71.99	1.20	31.01	29.57
7/30/2020 11:10:49 AM	12.06	2.82	5.33	0.00	0.00	0.00	0.00	0.75	20.21	100.00	2.14	25.25	6390	2818	2399	0	0	0	0	0	11607	170.75	24.75	5.88	30.07	36.07	30.90	68.79	1.21	31.01	29.56
7/30/2020 11:10:51 AM	12.12	2.92	5.81	0.00	0.00	0.00	0.00	0.80	20.85	100.00	2.16	25.01	6426	2922	2613	0	0	0	0	0	11961	171.15	26.07	7.05	31.14	37.60	31.75	71.55	1.21	31.02	29.58
7/30/2020 11:10:54 AM	12.25	2.71	5.84	0.00	0.00	0.00	0.00	0.52	20.79	100.00	2.18	25.17	6491	2708	2627	0	0	0	0	0	11826	171.31	25.31	6.91	30.42	34.75	30.54	69.73	1.21	31.01	29.67
7/30/2020 11:10:56 AM	11.71	2.47	4.99	0.02	0.00	0.00	0.00	0.71	19.18	100.00	2.23	25.42	6205	2468	2244	1	0	0	0	0	10918	172.22	23.26	5.96	27.20	34.30	29.45	65.78	1.22	31.03	29.61
7/30/2020 11:10:59 AM	11.45	2.69	5.16	0.00	0.00	0.00	0.00	0.71	19.30	100.00	2.26	25.30	6067	2692	2322	0	0	0	0	0	11082	171.67	23.77	6.18	29.21	34.47	29.12	65.76	1.22	31.03	29.61
7/30/2020 11:11:01 AM	10.70	2.69	4.65	0.03	0.00	0.00	0.00	0.81	18.07	100.00	2.28	25.28	5670	2690	2093	1	0	0	0	0	10454	172.51	22.31	6.30	27.22	33.55	29.02	62.01	1.22	31.03	29.62
7/30/2020 11:11:03 AM	10.63	2.78	5.16	0.00	0.00	0.00	0.00	0.57	18.57	100.00	2.31	25.43	5636	2776	2320	0	0	0	0	0	10732	171.20	22.93	6.24	28.70	31.90	28.80	62.00	1.23	31.04	29.67
7/30/2020 11:11:06 AM	10.04	2.84	5.19	0.00	0.00	0.00	0.00	0.57	18.07	100.00	2.35	25.43	5323	2839	2334	0	0	0	0	0	10496	171.79	22.82	5.68	29.19	31.15	27.98	60.25	1.23	31.02	29.67
7/30/2020 11:11:08 AM	9.61	2.46	4.72	0.00	0.00	0.00	0.00	0.65	16.79	100.00	2.38	25.46	5093	2456	2123	0	0	0	0	0	9673	173.71	21.22	5.29	25.76	30.20	26.47	57.27	1.23	31.05	29.64
7/30/2020 11:11:10 AM	11.27	2.38	3.78	0.39	0.00	0.00	0.00	0.41	17.83	100.00	2.43	25.42	5971	2383	1703	12	0	0	0	0	10069	172.17	20.37	7.10	26.51	29.23	27.88	58.34	1.24	31.02	29.74
7/30/2020 11:11:13 AM	9.36	2.52	5.14	0.00	0.00	0.00	0.00	0.55	17.01	100.00	2.47	25.05	4960	2515	2311	0	0	0	0	0	9786	173.13	21.90	5.27	26.21	29.65	26.90	57.58	1.24	31.03	29.72
7/30/2020 11:11:15 AM	9.55	2.54	5.19	0.00	0.00	0.00	0.00	0.49	17.29	100.00	2.46	24.84	5064	2540	2337	0	0	0	0	0	9940	172.07	21.93	6.45	26.86	29.41	26.64	57.96	1.24	31.06	29.67
7/30/2020 11:11:18 AM	9.81	2.59	4.66	0.00	0.00	0.00	0.00	0.50	17.05	100.00	2.47	25.18	5198	2590	2096	0	0	0	0	0	9883	172.38	21.04	4.62	26.86	28.99	26.67	56.51	1.24	31.02	29.72
7/30/2020 11:11:20 AM	9.70	2.71	4.25	0.00	0.00	0.00	0.00	0.61	16.66	100.00	2.53	25.39	5139	2714	1911	0	0	0	0	0	9763	172.34	20.18	5.78	26.29	29.30	27.22	55.24	1.25	31.03	29.68
7/30/2020 11:11:22 AM	9.56	2.55	4.34	0.00	0.00	0.00	0.00	0.61	16.45	100.00	2.56	25.01	5064	2554	1952	0	0	0	0	0	9571	171.69	20.22	5.82	25.91	29.19	26.13	55.17	1.25	31.02	29.78
7/30/2020 11:11:25 AM	8.73	2.75	5.14	0.00	0.00	0.00	0.00	0.60	16.62	100.00	2.59	24.80	4625	2754	2313	0	0	0	0	0	9693	172.75	21.73	6.30	26.46	29.40	27.60	56.02	1.25	31.03	29.72
7/30/2020 11:11:27 AM	9.08	2.61	5.23	0.00	0.00	0.00	0.00	0.40	16.92	100.00	2.62	24.83	4812	2609	2352	0	0	0	0	0	9773	173.10	21.47	6.84	26.30	27.92	26.93	55.89	1.26	31.02	29.75
7/30/2020 11:11:29 AM	10.26	2.77	5.18	0.00	0.00	0.00	0.00	0.30	18.21	100.00	2.65	24.84	5438	2766	2331	0	0	0	0	0	10535	171.34	22.08	5.99	28.66	28.56	27.85	58.66	1.26	31.03	29.75
7/30/2020 11:11:32 AM	9.56	2.57	4.99	0.00	0.00	0.00	0.00	0.40	17.12	100.00	2.66	24.49	5069	2567	2245	0	0	0	0	0	9881	173.17	21.38	4.82	26.67	28.17	26.82	56.38	1.26	31.01	29.82
7/30/2020 11:11:34 AM	8.29	2.50	5.39	0.00	0.00	0.00	0.00	0.38	16.18	100.00	2.66	24.19	4394	2499	2427	0	0	0	0	0	9320	171.30	21.35	5.97	25.67	26.78	25.69	53.87	1.26	31.02	29.77
7/30/2020 11:11:37 AM	8.82	2.67	5.40	0.00	0.00	0.00	0.00	0.45	16.89	100.00	2.67	24.39	4675	2666	2430	0	0	0	0	0	9771	172.89	22.05	5.41	26.59	28.36	27.37	56.22	1.26	31.01	29.83
7/30/2020 11:11:39 AM	9.27	2.47	5.14	0.00	0.00	0.00	0.00	0.45	16.88	100.00	2.67	24.62	4915	2468	2314	0	0	0	0	0	9697	172.92	21.46	6.33	25.89	28.50	26.38	56.53	1.26	31.01	29.78
7/30/2020 11:11:41 AM	8.84	2.93	5.23	0.00	0.00	0.00	0.00	0.55	17.01	100.00	2.67	24.77	4685	2932	2355	0	0	0	0	0	9973	173.58	22.18	5.67	28.00	29.36	28.05	56.45	1.26	30.99	29.84
7/30/2020 11:11:44 AM	8.75	2.83	6.31	0.00	0.00	0.00	0.00	0.49	17.89	100.00	2.69	24.65	4638	2827	2839	0	0	0	0	0	10304	173.12	24.49	5.75	28.54	30.42	28.67	60.41	1.26	30.99	29.84
7/30/2020 11:11:46 AM	8.49	2.83	6.45	0.00	0.00	0.00	0.00	0.32	17.77	100.00	2.72	24.38	4501	2825	2904	0	0	0	0	0	10230	171.40	24.19	5.80	27.92	28.54	28.97	58.86	1.27	30.99	29.80
7/30/2020 11:11:49 AM	8.58	2.65	5.94	0.00	0.00	0.00	0.00	0.35	17.17	100.00	2.75	23.98	4546	2647	2674	0	0	0	0	0	9867	172.30	23.03	5.04	27.19	27.98	27.29	57.06	1.27	30.99	29.77
7/30/2020 11:11:51 AM	8.15	2.81	6.25	0.00	0.00	0.00	0.00	0.32	17.21	100.00	2.77	23.61	4320	2813	2811	0	0	0	0	0	9944	172.85	23.39	6.36	27.19	27.69	28.47	56.85	1.27	30.97	29.80
7/30/2020 11:11:53 AM	7.03	3.09	5.81	0.00	0.00	0.00	0.00	0.55	15.92	100.00	2.82	23.64	3726	3086	2613	0	0	0	0	0	9425	173.44	22.65	5.15	27.55	27.90	28.10	53.23	1.28	30.97	29.83
7/30/2020 11:11:56 AM	7.94	2.97	5.15	0.00	0.00	0.00	0.00	0.52	16.05	100.00	2.85	23.65	4206	2967	2317	0	0	0	0	0	9490	172.44	21.32	5.59	26.55	27.68	28.10	52.99	1.28	30.98	29.79
7/30/2020 11:11:58 AM	7.54	2.56	4.56	0.58	0.00	0.00	0.00	0.47	15.25	100.00	2.86	23.59	3997	2564	2051	18	0	0	0	0	8630	173.57	20.93	6.73	25.21	26.27	27.47	51.11	1.28	30.97	29.80
7/30/2020 11:12:00 AM	7.84	2.98	4.45	0.00	0.00	0.00	0.00	0.44	15.27	100.00	2.88	23.54	4154	2983	2004	0	0	0	0	0	9140	172.50	19.44	5.69	26.74	25.55	26.21	48.96	1.28	30.95	29.83
7/30/2020 11:12:03 AM	8.10	2.96	4.48	0.00	0.00	0.00	0.00	0.50	15.55	100.00	2.88	23.66	4295	2961	2017	0	0	0	0	0	9273	172.35	19.66	6.34	26.19	26.49	27.08	50.36	1.28	30.95	29.75
7/30/2020 11:12:05 AM	7.67	3.15	5.49	0.00	0.00	0.00	0.00	0.42	16.31	100.00	2.91	23.66	4063	3152	2471	0	0	0	0	0	9686	171.99	21.93	5.69	28.27	26.92	28.10	52.81	1.29	30.94	29.79
7/30/2020 11:12:08 AM	7.81	3.13	4.68	0.00	0.00	0.00	0.00	0.50	15.63	100.00	2.97	23.41	4140	3133	2107	0	0	0	0	0	9381	173.56	20.27	5.35	27.37	26.54	27.50	50.35	1.29	30.93	29.84
7/30/2020 11:12:10 AM	7.64	2.95	3.63	0.16	0.00	0.00	0.00	0.61	14.38	100.00	3.02	23.04	4049	2948	1635	5	0	0	0	0	8638	173.67	18.17	5.70	24.99	25.85	26.85	46.79	1.30	30.92	29.85
7/30/2020 11:12:12 AM	7.22	2.97	3.13	0.19	0.00	0.00	0.00	0.61	13.50	100.00	3.01	22.93	3824	2968	1406	6	0	0	0	0	8204	172.76	16.77	6.05	24.51	24.43	25.79	43.30	1.30	30.91	29.83
7/30/2020 11:12:15 AM	8.01	2.83	3.68	0.00	0.00	0.00	0.00	0.35	14.52	100.00	3.02	23.13	4243	2831	1658	0	0	0	0	0	8732	174.53	17.41	4.35	25.25	23.42	25.10	45.33	1.30	30.90	29.80
7/30/2020 11:12:17 AM	6.93	2.86	3.87	0.00	0.00	0.00	0.00	0.57	13.66	100.00	3.04	23.19	3672	2862	1741	0	0	0	0	0	8274	173.86	17.81	4.31	24.87	24.41	24.56	44.40	1.30	30.88	29.85
7/30/2020 11:12:19 AM	7.02	2.94	3.94	0.09	0.00	0.00	0.00	0.52	13.98	100.00	3.11	22.97	3720	2937	1774	3	0	0	0	0	8433	173.80	18.02	6.02	24.68	24.39	26.00	45.05	1.30	30.88	29.80
7/30/2020 11:12:22 AM	6.95	3.17	2.86	0.00	0.00	0.00	0.00	0.58	12.97	100.00	3.16	22.50	3682	3166	1285	0	0	0	0	0	8133	173.32	15.48	5.44	24.51	23.06	25.32	40.22	1.31	30.86	29.83
7/30/2020 11:12:24 AM	6.86	2.86	2.65	0.25	0.00	0.00	0.00	0.40	12.61	100.00	3.23	22.29	3634	2856	1191	8	0	0	0	0	7689	174.00	14.97	5.51	23.19	20.96	24.72	38.59	1.32	30.84	29.84
7/30/2020 11:12:27 AM	7.19	2.88	2.35	0.00	0.00	0.00	0.00	0.52	12.41	100.00	3.24	22.12	3810	2880	1055	0	0	0	0	0	7745	173.90	14.10	4.33	23.30	21.66	23.40	38.13	1.32	30.83	29.84
7/30/2020 11:12:29 AM	6.70	2.60	1.89	0.01	0.00	0.00	0.00	0.59	11.21	100.00	3.25	22.18	3553	2598	852	0	0	0	0	0	7004	173.80	12.60	4.52	20.61	20.73	21.92	35.11	1.32	30.82	29.80
7/30/2020 11:12:31 AM	7.02	2.78	2.11	0.00	0.00	0.00	0.00	0.55	11.91	100.00	3.27	22.46	3719	2779	950	0	0	0	0	0	7448	173.73	13.35	4.73	21.98	21.32	23.02	36.82	1.32	30.80	29.84
7/30/2020 11:12:34 AM	6.65	2.48	2.27	0.00	0.00	0.00	0.00	0.55	11.39	100.00	3.30	22.42	3523	2479	1020	0	0	0	0	0	7022	173.96	13.26	4.02	20.30	20.74	21.87	36.15	1.32	30.79	29.85
7/30/2020 11:12:36 AM	6.37	2.02	1.54	0.23	0.00	0.00	0.00	0.58	10.16	100.00	3.34	22.10	3377	2020	692	7	0	0	0	0	6096	174.95	11.72	4.49	18.05	19.51	19.45	33.19	1.33	30.77	29.84
7/30/2020 11:12:39 AM	5.95	1.76	0.97	0.42	0.00	0.00	0.00	0.71	9.11	100.00	3.34	21.58	3156	1763	438	13	0	0	0	0	5370	174.52	10.86	3.86	16.32	19.38	18.46	31.12	1.33	30.76	29.84
7/30/2020 11:12:41 AM	5.94	1.75	1.57	0.18	0.00	0.00	0.00	0.56	9.45	100.00	3.35	21.17	3149	1753	709	5	0	0	0	0	5616	174.30	11.18	3.43	16.13	18.51	18.19	31.53	1.33	30.74	29.82
7/30/2020 11:12:43 AM	6.45	1.77	1.02	0.30	0.00	0.00	0.00	0.59	9.54	100.00	3.36	21.24	3417	1768	460	9	0	0	0	0	5654	174.89	10.59	4.06	16.60	18.80	18.23	31.48	1.33	30.73	29.82
7/30/2020 11:12:46 AM	6.75	1.70	1.50	0.00	0.00	0.00	0.00	0.52	9.96	100.00	3.40	21.43	3578	1703	676	0	0	0	0	0	5957	174.84	10.79	3.17	16.24	18.75	17.69	32.66	1.33	30.71	29.83
7/30/2020 11:12:48 AM	6.41	1.75	0.88	0.22	0.00	0.00	0.00	0.55	9.26	100.00	3.42	21.62	3399	1749	397	6	0	0	0	0	5552	174.48	9.85	3.70	16.07	17.95	17.69	30.07	1.33	30.70	29.83
7/30/2020 11:12:50 AM	6.05	1.78	1.29	0.00	0.00	0.00	0.00	0.51	9.12	100.00	3.45	21.74	3208	1782	579	0	0	0	0	0	5569	175.13	9.85	3.50	15.85	17.31	17.03	29.39	1.34	30.66	29.82
7/30/2020 11:12:53 AM	5.63	1.57	1.55	0.00	0.00	0.00	0.00	0.54	8.75	100.00	3.48	20.99	2984	1572	699	0	0	0	0	0	5255	175.05	10.16	3.22	14.87	17.34	16.09	29.39	1.34	30.66	29.84
7/30/2020 11:12:55 AM	5.93	1.59	1.24	0.24	0.00	0.00	0.00	0.59	9.00	100.00	3.51	20.49	3141	1592	556	7	0	0	0	0	5296	175.67	10.47	3.39	15.27	18.13	17.30	30.39	1.34	30.63	29.84
7/30/2020 11:12:58 AM	5.73	1.51	1.59	0.00	0.00	0.00	0.00	0.57	8.82	100.00	3.53	20.62	3034	1507	716	0	0	0	0	0	5257	175.01	10.35	3.35	14.85	17.84	15.79	30.11	1.35	30.62	29.84
7/30/2020 11:13:00 AM	6.30	0.86	0.29	0.97	0.00	0.00	0.00	0.54	8.41	100.00	3.61	20.53	3339	858	130	29	0	0	0	0	4356	176.00	9.97	3.37	13.00	17.26	16.32	29.97	1.35	30.59	29.84
7/30/2020 11:13:02 AM	5.62	1.10	1.00	0.38	0.00	0.00	0.00	0.58	8.11	100.00	3.68	20.38	2981	1102	451	11	0	0	0	0	4545	175.39	9.71	3.24	12.99	17.05	15.10	28.73	1.36	30.58	29.82
7/30/2020 11:13:05 AM	5.32	1.37	1.13	0.08	0.00	0.00	0.00	0.62	7.91	100.00	3.74	20.02	2822	1374	507	2	0	0	0	0	4706	176.50	9.23	2.96	13.36	16.93	15.06	27.42	1.37	30.55	29.80
7/30/2020 11:13:07 AM	4.74	1.10	0.94	0.42	0.00	0.00	0.00	0.58	7.19	100.00	3.77	19.77	2512	1095	421	13	0	0	0	0	4041	175.98	9.17	3.21	12.29	15.83	14.39	25.85	1.37	30.53	29.80
7/30/2020 11:13:09 AM	5.49	1.17	0.79	0.15	0.00	0.00	0.00	0.60	7.60	100.00	3.82	19.81	2909	1166	356	5	0	0	0	0	4436	175.79	8.53	3.10	12.53	16.44	14.03	26.62	1.37	30.51	29.83
7/30/2020 11:13:12 AM	5.18	1.13	0.83	0.20	0.00	0.00	0.00	0.46	7.34	100.00	3.84	19.59	2743	1130	375	6	0	0	0	0	4254	175.62	8.24	2.48	11.97	14.66	14.10	24.87	1.38	30.48	29.82
7/30/2020 11:13:14 AM	4.39	1.15	0.94	0.30	0.00	0.00	0.00	0.63	6.79	100.00	3.88	19.73	2329	1151	421	9	0	0	0	0	3911	176.07	8.76	3.02	11.98	15.62	13.92	24.60	1.38	30.46	29.84
7/30/2020 11:13:17 AM	5.04	1.20	1.01	0.06	0.00	0.00	0.00	0.50	7.31	100.00	3.91	19.95	2672	1201	454	2	0	0	0	0	4328	175.73	8.26	2.77	12.17	14.99	13.72	24.93	1.38	30.44	29.82
7/30/2020 11:13:19 AM	4.82	1.10	0.76	0.21	0.00	0.00	0.00	0.52	6.90	100.00	3.92	19.67	2556	1103	341	6	0	0	0	0	4006	176.03	7.95	3.23	11.85	14.59	13.20	23.88	1.38	30.42	29.79
7/30/2020 11:13:21 AM	4.80	1.00	0.30	0.46	0.00	0.00	0.00	0.60	6.56	100.00	3.97	19.34	2545	1003	135	14	0	0	0	0	3697	175.87	7.78	2.92	11.38	15.03	13.51	23.54	1.39	30.39	29.80
7/30/2020 11:13:24 AM	4.33	1.27	0.81	0.07	0.00	0.00	0.00	0.58	6.48	100.00	3.99	19.18	2296	1269	364	2	0	0	0	0	3931	175.11	7.65	2.79	11.79	14.48	13.24	22.45	1.39	30.37	29.78
7/30/2020 11:13:26 AM	4.41	1.17	1.01	0.26	0.00	0.00	0.00	0.49	6.85	100.00	4.03	19.18	2340	1167	454	8	0	0	0	0	3969	175.24	8.46	3.05	12.01	14.28	13.78	23.68	1.39	30.34	29.80
7/30/2020 11:13:28 AM	4.18	1.13	0.96	0.25	0.00	0.00	0.00	0.43	6.53	100.00	4.05	19.40	2218	1135	434	7	0	0	0	0	3794	175.32	7.99	3.07	11.62	13.28	13.21	22.23	1.40	30.31	29.80
7/30/2020 11:13:31 AM	4.09	1.22	1.14	0.16	0.00	0.00	0.00	0.51	6.61	100.00	4.10	19.40	2169	1218	512	5	0	0	0	0	3903	174.28	8.35	3.42	12.06	14.18	13.22	23.00	1.40	30.30	29.84
7/30/2020 11:13:33 AM	3.65	1.38	1.32	0.00	0.00	0.00	0.00	0.47	6.35	100.00	4.17	18.53	1934	1376	595	0	0	0	0	0	3905	174.07	8.10	2.23	11.85	13.21	13.57	21.36	1.41	30.26	29.79
7/30/2020 11:13:36 AM	3.10	1.29	1.24	0.29	0.00	0.00	0.00	0.53	5.92	100.00	4.19	18.10	1641	1294	559	9	0	0	0	0	3503	174.44	8.56	2.90	11.71	13.41	13.72	21.01	1.41	30.24	29.79
7/30/2020 11:13:38 AM	4.14	1.43	1.19	0.28	0.00	0.00	0.00	0.39	7.04	100.00	4.29	18.16	2195	1427	536	9	0	0	0	0	4166	174.83	8.74	3.70	13.29	13.45	14.64	23.01	1.42	30.20	29.78
7/30/2020 11:13:40 AM	4.02	1.23	0.41	1.23	0.00	0.00	0.00	0.46	6.88	100.00	4.32	17.81	2128	1226	186	37	0	0	0	0	3578	174.58	9.77	4.40	13.69	14.10	16.66	23.78	1.42	30.19	29.77
7/30/2020 11:13:43 AM	4.57	1.34	0.65	1.21	0.00	0.00	0.00	0.38	7.77	100.00	4.37	17.97	2420	1344	294	36	0	0	0	0	4094	174.08	10.55	4.37	14.74	14.62	17.94	26.00	1.43	30.15	29.73
7/30/2020 11:13:45 AM	4.09	1.22	0.77	1.30	0.00	0.00	0.00	0.36	7.39	100.00	4.41	17.95	2169	1224	346	39	0	0	0	0	3778	174.13	10.67	4.53	14.19	13.98	17.42	25.16	1.43	30.11	29.77
7/30/2020 11:13:48 AM	4.13	1.09	0.53	1.31	0.00	0.00	0.00	0.41	7.06	100.00	4.45	17.81	2189	1087	237	39	0	0	0	0	3553	173.57	10.16	4.12	13.32	14.02	16.80	24.59	1.44	30.08	29.75
7/30/2020 11:13:50 AM	4.33	1.13	0.56	1.26	0.00	0.00	0.00	0.41	7.28	100.00	4.48	17.03	2295	1134	251	38	0	0	0	0	3718	174.08	10.22	4.24	13.65	14.28	16.94	25.15	1.44	30.05	29.75
7/30/2020 11:13:52 AM	3.63	1.29	1.25	1.13	0.00	0.00	0.00	0.34	7.29	100.00	4.52	16.80	1922	1292	562	34	0	0	0	0	3810	173.67	10.98	4.75	14.27	13.69	16.96	24.88	1.44	30.02	29.72
7/30/2020 11:13:55 AM	4.39	1.21	0.32	1.36	0.00	0.00	0.00	0.34	7.28	100.00	4.56	17.15	2327	1206	143	41	0	0	0	0	3716	173.34	9.90	4.30	13.98	13.55	17.41	24.26	1.45	29.99	29.75
7/30/2020 11:13:57 AM	4.07	1.30	0.78	1.31	0.00	0.00	0.00	0.31	7.47	100.00	4.63	16.75	2160	1304	353	39	0	0	0	0	3856	173.89	10.63	4.92	14.67	13.54	17.56	24.83	1.45	29.95	29.72
7/30/2020 11:13:59 AM	4.00	1.06	0.89	1.41	0.00	0.00	0.00	0.27	7.36	100.00	4.67	16.19	2122	1058	399	42	0	0	0	0	3621	173.30	10.86	4.64	13.73	13.20	17.07	25.09	1.46	29.92	29.72
7/30/2020 11:14:02 AM	3.90	1.09	0.91	1.26	0.00	0.00	0.00	0.27	7.16	100.00	4.68	16.02	2067	1085	412	38	0	0	0	0	3601	172.92	10.43	3.94	13.24	12.86	16.82	24.23	1.46	29.88	29.72
7/30/2020 11:14:04 AM	3.52	1.22	1.56	1.33	0.00	0.00	0.00	0.27	7.63	100.00	4.72	16.31	1867	1224	701	40	0	0	0	0	3833	173.07	12.04	4.98	14.59	13.65	17.71	26.20	1.46	29.85	29.69
7/30/2020 11:14:07 AM	3.71	1.24	1.19	1.46	0.00	0.00	0.00	0.37	7.59	100.00	4.77	16.33	1964	1237	536	44	0	0	0	0	3781	173.25	11.94	5.17	14.83	14.51	18.05	26.52	1.47	29.81	29.67
7/30/2020 11:14:09 AM	3.55	1.09	0.97	1.75	0.00	0.00	0.00	0.33	7.36	100.00	4.77	16.12	1883	1093	437	52	0	0	0	0	3465	173.55	12.01	5.28	14.47	13.89	18.20	25.95	1.47	29.78	29.67
7/30/2020 11:14:11 AM	3.81	1.21	1.11	1.62	0.00	0.00	0.00	0.33	7.74	100.00	4.79	16.31	2017	1208	500	49	0	0	0	0	3774	173.27	12.19	5.29	15.03	14.34	18.57	26.86	1.47	29.73	29.62
7/30/2020 11:14:14 AM	3.93	1.35	1.37	1.74	0.00	0.00	0.00	0.30	8.40	100.00	4.86	16.57	2085	1355	615	52	0	0	0	0	4107	173.48	13.35	5.41	16.21	15.06	20.23	28.81	1.48	29.70	29.64
7/30/2020 11:14:16 AM	3.60	1.34	1.55	2.67	0.00	0.00	0.00	0.38	9.16	100.00	4.92	16.35	1906	1340	698	80	0	0	0	0	4024	173.32	16.65	7.24	18.44	17.30	23.50	33.22	1.48	29.66	29.64
7/30/2020 11:14:18 AM	4.71	1.79	1.57	4.35	0.00	0.00	0.00	0.34	12.42	100.00	4.93	16.15	2496	1792	705	130	0	0	0	0	5123	172.44	22.81	11.47	25.83	21.79	32.21	44.06	1.48	29.62	29.62
7/30/2020 11:14:21 AM	5.09	1.70	2.32	5.53	0.00	0.00	0.00	0.34	14.65	100.00	4.95	16.23	2699	1701	1045	166	0	0	0	0	5612	172.71	28.57	12.34	28.83	25.69	38.29	53.85	1.48	29.57	29.61
7/30/2020 11:14:23 AM	5.05	1.82	2.22	5.74	0.00	0.00	0.00	0.31	14.82	100.00	4.96	16.19	2675	1820	997	172	0	0	0	0	5664	172.34	28.90	13.22	29.90	25.52	39.10	53.88	1.49	29.54	29.58
7/30/2020 11:14:26 AM	4.93	1.49	2.08	5.91	0.00	0.00	0.00	0.32	14.41	100.00	4.99	16.21	2612	1492	936	177	0	0	0	0	5217	172.50	28.82	12.89	28.52	25.27	38.29	53.63	1.49	29.51	29.59
7/30/2020 11:14:28 AM	5.87	1.53	1.89	6.83	0.00	0.00	0.00	0.14	16.12	100.00	5.01	16.27	3112	1533	848	205	0	0	0	0	5698	172.59	31.33	14.54	31.48	26.07	42.35	58.39	1.49	29.46	29.57
7/30/2020 11:14:30 AM	8.95	3.44	4.03	9.37	0.00	0.00	0.00	0.10	25.79	100.00	5.05	16.30	4743	3435	1816	281	0	0	0	0	10275	171.51	47.70	22.41	51.15	39.74	64.65	89.32	1.49	29.42	29.56
7/30/2020 11:14:33 AM	9.67	3.91	4.14	13.96	0.00	0.00	0.00	0.23	31.68	100.00	5.10	15.99	5124	3913	1863	419	0	0	0	0	11319	171.50	63.47	30.58	65.21	50.71	84.97	113.50	1.50	29.39	29.54
7/30/2020 11:14:35 AM	9.02	3.70	4.75	15.08	0.00	0.00	0.00	0.16	32.53	100.00	5.16	15.48	4779	3696	2136	452	0	0	0	0	11063	170.90	67.71	31.16	66.49	51.84	89.05	118.31	1.51	29.34	29.56
7/30/2020 11:14:37 AM	8.95	7.27	8.99	16.58	0.00	0.00	0.00	0.32	41.79	100.00	5.18	15.27	4742	7265	4047	497	0	0	0	0	16552	169.92	85.73	41.57	91.58	66.09	112.85	145.93	1.51	29.29	29.53
7/30/2020 11:14:40 AM	10.79	5.95	7.92	17.62	0.00	0.00	0.00	0.06	42.28	100.00	5.19	15.80	5717	5952	3563	529	0	0	0	0	15761	170.44	85.81	40.59	88.06	65.02	112.21	149.14	1.51	29.25	29.47
7/30/2020 11:14:42 AM	10.82	4.35	5.57	20.98	0.00	0.00	0.00	0.20	41.72	100.00	5.25	16.01	5734	4347	2505	630	0	0	0	0	13216	170.57	89.91	41.09	85.71	67.06	117.34	154.22	1.51	29.20	29.48
7/30/2020 11:14:45 AM	10.78	6.11	7.68	20.03	0.00	0.00	0.00	0.21	44.60	100.00	5.30	15.35	5716	6109	3456	601	0	0	0	0	15881	171.55	93.44	42.34	93.53	70.46	123.24	159.94	1.52	29.16	29.46
7/30/2020 11:14:47 AM	10.71	6.54	7.79	20.37	0.00	0.00	0.00	0.22	45.41	100.00	5.30	15.04	5675	6543	3505	611	0	0	0	0	16334	172.41	95.08	43.59	96.45	71.59	126.26	161.90	1.52	29.12	29.42
7/30/2020 11:14:49 AM	11.04	6.98	8.44	22.05	0.00	0.00	0.00	0.28	48.51	100.00	5.33	15.22	5852	6978	3797	662	0	0	0	0	17288	171.38	102.58	47.35	103.55	77.00	135.41	173.81	1.52	29.08	29.46
7/30/2020 11:14:52 AM	10.47	6.62	8.38	20.24	0.00	0.00	0.00	0.25	45.71	100.00	5.34	15.48	5550	6616	3773	607	0	0	0	0	16545	172.18	96.09	43.82	96.93	72.40	126.46	163.45	1.52	29.04	29.44
7/30/2020 11:14:54 AM	11.29	6.57	7.62	20.10	0.00	0.00	0.00	0.15	45.58	100.00	5.35	15.55	5982	6568	3428	603	0	0	0	0	16581	171.93	93.95	43.95	96.51	70.88	125.15	161.22	1.52	28.99	29.39
7/30/2020 11:14:57 AM	10.76	6.32	7.55	20.79	0.00	0.00	0.00	0.26	45.42	100.00	5.40	15.14	5702	6321	3399	624	0	0	0	0	16046	172.53	95.79	43.96	96.29	72.22	126.77	163.12	1.53	28.94	29.39
7/30/2020 11:14:59 AM	11.47	7.11	7.90	19.58	0.00	0.00	0.00	0.32	46.05	100.00	5.44	14.83	6076	7108	3553	587	0	0	0	0	17325	172.57	94.00	43.40	98.02	72.83	126.23	162.26	1.53	28.89	29.37
7/30/2020 11:15:01 AM	9.39	6.64	7.77	18.19	0.00	0.00	0.00	0.42	42.00	100.00	5.50	14.97	4978	6643	3496	546	0	0	0	0	15663	173.60	88.05	39.82	90.54	67.91	117.48	149.62	1.54	28.85	29.33
7/30/2020 11:15:04 AM	10.89	6.64	7.45	17.97	0.00	0.00	0.00	0.41	42.95	100.00	5.57	14.93	5771	6640	3353	539	0	0	0	0	16303	173.99	87.43	40.33	91.23	69.08	117.08	152.02	1.55	28.81	29.34
7/30/2020 11:15:06 AM	10.82	7.35	8.14	17.57	0.00	0.00	0.00	0.42	43.87	100.00	5.66	14.78	5732	7350	3661	527	0	0	0	0	17270	173.77	88.34	40.73	94.12	70.02	119.14	153.29	1.55	28.77	29.32
7/30/2020 11:15:08 AM	11.11	6.19	6.07	18.44	0.00	0.00	0.00	0.38	41.81	100.00	5.67	14.45	5887	6190	2732	553	0	0	0	0	15362	173.24	85.34	38.75	88.58	67.16	116.43	148.29	1.56	28.71	29.31
7/30/2020 11:15:11 AM	11.38	7.78	7.62	18.19	0.00	0.00	0.00	0.33	44.97	100.00	5.69	14.67	6030	7785	3429	546	0	0	0	0	17789	172.27	89.51	41.89	97.45	70.47	123.24	154.99	1.56	28.65	29.29
7/30/2020 11:15:13 AM	11.81	7.25	7.33	17.72	0.00	0.00	0.00	0.31	44.11	100.00	5.77	14.64	6259	7251	3298	531	0	0	0	0	17340	172.46	87.15	39.88	93.71	69.12	119.64	152.68	1.57	28.61	29.28
7/30/2020 11:15:16 AM	11.38	7.60	7.38	17.17	0.00	0.00	0.00	0.42	43.53	100.00	5.87	14.13	6034	7600	3321	515	0	0	0	0	17470	172.02	85.87	39.74	93.87	69.08	118.53	150.17	1.57	28.56	29.21
7/30/2020 11:15:18 AM	12.15	7.62	7.65	16.27	0.00	0.00	0.00	0.45	43.69	100.00	5.89	13.78	6442	7621	3441	488	0	0	0	0	17992	171.53	84.24	38.53	92.71	69.35	116.15	150.09	1.58	28.51	29.21
7/30/2020 11:15:20 AM	11.77	7.86	7.56	15.52	0.00	0.00	0.00	0.47	42.71	100.00	5.93	13.89	6238	7856	3403	466	0	0	0	0	17962	171.03	81.70	37.76	91.68	67.75	113.69	145.44	1.58	28.46	29.19
7/30/2020 11:15:23 AM	12.40	8.38	7.87	16.00	0.00	0.00	0.00	0.38	44.65	100.00	5.97	14.30	6573	8380	3543	480	0	0	0	0	18975	171.84	84.52	38.83	95.84	69.48	118.75	150.38	1.59	28.42	29.24
7/30/2020 11:15:25 AM	12.07	8.55	8.06	15.79	0.00	0.00	0.00	0.45	44.47	100.00	6.04	14.19	6399	8551	3626	474	0	0	0	0	19050	171.55	84.41	39.29	96.29	69.82	118.31	149.85	1.59	28.37	29.17
7/30/2020 11:15:27 AM	12.22	7.84	7.44	15.26	0.00	0.00	0.00	0.52	42.76	100.00	6.08	13.91	6477	7843	3347	458	0	0	0	0	18124	171.62	80.98	36.73	91.02	68.14	113.26	145.52	1.60	28.32	29.12
7/30/2020 11:15:30 AM	12.91	8.42	7.58	14.08	0.00	0.00	0.00	0.59	42.98	100.00	6.16	14.06	6841	8424	3409	422	0	0	0	0	19097	171.94	78.63	36.62	91.95	68.48	111.34	143.93	1.60	28.26	29.13
7/30/2020 11:15:32 AM	11.57	7.09	6.50	13.64	0.00	0.00	0.00	0.69	38.79	100.00	6.22	13.93	6130	7088	2923	409	0	0	0	0	16550	171.90	73.12	32.74	82.20	63.92	102.55	133.27	1.61	28.22	29.13
7/30/2020 11:15:35 AM	11.85	8.43	7.36	11.04	0.00	0.00	0.00	0.67	38.68	100.00	6.31	13.61	6279	8435	3312	331	0	0	0	0	18357	172.92	68.21	31.48	83.59	62.10	98.71	126.87	1.62	28.16	29.09
7/30/2020 11:15:37 AM	10.05	6.74	5.72	7.78	0.00	0.00	0.00	0.70	30.28	100.00	6.44	13.26	5327	6737	2572	233	0	0	0	0	14869	174.64	51.73	22.98	64.66	49.97	76.20	99.16	1.63	28.12	29.09
7/30/2020 11:15:39 AM	8.98	6.60	4.99	5.86	0.00	0.00	0.00	1.00	26.44	100.00	6.52	13.09	4760	6605	2246	176	0	0	0	0	13787	176.63	44.02	19.75	58.09	46.89	66.58	86.51	1.64	28.06	29.03
7/30/2020 11:15:42 AM	9.74	7.00	4.93	6.02	0.00	0.00	0.00	1.02	27.69	100.00	6.59	13.21	5161	6998	2220	181	0	0	0	0	14560	177.06	45.19	20.93	61.02	48.65	69.18	89.68	1.65	28.01	28.99
7/30/2020 11:15:44 AM	8.86	6.39	4.05	5.75	0.00	0.00	0.00	1.09	25.04	100.00	6.69	13.08	4695	6386	1820	172	0	0	0	0	13073	177.51	41.40	18.68	55.71	45.61	64.33	82.08	1.66	27.96	28.99
7/30/2020 11:15:47 AM	8.48	6.78	4.45	4.91	0.00	0.00	0.00	1.09	24.62	100.00	6.72	12.92	4493	6777	2004	147	0	0	0	0	13422	177.44	39.81	18.34	55.74	44.58	62.56	79.08	1.66	27.90	28.94
7/30/2020 11:15:49 AM	8.43	6.40	4.01	5.43	0.00	0.00	0.00	1.02	24.26	100.00	6.81	12.98	4468	6398	1803	163	0	0	0	0	12831	177.68	39.85	18.48	54.72	43.65	62.47	78.56	1.67	27.86	28.96
7/30/2020 11:15:51 AM	8.81	6.63	4.35	4.71	0.00	0.00	0.00	1.05	24.51	100.00	6.87	13.07	4672	6628	1959	141	0	0	0	0	13400	178.31	38.93	17.97	54.80	44.04	61.29	78.50	1.67	27.81	28.91
7/30/2020 11:15:54 AM	8.52	6.63	4.34	4.41	0.00	0.00	0.00	1.06	23.91	100.00	6.93	13.33	4518	6634	1955	132	0	0	0	0	13239	178.32	37.82	17.42	53.83	43.22	59.90	76.30	1.68	27.75	28.91
7/30/2020 11:15:56 AM	8.81	6.37	3.71	4.39	0.00	0.00	0.00	1.17	23.28	100.00	6.99	13.09	4669	6367	1670	132	0	0	0	0	12838	178.47	36.46	17.23	52.35	43.37	58.18	75.09	1.68	27.70	28.91
7/30/2020 11:15:58 AM	8.25	6.74	4.48	3.92	0.00	0.00	0.00	1.19	23.40	100.00	7.04	12.75	4373	6745	2018	118	0	0	0	0	13254	178.47	36.90	16.74	53.10	43.61	58.55	74.96	1.69	27.64	28.86
7/30/2020 11:16:01 AM	8.78	6.77	4.43	3.23	0.00	0.00	0.00	1.22	23.21	100.00	7.12	13.01	4654	6770	1991	97	0	0	0	0	13513	178.26	35.00	16.09	52.10	43.38	56.22	73.63	1.70	27.60	28.83
7/30/2020 11:16:03 AM	10.02	7.25	4.50	2.65	0.00	0.00	0.00	1.28	24.41	100.00	7.18	13.20	5309	7255	2023	79	0	0	0	0	14666	177.76	34.63	15.91	54.04	45.26	57.12	76.00	1.70	27.55	28.82
7/30/2020 11:16:06 AM	10.60	6.88	3.96	2.61	0.00	0.00	0.00	1.55	24.05	100.00	7.28	12.91	5618	6879	1780	78	0	0	0	0	14356	176.43	34.01	14.74	52.06	47.54	55.91	77.36	1.71	27.49	28.76
7/30/2020 11:16:08 AM	12.93	7.55	4.67	1.76	0.00	0.00	0.00	1.81	26.90	100.00	7.34	12.59	6851	7552	2100	53	0	0	0	0	16556	174.74	35.64	14.90	55.87	53.76	58.28	86.53	1.72	27.45	28.75
7/30/2020 11:16:10 AM	14.05	8.24	5.51	0.52	0.00	0.00	0.00	2.04	28.32	100.00	7.40	12.67	7447	8245	2478	16	0	0	0	0	18186	173.76	35.59	14.74	58.13	57.54	58.12	90.49	1.72	27.38	28.71
7/30/2020 11:16:13 AM	17.15	8.83	5.67	0.00	0.00	0.00	0.00	2.57	31.65	100.00	7.46	12.53	9089	8826	2553	0	0	0	0	0	20468	170.56	38.08	15.21	62.70	67.18	61.53	103.33	1.73	27.32	28.68
7/30/2020 11:16:15 AM	19.18	8.66	5.27	0.00	0.00	0.00	0.00	2.77	33.11	100.00	7.53	12.22	10168	8660	2371	0	0	0	0	0	21199	168.34	38.79	14.43	63.25	71.33	62.49	109.66	1.74	27.28	28.66
7/30/2020 11:16:17 AM	17.63	8.27	5.25	0.00	0.00	0.00	0.00	2.61	31.16	100.00	7.59	12.06	9346	8275	2361	0	0	0	0	0	19982	170.00	37.04	14.16	60.06	67.18	59.43	103.19	1.74	27.22	28.68
7/30/2020 11:16:20 AM	20.77	8.81	4.87	0.00	0.00	0.00	0.00	3.12	34.45	100.00	7.63	12.11	11007	8813	2191	0	0	0	0	0	22011	167.34	39.86	14.71	65.60	76.60	63.67	115.83	1.75	27.16	28.63
7/30/2020 11:16:22 AM	22.65	9.67	4.84	0.00	0.00	0.00	0.00	3.42	37.16	100.00	7.70	12.19	12006	9665	2180	0	0	0	0	0	23852	164.59	42.52	16.10	72.48	83.03	67.56	124.49	1.75	27.12	28.62
7/30/2020 11:16:25 AM	22.35	9.39	4.81	0.00	0.00	0.00	0.00	3.56	36.55	100.00	7.72	12.17	11847	9387	2165	0	0	0	0	0	23400	163.96	42.32	15.63	69.88	83.74	67.42	124.42	1.76	27.05	28.57
7/30/2020 11:16:27 AM	21.92	9.38	5.22	0.00	0.00	0.00	0.00	3.32	36.52	100.00	7.73	12.35	11619	9376	2351	0	0	0	0	0	23345	165.67	42.42	15.64	69.79	81.39	67.29	122.94	1.76	27.01	28.58
7/30/2020 11:16:29 AM	23.62	10.31	4.84	0.00	0.00	0.00	0.00	3.69	38.76	100.00	7.76	12.61	12516	10308	2178	0	0	0	0	0	25003	164.84	44.36	16.86	76.64	87.65	70.90	129.94	1.76	26.96	28.56
7/30/2020 11:16:32 AM	24.21	10.27	4.73	0.00	0.00	0.00	0.00	3.84	39.21	100.00	7.78	12.89	12829	10268	2130	0	0	0	0	0	25227	163.31	44.76	17.18	76.43	89.88	71.70	132.62	1.76	26.90	28.48
7/30/2020 11:16:34 AM	26.46	9.74	3.72	0.00	0.00	0.00	0.00	4.48	39.93	100.00	7.85	12.72	14026	9744	1673	0	0	0	0	0	25444	160.59	44.89	16.72	74.95	97.50	71.05	140.35	1.77	26.85	28.47
7/30/2020 11:16:37 AM	22.32	8.64	3.42	0.00	0.00	0.00	0.00	4.45	34.39	100.00	7.98	12.01	11832	8643	1539	0	0	0	0	0	22014	163.72	40.77	14.90	66.35	89.98	62.42	125.15	1.78	26.79	28.45
7/30/2020 11:16:39 AM	19.97	8.04	3.51	0.00	0.00	0.00	0.00	4.02	31.52	100.00	8.09	11.60	10583	8042	1581	0	0	0	0	0	20206	165.85	37.92	13.82	61.13	81.84	58.17	114.28	1.79	26.74	28.43
7/30/2020 11:16:41 AM	16.21	7.01	2.89	0.00	0.00	0.00	0.00	3.75	26.11	100.00	8.17	11.55	8591	7012	1300	0	0	0	0	0	16904	167.26	32.64	12.00	52.71	71.88	49.67	96.95	1.80	26.68	28.41
7/30/2020 11:16:44 AM	13.58	5.91	2.30	0.00	0.00	0.00	0.00	3.10	21.79	100.00	8.24	11.48	7195	5908	1037	0	0	0	0	0	14140	170.39	27.02	10.10	44.19	59.57	42.20	80.29	1.81	26.63	28.37
7/30/2020 11:16:46 AM	13.02	5.43	2.17	0.00	0.00	0.00	0.00	2.97	20.61	100.00	8.36	11.18	6898	5429	975	0	0	0	0	0	13302	170.42	25.60	9.40	40.94	56.86	39.94	76.70	1.82	26.57	28.31
7/30/2020 11:16:48 AM	11.27	5.02	1.49	0.00	0.00	0.00	0.00	2.61	17.78	100.00	8.41	11.07	5975	5023	669	0	0	0	0	0	11667	171.59	21.64	8.73	37.20	49.17	35.30	65.04	1.82	26.52	28.31
7/30/2020 11:16:51 AM	10.68	4.87	1.83	0.00	0.00	0.00	0.00	2.61	17.38	100.00	8.47	11.26	5658	4874	822	0	0	0	0	0	11354	172.01	21.96	8.70	36.08	48.83	34.83	64.60	1.83	26.46	28.31
7/30/2020 11:16:53 AM	11.07	4.61	1.80	0.00	0.00	0.00	0.00	2.59	17.48	100.00	8.48	11.42	5866	4614	808	0	0	0	0	0	11288	171.88	21.83	8.17	34.51	48.94	34.82	65.50	1.83	26.41	28.28
7/30/2020 11:16:56 AM	11.47	5.03	1.55	0.00	0.00	0.00	0.00	2.68	18.05	100.00	8.51	11.69	6080	5031	696	0	0	0	0	0	11807	171.85	22.14	8.54	37.55	50.34	35.59	66.55	1.83	26.35	28.21
7/30/2020 11:16:58 AM	11.25	4.95	1.73	0.00	0.00	0.00	0.00	2.70	17.93	100.00	8.55	11.74	5961	4954	779	0	0	0	0	0	11694	170.77	22.37	8.84	36.69	50.50	35.80	66.80	1.84	26.31	28.21
7/30/2020 11:17:00 AM	11.26	4.73	1.67	0.00	0.00	0.00	0.00	2.63	17.66	100.00	8.62	11.64	5966	4730	753	0	0	0	0	0	11449	170.90	21.88	8.36	35.70	49.43	34.68	65.86	1.84	26.25	28.18
7/30/2020 11:17:03 AM	10.53	4.81	1.69	0.00	0.00	0.00	0.00	2.65	17.03	100.00	8.71	11.63	5581	4812	762	0	0	0	0	0	11154	171.75	21.58	8.69	35.37	48.74	34.51	63.84	1.85	26.19	28.15
7/30/2020 11:17:05 AM	8.93	4.39	1.60	0.00	0.00	0.00	0.00	2.42	14.92	100.00	8.77	11.28	4734	4388	719	0	0	0	0	0	9840	172.11	19.51	7.66	32.12	43.67	30.95	56.32	1.86	26.15	28.13
7/30/2020 11:17:07 AM	8.22	3.91	1.23	0.00	0.00	0.00	0.00	2.21	13.37	100.00	8.81	11.04	4358	3909	556	0	0	0	0	0	8823	172.34	17.23	6.82	28.38	39.50	28.38	50.60	1.86	26.09	28.05
7/30/2020 11:17:10 AM	7.89	4.11	1.07	0.00	0.00	0.00	0.00	2.21	13.07	100.00	8.85	11.09	4183	4106	481	0	0	0	0	0	8770	172.98	16.83	7.09	29.41	38.89	28.08	48.86	1.87	26.03	28.05
7/30/2020 11:17:12 AM	7.67	4.07	1.18	0.00	0.00	0.00	0.00	2.21	12.92	100.00	8.91	11.12	4065	4073	531	0	0	0	0	0	8669	172.93	16.91	6.89	28.92	38.66	28.19	48.57	1.87	25.98	28.03
7/30/2020 11:17:15 AM	7.69	3.81	1.26	0.00	0.00	0.00	0.00	2.12	12.75	100.00	8.96	10.86	4073	3807	566	0	0	0	0	0	8446	172.55	16.62	6.78	27.43	37.73	27.45	48.18	1.88	25.92	27.97
7/30/2020 11:17:17 AM	7.11	3.71	1.34	0.00	0.00	0.00	0.00	2.17	12.16	100.00	8.98	10.62	3770	3713	601	0	0	0	0	0	8083	171.73	16.52	6.52	26.47	37.48	26.88	47.05	1.88	25.87	27.97
7/30/2020 11:17:19 AM	7.36	3.81	0.88	0.00	0.00	0.00	0.00	2.19	12.05	100.00	9.06	10.81	3900	3806	398	0	0	0	0	0	8103	172.18	15.78	6.40	27.32	37.35	26.30	46.05	1.89	25.81	27.93
7/30/2020 11:17:22 AM	6.54	3.24	0.49	0.00	0.00	0.00	0.00	1.97	10.27	100.00	9.18	10.59	3467	3235	220	0	0	0	0	0	6923	173.19	13.30	5.49	23.52	32.80	22.69	39.71	1.90	25.75	27.89
7/30/2020 11:17:24 AM	5.98	3.13	0.69	0.00	0.00	0.00	0.00	1.84	9.81	100.00	9.29	10.39	3171	3130	312	0	0	0	0	0	6613	172.87	13.00	5.25	22.42	30.89	22.24	37.70	1.91	25.70	27.89
7/30/2020 11:17:27 AM	6.02	3.24	0.64	0.00	0.00	0.00	0.00	1.86	9.90	100.00	9.41	10.34	3188	3244	290	0	0	0	0	0	6722	172.79	13.09	5.32	23.38	31.16	22.22	37.79	1.92	25.64	27.84
7/30/2020 11:17:29 AM	5.91	3.15	0.51	0.00	0.00	0.00	0.00	1.82	9.57	100.00	9.53	10.09	3131	3153	231	0	0	0	0	0	6515	172.68	12.51	5.30	22.40	30.36	21.91	36.57	1.93	25.60	27.82
7/30/2020 11:17:31 AM	6.10	3.19	0.49	0.00	0.00	0.00	0.00	1.80	9.79	100.00	9.61	10.02	3235	3187	223	0	0	0	0	0	6645	172.89	12.56	5.37	22.92	30.40	21.94	36.94	1.94	25.53	27.81
7/30/2020 11:17:34 AM	5.78	3.02	0.68	0.00	0.00	0.00	0.00	1.82	9.48	100.00	9.67	10.14	3064	3021	305	0	0	0	0	0	6390	172.51	12.75	4.96	21.98	30.35	21.36	36.83	1.95	25.48	27.76
7/30/2020 11:17:36 AM	5.88	3.12	0.43	0.00	0.00	0.00	0.00	1.83	9.44	100.00	9.72	10.28	3116	3122	195	0	0	0	0	0	6434	172.40	12.33	5.13	22.47	30.24	21.37	36.17	1.95	25.42	27.74
7/30/2020 11:17:38 AM	6.17	3.12	0.43	0.00	0.00	0.00	0.00	1.80	9.71	100.00	9.84	10.23	3269	3119	192	0	0	0	0	0	6580	172.53	12.41	5.24	22.65	30.37	21.59	36.86	1.96	25.36	27.69
7/30/2020 11:17:41 AM	6.05	3.13	0.51	0.00	0.00	0.00	0.00	1.83	9.68	100.00	9.90	10.14	3207	3128	228	0	0	0	0	0	6562	172.49	12.59	5.23	22.53	30.62	21.80	37.05	1.97	25.32	27.69
7/30/2020 11:17:43 AM	6.17	3.26	0.54	0.00	0.00	0.00	0.00	1.83	9.98	100.00	9.94	10.29	3270	3264	245	0	0	0	0	0	6779	172.37	12.88	5.39	23.48	30.94	22.30	37.63	1.97	25.25	27.65
7/30/2020 11:17:46 AM	6.16	2.90	0.52	0.00	0.00	0.00	0.00	1.84	9.58	100.00	9.98	10.38	3265	2899	234	0	0	0	0	0	6398	172.51	12.53	4.98	21.42	30.76	21.17	37.50	1.98	25.20	27.60
7/30/2020 11:17:48 AM	6.18	2.83	0.61	0.00	0.00	0.00	0.00	1.86	9.62	100.00	10.03	10.62	3277	2826	272	0	0	0	0	0	6376	172.06	12.71	4.95	20.97	31.04	21.24	38.05	1.98	25.16	27.57
7/30/2020 11:17:50 AM	6.44	3.15	0.49	0.00	0.00	0.00	0.00	1.86	10.08	100.00	10.11	10.73	3414	3147	223	0	0	0	0	0	6784	172.04	12.90	5.18	23.06	31.43	22.12	38.46	1.99	25.09	27.57
7/30/2020 11:17:53 AM	6.13	2.99	0.59	0.00	0.00	0.00	0.00	1.87	9.71	100.00	10.18	10.41	3251	2986	265	0	0	0	0	0	6502	172.02	12.80	5.09	21.80	31.14	21.68	37.93	2.00	25.04	27.54
7/30/2020 11:17:55 AM	5.89	3.06	0.48	0.00	0.00	0.00	0.00	1.88	9.43	100.00	10.22	10.11	3123	3058	217	0	0	0	0	0	6399	171.67	12.52	4.98	21.88	30.84	21.63	36.84	2.00	25.00	27.51
7/30/2020 11:17:57 AM	5.94	3.15	0.42	0.00	0.00	0.00	0.00	1.86	9.52	100.00	10.26	10.17	3148	3154	191	0	0	0	0	0	6492	170.67	12.45	5.04	22.53	30.65	21.73	36.58	2.00	24.93	27.45
7/30/2020 11:18:00 AM	5.85	3.03	0.54	0.00	0.00	0.00	0.00	1.86	9.43	100.00	10.32	10.21	3102	3032	243	0	0	0	0	0	6377	172.00	12.54	4.95	21.49	30.66	21.84	36.81	2.01	24.89	27.41
7/30/2020 11:18:02 AM	6.34	3.12	0.53	0.00	0.00	0.00	0.00	1.87	9.99	100.00	10.37	10.30	3362	3123	237	0	0	0	0	0	6722	171.41	12.92	5.11	22.79	31.43	22.11	38.36	2.02	24.84	27.35
7/30/2020 11:18:05 AM	6.18	3.03	0.42	0.00	0.00	0.00	0.00	1.90	9.64	100.00	10.40	10.47	3278	3031	191	0	0	0	0	0	6500	171.77	12.59	4.91	22.06	31.29	21.61	37.63	2.02	24.78	27.34
7/30/2020 11:18:07 AM	6.27	3.16	0.45	0.00	0.00	0.00	0.00	1.90	9.88	100.00	10.43	10.67	3324	3158	201	0	0	0	0	0	6683	172.17	12.81	5.06	22.80	31.57	22.17	38.07	2.02	24.73	27.34
7/30/2020 11:18:09 AM	6.46	3.17	0.48	0.00	0.00	0.00	0.00	1.89	10.10	100.00	10.49	10.79	3426	3166	214	0	0	0	0	0	6806	171.97	13.00	5.19	23.36	31.81	22.01	38.73	2.03	24.69	27.29
7/30/2020 11:18:12 AM	6.17	3.03	0.63	0.00	0.00	0.00	0.00	1.90	9.82	100.00	10.58	10.55	3268	3030	282	0	0	0	0	0	6581	171.68	13.04	5.06	22.02	31.62	22.04	38.48	2.04	24.62	27.24
7/30/2020 11:18:14 AM	5.95	2.81	0.71	0.00	0.00	0.00	0.00	1.86	9.47	100.00	10.59	10.19	3155	2806	319	0	0	0	0	0	6280	171.98	12.81	4.76	20.74	30.84	21.15	37.73	2.04	24.58	27.20
7/30/2020 11:18:17 AM	6.36	3.12	0.51	0.00	0.00	0.00	0.00	1.89	10.00	100.00	10.65	10.32	3373	3121	230	0	0	0	0	0	6724	171.09	13.00	4.90	23.02	31.69	21.91	38.56	2.04	24.52	27.20
7/30/2020 11:18:19 AM	6.21	2.76	0.47	0.00	0.00	0.00	0.00	1.95	9.44	100.00	10.72	10.45	3293	2758	213	0	0	0	0	0	6263	171.31	12.61	4.65	20.68	31.72	20.84	38.25	2.05	24.46	27.19
7/30/2020 11:18:21 AM	6.40	3.04	0.21	0.00	0.00	0.00	0.00	1.91	9.64	100.00	10.78	10.26	3390	3035	93	0	0	0	0	0	6519	171.88	12.26	4.84	22.39	31.34	21.21	37.45	2.06	24.42	27.10
7/30/2020 11:18:24 AM	6.51	3.15	0.39	0.00	0.00	0.00	0.00	1.95	10.05	100.00	10.82	9.98	3449	3151	177	0	0	0	0	0	6777	171.02	12.95	5.16	23.12	32.30	22.10	38.97	2.06	24.38	27.09
7/30/2020 11:18:26 AM	6.48	3.24	0.52	0.00	0.00	0.00	0.00	1.93	10.24	100.00	10.84	9.85	3435	3238	234	0	0	0	0	0	6907	171.53	13.27	5.24	23.67	32.35	22.51	39.32	2.06	24.31	27.07
7/30/2020 11:18:28 AM	6.22	3.05	0.50	0.00	0.00	0.00	0.00	1.92	9.76	100.00	10.87	9.97	3295	3046	225	0	0	0	0	0	6565	171.59	12.83	4.99	22.15	31.65	21.88	38.21	2.07	24.26	27.04
7/30/2020 11:18:31 AM	6.27	3.06	0.53	0.00	0.00	0.00	0.00	1.95	9.86	100.00	10.91	10.19	3324	3056	240	0	0	0	0	0	6620	171.62	13.06	5.13	22.51	32.18	21.78	38.83	2.07	24.21	27.02
7/30/2020 11:18:33 AM	6.20	3.08	0.48	0.00	0.00	0.00	0.00	1.96	9.77	100.00	10.97	10.22	3287	3083	216	0	0	0	0	0	6586	171.53	12.96	4.88	22.53	32.08	21.82	38.44	2.07	24.15	26.95
7/30/2020 11:18:36 AM	6.16	3.07	0.52	0.00	0.00	0.00	0.00	1.96	9.75	100.00	11.03	10.22	3263	3066	236	0	0	0	0	0	6564	171.29	13.02	4.98	22.58	32.06	21.61	38.47	2.08	24.10	26.90
7/30/2020 11:18:38 AM	5.94	2.94	0.47	0.00	0.00	0.00	0.00	1.93	9.35	100.00	11.10	10.17	3149	2940	211	0	0	0	0	0	6300	171.19	12.53	4.94	21.26	31.30	21.34	37.30	2.09	24.06	26.93
7/30/2020 11:18:40 AM	6.24	3.08	0.52	0.00	0.00	0.00	0.00	1.98	9.84	100.00	11.22	10.12	3307	3078	234	0	0	0	0	0	6620	171.14	13.11	4.99	22.36	32.42	22.12	38.92	2.10	24.00	26.86
