Date/Time	Green Algae	Bluegreen	Diatoms	Cryptophyta	#5	#6	#7	Yellow substances	Total conc.	Transmission	Depth	Temp. Sample	Green Algae	Bluegreen	Diatoms	Cryptophyta	#5	#6	#7	Yellow substances	Total cell count	Trans. 700 nm	LED 3 [525 nm]	LED 4 [570 nm]	LED 5 [610 nm]	LED 6 [370 nm]	LED 7 [590 nm]	LED 8 [470 nm]	Pressure	Temp. LEDs	Temp. Sensor
date	µg/l	µg/l	µg/l	µg/l	µg/l	µg/l	µg/l	r.u.	µg/l	%	m	°C	cells/ml	cells/ml	cells/ml	cells/ml	cells/ml	cells/ml	cells/ml	r.u.	cells/ml	digits	digits	digits	digits	digits	digits	digits	bar	°C	°C
6/12/2020 9:58:01 AM	3.77	0.00	1.26	0.00	0.00	0.00	0.00	0.36	5.03	85.45	0.05	23.49	1998	0	567	0	0	0	0	0	2565	129.68	6.40	2.54	5.72	10.91	6.00	20.68	1.00	23.63	22.51
6/12/2020 9:58:03 AM	3.94	0.06	0.54	0.32	0.00	0.00	0.00	0.22	4.85	85.72	0.09	23.57	2087	57	241	10	0	0	0	0	2395	130.09	5.59	2.22	6.34	9.34	7.96	17.81	1.01	23.67	22.49
6/12/2020 9:58:06 AM	4.64	0.14	0.23	0.00	0.00	0.00	0.00	0.39	5.00	86.25	0.17	23.59	2458	136	102	0	0	0	0	0	2696	130.90	4.75	2.44	6.91	10.99	6.66	18.62	1.02	23.69	22.54
6/12/2020 9:58:08 AM	4.38	0.00	0.00	0.29	0.00	0.00	0.00	0.36	4.67	85.54	0.25	23.60	2319	0	0	9	0	0	0	0	2328	129.82	5.09	3.25	4.90	9.97	7.07	18.20	1.02	23.71	22.52
6/12/2020 9:58:11 AM	4.63	0.00	1.25	0.00	0.00	0.00	0.00	0.07	5.87	85.69	0.32	23.61	2452	0	561	0	0	0	0	0	3013	130.03	6.08	1.70	5.02	9.06	7.94	21.05	1.03	23.75	22.57
6/12/2020 9:58:13 AM	2.21	0.40	1.58	0.00	0.00	0.00	0.00	0.47	4.19	86.06	0.43	23.50	1170	404	709	0	0	0	0	0	2283	130.60	7.08	2.39	7.84	10.94	6.96	17.54	1.04	23.77	22.57
6/12/2020 9:58:15 AM	2.67	0.15	1.61	0.00	0.00	0.00	0.00	0.41	4.43	86.20	0.52	23.54	1414	147	726	0	0	0	0	0	2287	130.82	7.02	1.60	6.00	10.77	7.50	18.59	1.05	23.80	22.57
6/12/2020 9:58:18 AM	3.86	0.00	1.66	0.00	0.00	0.00	0.00	0.11	5.52	85.15	0.57	23.60	2046	0	749	0	0	0	0	0	2795	129.23	7.01	0.62	6.17	9.27	7.54	20.35	1.06	23.82	22.59
6/12/2020 9:58:20 AM	3.73	0.01	1.28	0.00	0.00	0.00	0.00	0.28	5.02	84.83	0.69	23.48	1976	10	577	0	0	0	0	0	2563	128.74	6.38	2.02	5.99	10.36	7.19	19.51	1.07	23.85	22.57
6/12/2020 9:58:22 AM	5.03	0.00	0.77	0.00	0.00	0.00	0.00	0.27	5.79	84.62	0.80	23.49	2665	0	345	0	0	0	0	0	3009	128.41	5.62	2.32	5.80	10.59	5.70	22.21	1.08	23.87	22.62
6/12/2020 9:58:25 AM	3.80	0.00	1.72	0.00	0.00	0.00	0.00	0.17	5.52	84.65	0.90	23.57	2012	0	776	0	0	0	0	0	2788	128.46	7.23	1.11	6.25	9.88	7.04	21.09	1.09	23.91	22.64
6/12/2020 9:58:27 AM	5.03	0.00	1.18	0.00	0.00	0.00	0.00	0.15	6.20	85.13	1.00	23.60	2664	0	531	0	0	0	0	0	3194	129.19	6.57	1.32	6.75	10.48	7.60	22.37	1.10	23.93	22.67
6/12/2020 9:58:30 AM	3.24	0.00	2.00	0.00	0.00	0.00	0.00	0.27	5.24	84.66	1.06	23.65	1716	0	901	0	0	0	0	0	2617	128.48	7.47	2.52	4.53	10.27	6.90	21.88	1.10	23.96	22.66
6/12/2020 9:58:32 AM	3.81	0.00	1.70	0.00	0.00	0.00	0.00	0.19	5.51	84.67	1.10	23.67	2018	0	765	0	0	0	0	0	2784	128.50	7.00	2.02	5.29	9.87	7.17	21.43	1.11	23.98	22.70
6/12/2020 9:58:34 AM	4.58	0.00	1.44	0.00	0.00	0.00	0.00	0.08	6.02	85.66	1.17	23.62	2426	0	647	0	0	0	0	0	3073	130.00	6.78	1.45	7.32	9.53	6.51	21.54	1.11	24.02	22.71
6/12/2020 9:58:37 AM	2.16	0.16	2.08	0.27	0.00	0.00	0.00	0.44	4.67	86.29	1.30	23.63	1146	164	936	8	0	0	0	0	2255	130.95	8.77	1.91	6.55	11.64	8.99	20.44	1.13	24.03	22.69
6/12/2020 9:58:39 AM	4.45	0.00	1.52	0.00	0.00	0.00	0.00	0.25	5.97	84.20	1.32	23.65	2357	0	683	0	0	0	0	0	3040	127.79	7.11	3.18	6.76	11.17	6.44	23.08	1.13	24.06	22.71
6/12/2020 9:58:41 AM	4.22	0.00	1.72	0.00	0.00	0.00	0.00	0.16	5.95	85.63	1.36	23.57	2237	0	776	0	0	0	0	0	3013	129.96	7.24	1.76	5.53	10.14	7.59	22.64	1.13	24.09	22.74
6/12/2020 9:58:44 AM	2.67	0.00	2.54	0.00	0.00	0.00	0.00	0.36	5.21	85.24	1.40	23.52	1413	0	1144	0	0	0	0	0	2557	129.36	9.03	1.83	6.68	11.72	7.19	22.31	1.14	24.11	22.77
6/12/2020 9:58:46 AM	4.77	0.00	1.50	0.00	0.00	0.00	0.00	0.19	6.27	86.08	1.43	23.50	2530	0	674	0	0	0	0	0	3204	130.63	7.14	1.92	5.92	11.02	8.13	23.55	1.14	24.15	22.74
6/12/2020 9:58:49 AM	3.52	0.00	2.34	0.00	0.00	0.00	0.00	0.24	5.86	85.31	1.45	23.49	1864	0	1054	0	0	0	0	0	2917	129.46	8.59	2.53	6.45	11.28	7.62	23.46	1.14	24.17	22.72
6/12/2020 9:58:51 AM	4.06	0.04	2.03	0.00	0.00	0.00	0.00	0.23	6.13	84.55	1.48	23.44	2149	39	914	0	0	0	0	0	3103	128.31	8.43	1.02	7.72	11.53	7.95	23.38	1.15	24.19	22.74
6/12/2020 9:58:53 AM	4.25	0.00	1.80	0.00	0.00	0.00	0.00	0.33	6.05	85.05	1.52	23.38	2252	0	809	0	0	0	0	0	3061	129.07	8.00	2.30	7.12	12.24	6.87	24.20	1.15	24.22	22.80
6/12/2020 9:58:56 AM	3.88	0.00	2.48	0.00	0.00	0.00	0.00	0.06	6.36	85.76	1.55	23.40	2056	0	1114	0	0	0	0	0	3170	130.15	8.64	1.81	6.68	9.86	7.00	24.15	1.15	24.25	22.84
6/12/2020 9:58:58 AM	3.71	0.00	2.25	0.00	0.00	0.00	0.00	0.31	5.96	85.17	1.58	23.35	1965	0	1013	0	0	0	0	0	2978	129.25	8.75	2.13	7.23	12.03	6.61	24.39	1.15	24.27	22.82
6/12/2020 9:59:00 AM	4.71	0.00	1.98	0.00	0.00	0.00	0.00	0.31	6.69	86.31	1.61	22.64	2496	0	893	0	0	0	0	0	3389	130.97	8.73	1.00	7.42	12.77	7.04	26.65	1.16	24.30	22.82
6/12/2020 9:59:03 AM	4.95	0.00	3.62	0.00	0.00	0.00	0.00	0.19	8.57	84.24	1.66	21.22	2626	0	1629	0	0	0	0	0	4255	127.84	12.31	2.52	8.53	14.58	8.99	33.88	1.16	24.33	22.85
6/12/2020 9:59:05 AM	9.32	0.00	5.36	0.00	0.00	0.00	0.00	0.02	14.68	83.74	1.66	20.13	4937	0	2414	0	0	0	0	0	7351	127.08	18.89	3.94	15.49	22.53	14.99	53.40	1.16	24.34	22.85
6/12/2020 9:59:08 AM	8.46	0.00	6.93	0.05	0.00	0.00	0.00	0.15	15.44	83.47	1.73	19.46	4484	0	3119	1	0	0	0	0	7605	126.68	22.51	5.39	15.56	25.53	17.39	58.82	1.17	24.36	22.86
6/12/2020 9:59:10 AM	8.79	0.00	6.59	0.00	0.00	0.00	0.00	0.20	15.39	84.00	1.81	18.71	4661	0	2966	0	0	0	0	0	7627	127.47	21.75	4.16	13.77	25.55	18.07	58.88	1.18	24.38	22.86
6/12/2020 9:59:12 AM	7.94	0.03	6.70	0.00	0.00	0.00	0.00	0.18	14.67	84.38	1.90	18.16	4208	29	3015	0	0	0	0	0	7252	128.05	21.70	4.12	15.12	24.60	16.68	56.08	1.19	24.40	22.87
6/12/2020 9:59:15 AM	7.53	0.00	6.99	0.00	0.00	0.00	0.00	0.33	14.51	84.08	2.01	17.93	3990	0	3144	0	0	0	0	0	7134	127.60	22.53	3.64	14.71	25.95	16.60	57.39	1.20	24.42	22.94
6/12/2020 9:59:17 AM	8.10	0.00	7.03	0.00	0.00	0.00	0.00	0.25	15.12	83.77	2.06	17.89	4291	0	3163	0	0	0	0	0	7454	127.13	22.79	2.60	14.83	25.84	16.89	59.03	1.20	24.43	22.94
6/12/2020 9:59:20 AM	8.30	0.00	8.02	0.00	0.00	0.00	0.00	0.18	16.33	84.03	2.12	18.03	4400	0	3611	0	0	0	0	0	8011	127.52	24.79	5.03	15.24	26.86	17.37	63.91	1.21	24.45	22.94
6/12/2020 9:59:22 AM	7.34	0.00	7.57	0.14	0.00	0.00	0.00	0.32	15.05	84.46	2.17	18.18	3889	0	3405	4	0	0	0	0	7298	128.17	24.15	4.47	15.07	26.83	18.31	59.72	1.21	24.46	22.96
6/12/2020 9:59:24 AM	8.02	0.00	7.47	0.00	0.00	0.00	0.00	0.28	15.49	84.68	2.25	18.03	4253	0	3359	0	0	0	0	0	7612	128.51	23.43	5.36	13.79	26.55	17.00	61.52	1.22	24.49	22.96
6/12/2020 9:59:27 AM	8.18	0.00	7.27	0.00	0.00	0.00	0.00	0.31	15.45	84.70	2.32	17.80	4334	0	3271	0	0	0	0	0	7605	128.53	23.50	3.72	15.07	27.13	17.74	60.66	1.23	24.49	22.97
6/12/2020 9:59:29 AM	8.30	0.02	6.28	0.00	0.00	0.00	0.00	0.25	14.60	85.35	2.38	17.66	4401	15	2827	0	0	0	0	0	7243	129.53	21.19	3.26	15.22	25.16	16.40	56.00	1.23	24.50	23.00
6/12/2020 9:59:31 AM	7.42	0.02	6.81	0.00	0.00	0.00	0.00	0.22	14.26	85.43	2.43	17.77	3931	24	3067	0	0	0	0	0	7022	129.65	21.75	3.99	14.57	24.42	16.63	55.20	1.24	24.52	23.02
6/12/2020 9:59:34 AM	8.37	0.00	5.92	0.05	0.00	0.00	0.00	0.30	14.33	86.11	2.48	18.26	4434	0	2662	1	0	0	0	0	7097	130.68	20.42	4.54	14.46	25.11	16.48	55.14	1.24	24.53	23.04
6/12/2020 9:59:36 AM	7.13	0.00	7.05	0.00	0.00	0.00	0.00	0.26	14.18	85.39	2.54	18.20	3779	0	3173	0	0	0	0	0	6952	129.59	22.20	3.84	13.85	24.82	16.97	55.81	1.25	24.54	23.09
6/12/2020 9:59:39 AM	7.85	0.14	6.85	0.00	0.00	0.00	0.00	0.35	14.85	85.92	2.62	17.11	4162	139	3084	0	0	0	0	0	7386	130.40	22.63	3.86	16.21	26.53	16.98	57.84	1.26	24.55	23.06
6/12/2020 9:59:41 AM	7.83	0.25	7.67	0.13	0.00	0.00	0.00	0.38	15.87	85.34	2.70	16.53	4149	245	3451	4	0	0	0	0	7849	129.51	25.02	5.41	17.10	28.60	19.44	62.29	1.26	24.57	23.09
6/12/2020 9:59:43 AM	8.60	0.37	8.87	0.00	0.00	0.00	0.00	0.22	17.85	85.04	2.76	16.24	4558	375	3993	0	0	0	0	0	8926	129.06	27.77	4.99	19.57	30.00	21.05	68.26	1.27	24.58	23.07
6/12/2020 9:59:46 AM	8.08	0.29	8.04	0.26	0.00	0.00	0.00	0.34	16.67	85.46	2.83	16.36	4281	291	3620	8	0	0	0	0	8200	129.69	26.41	5.68	18.12	29.46	20.81	65.02	1.28	24.58	23.06
6/12/2020 9:59:48 AM	9.00	0.55	9.44	0.11	0.00	0.00	0.00	0.15	19.09	85.14	2.89	16.85	4769	551	4246	3	0	0	0	0	9568	129.21	29.51	6.59	21.09	31.14	23.35	71.99	1.28	24.58	23.09
6/12/2020 9:59:50 AM	8.41	0.61	9.93	0.00	0.00	0.00	0.00	0.27	18.95	85.66	2.96	16.90	4458	610	4470	0	0	0	0	0	9538	129.99	30.47	6.08	21.58	32.23	22.96	72.79	1.29	24.59	23.10
6/12/2020 9:59:53 AM	8.02	0.68	9.87	0.00	0.00	0.00	0.00	0.17	18.58	85.06	3.03	16.33	4250	683	4443	0	0	0	0	0	9376	129.09	29.84	6.33	21.19	30.59	23.06	70.49	1.30	24.60	23.11
6/12/2020 9:59:55 AM	7.03	1.11	9.57	0.22	0.00	0.00	0.00	0.28	17.92	85.01	3.11	15.13	3723	1107	4305	7	0	0	0	0	9143	129.01	29.86	5.97	21.96	30.47	25.33	67.94	1.30	24.61	23.14
6/12/2020 9:59:58 AM	5.61	1.25	10.12	0.17	0.00	0.00	0.00	0.20	17.16	84.95	3.16	14.53	2972	1254	4556	5	0	0	0	0	8787	128.92	30.07	6.79	22.14	28.61	24.67	65.03	1.31	24.61	23.14
6/12/2020 10:00:00 AM	6.45	1.21	9.50	0.07	0.00	0.00	0.00	0.20	17.23	85.23	3.23	15.22	3416	1207	4276	2	0	0	0	0	8902	129.34	28.71	6.39	21.74	28.48	24.15	64.49	1.32	24.61	23.10
6/12/2020 10:00:02 AM	6.81	1.10	9.07	0.24	0.00	0.00	0.00	0.11	17.22	85.11	3.29	15.49	3609	1102	4080	7	0	0	0	0	8799	129.16	28.10	6.44	21.52	27.57	24.12	63.75	1.32	24.61	23.12
6/12/2020 10:00:05 AM	6.18	1.52	9.43	0.00	0.00	0.00	0.00	0.22	17.12	84.93	3.38	15.10	3274	1519	4242	0	0	0	0	0	9035	128.89	28.45	6.73	22.81	28.29	24.71	63.25	1.33	24.61	23.14
6/12/2020 10:00:07 AM	4.94	1.50	9.87	0.56	0.00	0.00	0.00	0.12	16.86	84.75	3.46	14.25	2616	1500	4441	17	0	0	0	0	8573	128.61	30.25	7.27	23.26	27.24	26.35	62.87	1.34	24.60	23.19
6/12/2020 10:00:09 AM	7.10	1.19	10.62	2.31	0.00	0.00	0.00	0.00	21.22	84.87	3.53	14.33	3761	1190	4781	69	0	0	0	0	9801	128.79	38.24	9.22	28.29	32.49	34.98	80.06	1.35	24.61	23.14
6/12/2020 10:00:12 AM	7.46	2.45	16.53	6.25	0.00	0.00	0.00	0.00	32.70	84.21	3.62	14.90	3954	2454	7440	187	0	0	0	0	14036	127.80	65.78	17.42	49.54	48.47	63.11	126.14	1.35	24.60	23.21
6/12/2020 10:00:14 AM	9.24	6.14	18.02	11.30	0.00	0.00	0.00	0.00	44.70	83.18	3.69	14.67	4899	6137	8107	339	0	0	0	0	19482	126.24	89.26	32.97	82.11	67.14	99.38	161.09	1.36	24.59	23.20
6/12/2020 10:00:17 AM	11.12	6.98	21.47	18.52	0.00	0.00	0.00	0.00	58.09	83.17	3.73	14.63	5892	6984	9660	556	0	0	0	0	23091	126.21	121.93	45.58	107.91	88.35	136.80	214.64	1.37	24.58	23.16
6/12/2020 10:00:19 AM	7.53	6.17	23.53	14.19	0.00	0.00	0.00	0.00	51.43	83.40	3.81	14.86	3993	6171	10590	426	0	0	0	0	21180	126.57	110.65	37.08	92.38	78.82	116.70	192.83	1.37	24.58	23.19
6/12/2020 10:00:21 AM	8.90	5.19	19.20	14.68	0.00	0.00	0.00	0.00	47.97	83.25	3.89	14.20	4718	5190	8640	440	0	0	0	0	18989	126.34	101.95	35.69	85.75	74.96	110.73	179.27	1.38	24.57	23.19
6/12/2020 10:00:24 AM	3.98	3.35	15.20	9.48	0.00	0.00	0.00	0.52	32.01	84.49	3.95	13.67	2112	3346	6840	284	0	0	0	0	12582	128.22	73.03	23.88	57.15	56.17	74.56	126.37	1.39	24.56	23.20
6/12/2020 10:00:26 AM	5.57	4.13	12.23	6.40	0.00	0.00	0.00	0.79	28.32	85.37	4.01	13.92	2952	4128	5502	192	0	0	0	0	12774	129.55	58.47	20.30	52.34	51.31	63.41	107.26	1.39	24.55	23.24
6/12/2020 10:00:29 AM	9.25	5.12	13.83	8.28	0.00	0.00	0.00	0.47	36.48	84.44	4.09	14.01	4902	5119	6225	248	0	0	0	0	16494	128.14	70.37	25.40	65.90	60.08	79.44	132.20	1.40	24.53	23.22
6/12/2020 10:00:31 AM	6.74	3.72	9.90	7.13	0.00	0.00	0.00	0.92	27.48	85.39	4.16	13.51	3572	3715	4454	214	0	0	0	0	11955	129.58	55.90	20.01	50.83	51.32	63.18	104.90	1.41	24.53	23.24
6/12/2020 10:00:33 AM	7.71	2.84	6.90	6.74	0.00	0.00	0.00	1.04	24.19	85.90	4.28	13.35	4087	2841	3105	202	0	0	0	0	10235	130.35	47.70	17.14	43.69	47.47	55.84	93.79	1.42	24.51	23.22
6/12/2020 10:00:36 AM	6.59	2.09	4.99	4.86	0.00	0.00	0.00	1.12	18.52	85.94	4.41	12.75	3491	2086	2245	146	0	0	0	0	7967	130.43	36.16	12.69	33.02	39.53	42.35	73.88	1.43	24.50	23.20
6/12/2020 10:00:38 AM	6.93	2.30	4.02	5.76	0.00	0.00	0.00	1.21	19.01	85.82	4.51	12.23	3671	2304	1808	173	0	0	0	0	7956	130.25	37.23	14.20	35.60	40.97	45.88	75.40	1.44	24.49	23.22
6/12/2020 10:00:40 AM	6.01	1.89	3.16	4.67	0.00	0.00	0.00	1.18	15.72	86.09	4.66	12.04	3184	1887	1421	140	0	0	0	0	6633	130.65	30.78	11.88	29.59	35.66	38.03	63.49	1.46	24.47	23.21
6/12/2020 10:00:43 AM	6.08	2.03	2.86	4.88	0.00	0.00	0.00	1.18	15.86	85.99	4.74	11.84	3222	2032	1288	147	0	0	0	0	6688	130.50	30.93	12.02	30.43	35.78	39.32	63.44	1.46	24.45	23.20
6/12/2020 10:00:45 AM	7.23	1.93	2.48	6.95	0.00	0.00	0.00	1.20	18.59	86.04	4.81	12.27	3831	1932	1117	208	0	0	0	0	7088	130.57	37.11	15.21	35.53	40.46	47.39	74.61	1.47	24.43	23.24
6/12/2020 10:00:48 AM	6.77	1.89	2.18	6.55	0.00	0.00	0.00	1.20	17.40	86.04	4.93	12.25	3590	1891	981	197	0	0	0	0	6659	130.56	34.85	14.48	33.76	38.61	44.92	70.10	1.48	24.40	23.24
6/12/2020 10:00:50 AM	6.10	1.56	1.66	5.61	0.00	0.00	0.00	1.17	14.93	86.26	5.05	11.83	3233	1559	748	168	0	0	0	0	5709	130.90	29.91	12.21	28.85	34.51	38.84	61.13	1.49	24.38	23.22
6/12/2020 10:00:52 AM	5.09	1.80	2.06	4.82	0.00	0.00	0.00	1.21	13.77	86.65	5.14	11.88	2698	1805	925	145	0	0	0	0	5572	131.50	28.08	11.29	27.64	33.00	36.37	56.57	1.50	24.36	23.22
6/12/2020 10:00:55 AM	5.05	1.30	1.40	4.98	0.00	0.00	0.00	1.17	12.72	86.57	5.26	11.81	2675	1295	629	149	0	0	0	0	4748	131.38	26.45	10.57	24.94	31.25	34.16	53.71	1.52	24.33	23.21
6/12/2020 10:00:57 AM	4.82	1.57	1.69	4.76	0.00	0.00	0.00	1.17	12.84	86.83	5.34	11.49	2555	1573	760	143	0	0	0	0	5031	131.78	26.56	10.81	25.87	31.29	34.49	53.43	1.52	24.31	23.19
6/12/2020 10:00:59 AM	4.89	1.22	1.05	5.08	0.00	0.00	0.00	1.16	12.24	86.68	5.43	11.54	2592	1223	472	152	0	0	0	0	4439	131.54	25.75	10.74	24.47	30.45	33.59	52.02	1.53	24.27	23.20
6/12/2020 10:01:02 AM	4.62	1.57	1.70	4.58	0.00	0.00	0.00	1.13	12.48	86.81	5.51	11.92	2450	1571	766	137	0	0	0	0	4925	131.74	25.81	10.57	25.29	30.32	33.56	51.75	1.54	24.25	23.19
6/12/2020 10:01:04 AM	4.40	1.56	1.53	4.10	0.00	0.00	0.00	1.15	11.60	86.85	5.60	11.83	2330	1565	690	123	0	0	0	0	4709	131.79	23.80	9.94	23.86	29.02	31.20	48.30	1.55	24.22	23.19
6/12/2020 10:01:07 AM	4.27	1.32	1.27	4.42	0.00	0.00	0.00	1.17	11.28	87.11	5.66	11.30	2263	1321	569	133	0	0	0	0	4286	132.20	23.93	9.94	23.10	28.93	31.10	48.16	1.55	24.20	23.16
6/12/2020 10:01:09 AM	4.09	1.30	1.27	4.17	0.00	0.00	0.00	1.16	10.83	87.12	5.75	11.15	2165	1297	573	125	0	0	0	0	4161	132.21	23.02	9.35	22.18	28.12	29.98	46.42	1.56	24.17	23.19
6/12/2020 10:01:11 AM	3.70	1.13	0.85	4.12	0.00	0.00	0.00	1.12	9.79	87.53	5.80	11.15	1962	1125	381	124	0	0	0	0	3592	132.84	21.36	9.00	20.57	26.25	28.14	42.73	1.57	24.14	23.16
6/12/2020 10:01:14 AM	4.06	1.05	0.79	4.12	0.00	0.00	0.00	1.11	10.01	87.48	5.90	11.20	2150	1046	356	124	0	0	0	0	3676	132.75	21.35	8.97	20.46	26.50	28.04	43.52	1.58	24.11	23.20
6/12/2020 10:01:16 AM	3.44	0.93	0.89	3.65	0.00	0.00	0.00	1.10	8.91	87.53	5.98	10.91	1824	927	403	109	0	0	0	0	3263	132.83	19.64	7.70	18.23	24.74	25.51	39.78	1.59	24.07	23.17
6/12/2020 10:01:19 AM	3.27	0.94	0.73	3.31	0.00	0.00	0.00	1.11	8.24	87.64	6.02	10.57	1731	937	328	99	0	0	0	0	3095	133.00	18.13	6.98	17.12	23.71	24.01	37.08	1.59	24.04	23.19
6/12/2020 10:01:21 AM	3.56	0.94	0.55	3.64	0.00	0.00	0.00	1.11	8.69	87.67	6.06	10.52	1884	943	245	109	0	0	0	0	3182	133.04	18.90	7.76	18.11	24.46	25.18	38.71	1.59	24.00	23.17
6/12/2020 10:01:23 AM	3.39	1.19	1.02	3.04	0.00	0.00	0.00	1.16	8.63	87.68	6.10	10.69	1798	1190	457	91	0	0	0	0	3536	133.06	18.33	7.58	18.26	24.64	24.08	38.05	1.60	23.98	23.14
6/12/2020 10:01:26 AM	3.03	0.87	0.77	2.97	0.00	0.00	0.00	1.15	7.65	87.81	6.14	11.09	1606	873	347	89	0	0	0	0	2915	133.26	17.07	6.63	15.98	23.27	22.16	35.35	1.60	23.94	23.15
6/12/2020 10:01:28 AM	3.00	0.89	0.64	2.77	0.00	0.00	0.00	1.16	7.30	87.55	6.24	11.15	1592	889	286	83	0	0	0	0	2850	132.87	16.13	6.46	15.48	22.80	21.17	33.89	1.61	23.91	23.09
6/12/2020 10:01:30 AM	3.20	0.90	0.56	2.51	0.00	0.00	0.00	1.11	7.17	87.91	6.29	10.62	1694	903	254	75	0	0	0	0	2925	133.40	15.14	6.00	14.97	21.95	20.31	32.63	1.62	23.87	23.15
6/12/2020 10:01:33 AM	3.40	0.91	0.53	2.60	0.00	0.00	0.00	1.13	7.43	87.87	6.36	10.59	1800	905	239	78	0	0	0	0	3022	133.35	15.52	6.31	15.40	22.56	20.73	33.70	1.62	23.83	23.14
6/12/2020 10:01:35 AM	3.36	1.04	0.76	2.44	0.00	0.00	0.00	1.16	7.59	87.80	6.44	10.42	1781	1040	340	73	0	0	0	0	3234	133.24	15.70	6.24	15.81	22.96	20.93	34.10	1.63	23.79	23.09
6/12/2020 10:01:38 AM	3.76	0.93	0.43	2.59	0.00	0.00	0.00	1.16	7.71	87.81	6.51	9.92	1993	932	195	78	0	0	0	0	3197	133.26	15.57	6.27	15.69	23.21	21.06	34.63	1.64	23.75	23.09
6/12/2020 10:01:40 AM	3.75	1.19	0.99	2.32	0.00	0.00	0.00	1.17	8.25	87.85	6.57	9.79	1988	1190	446	70	0	0	0	0	3694	133.32	16.27	6.50	16.83	23.95	21.62	36.02	1.64	23.71	23.09
6/12/2020 10:01:42 AM	3.43	1.13	1.07	2.29	0.00	0.00	0.00	1.19	7.93	87.74	6.65	9.78	1820	1133	481	69	0	0	0	0	3503	133.15	16.19	6.29	16.29	23.73	21.15	35.35	1.65	23.68	23.06
6/12/2020 10:01:45 AM	3.82	1.23	0.97	2.48	0.00	0.00	0.00	1.21	8.49	87.71	6.76	9.97	2024	1225	436	74	0	0	0	0	3759	133.11	16.91	6.47	17.29	24.74	22.61	37.18	1.66	23.64	23.05
6/12/2020 10:01:47 AM	4.84	1.36	1.05	2.14	0.00	0.00	0.00	1.28	9.40	87.89	6.85	10.16	2568	1364	472	64	0	0	0	0	4468	133.38	16.93	6.65	18.23	26.55	22.70	39.95	1.67	23.60	23.05
6/12/2020 10:01:49 AM	4.39	1.27	1.02	1.92	0.00	0.00	0.00	1.31	8.60	88.06	6.94	10.31	2327	1270	460	58	0	0	0	0	4115	133.64	15.93	5.78	16.74	25.70	21.26	37.60	1.68	23.56	23.02
6/12/2020 10:01:52 AM	4.47	1.17	0.95	1.75	0.00	0.00	0.00	1.27	8.34	88.14	7.03	10.28	2370	1173	426	52	0	0	0	0	4022	133.76	15.05	5.67	15.97	24.89	19.98	36.41	1.69	23.51	23.06
6/12/2020 10:01:54 AM	3.84	0.90	0.66	1.51	0.00	0.00	0.00	1.22	6.92	88.37	7.10	10.38	2036	905	295	45	0	0	0	0	3281	134.11	12.92	4.64	13.29	22.44	17.18	31.64	1.70	23.48	23.02
6/12/2020 10:01:57 AM	3.92	1.04	0.88	1.30	0.00	0.00	0.00	1.24	7.13	88.27	7.20	10.61	2075	1035	396	39	0	0	0	0	3546	133.96	12.97	4.70	13.72	22.82	17.12	32.09	1.71	23.44	23.00
6/12/2020 10:01:59 AM	2.80	0.81	0.60	1.10	0.00	0.00	0.00	1.23	5.31	88.33	7.29	10.47	1485	809	271	33	0	0	0	0	2597	134.05	10.80	3.80	10.97	20.10	14.20	26.22	1.71	23.40	22.99
6/12/2020 10:02:01 AM	2.84	0.90	0.72	0.98	0.00	0.00	0.00	1.20	5.44	88.27	7.37	10.46	1507	897	323	29	0	0	0	0	2756	133.96	10.73	3.79	11.23	19.95	14.22	26.17	1.72	23.35	22.97
6/12/2020 10:02:04 AM	2.81	0.81	0.52	1.12	0.00	0.00	0.00	1.22	5.26	88.22	7.47	10.20	1489	814	234	33	0	0	0	0	2570	133.88	10.63	3.96	11.02	19.91	14.10	25.89	1.73	23.32	22.97
6/12/2020 10:02:06 AM	2.21	0.77	0.59	0.63	0.00	0.00	0.00	1.17	4.20	88.40	7.57	9.82	1173	771	266	19	0	0	0	0	2229	134.15	8.75	3.00	9.17	17.76	11.61	21.71	1.74	23.28	22.94
6/12/2020 10:02:08 AM	1.99	0.66	0.42	0.53	0.00	0.00	0.00	1.12	3.61	88.44	7.65	9.90	1057	656	190	16	0	0	0	0	1919	134.22	7.69	2.74	8.10	16.41	10.30	19.42	1.75	23.23	22.94
6/12/2020 10:02:11 AM	1.61	0.48	0.24	0.62	0.00	0.00	0.00	1.11	2.94	88.30	7.72	10.13	852	477	106	19	0	0	0	0	1454	134.00	7.14	2.60	7.01	15.48	9.35	17.63	1.76	23.20	22.92
6/12/2020 10:02:13 AM	1.39	0.35	0.13	0.63	0.00	0.00	0.00	1.09	2.51	88.55	7.82	10.35	739	352	57	19	0	0	0	0	1167	134.39	6.62	2.21	6.08	14.65	8.66	16.26	1.77	23.15	22.89
6/12/2020 10:02:16 AM	1.37	0.36	0.00	0.50	0.00	0.00	0.00	1.08	2.23	88.49	7.90	10.16	726	356	0	15	0	0	0	0	1096	134.29	5.85	2.01	5.63	14.12	8.01	15.01	1.77	23.09	22.85
6/12/2020 10:02:18 AM	1.31	0.46	0.22	0.52	0.00	0.00	0.00	1.11	2.52	88.55	7.96	9.96	697	462	99	16	0	0	0	0	1274	134.39	6.60	2.29	6.40	14.87	8.67	16.18	1.78	23.06	22.87
6/12/2020 10:02:20 AM	0.95	0.34	0.17	0.52	0.00	0.00	0.00	1.08	1.97	88.35	8.02	10.18	502	340	75	15	0	0	0	0	932	134.08	6.06	2.02	5.43	13.84	7.79	14.46	1.79	23.01	22.84
6/12/2020 10:02:23 AM	1.13	0.39	0.20	0.41	0.00	0.00	0.00	1.09	2.14	88.67	8.11	10.42	601	394	90	12	0	0	0	0	1098	134.57	5.99	2.09	5.68	14.10	7.75	14.84	1.79	22.97	22.82
6/12/2020 10:02:25 AM	0.77	0.33	0.24	0.27	0.00	0.00	0.00	1.06	1.62	88.44	8.18	10.42	410	333	110	8	0	0	0	0	860	134.21	5.31	1.58	4.71	13.06	6.75	12.98	1.80	22.92	22.81
6/12/2020 10:02:28 AM	0.66	0.38	0.28	0.19	0.00	0.00	0.00	1.05	1.51	88.50	8.26	10.39	351	375	127	6	0	0	0	0	859	134.31	5.09	1.72	4.75	12.78	6.44	12.39	1.81	22.88	22.81
6/12/2020 10:02:30 AM	0.85	0.37	0.21	0.21	0.00	0.00	0.00	1.06	1.63	88.52	8.37	10.06	448	365	93	6	0	0	0	0	912	134.34	5.10	1.68	4.82	13.00	6.61	12.79	1.82	22.84	22.77
6/12/2020 10:02:32 AM	0.62	0.36	0.08	0.20	0.00	0.00	0.00	1.07	1.26	88.32	8.49	9.43	328	357	36	6	0	0	0	0	727	134.03	4.66	1.52	4.42	12.57	6.24	11.56	1.83	22.80	22.75
6/12/2020 10:02:35 AM	0.60	0.37	0.18	0.05	0.00	0.00	0.00	1.04	1.20	88.40	8.59	9.22	320	369	80	1	0	0	0	0	771	134.16	4.32	1.41	4.21	12.10	5.71	10.99	1.84	22.75	22.75
6/12/2020 10:02:37 AM	0.35	0.33	0.21	0.03	0.00	0.00	0.00	1.03	0.92	87.10	8.70	9.34	187	325	95	1	0	0	0	0	608	132.18	4.13	1.26	3.76	11.66	5.30	10.18	1.85	22.71	22.74
6/12/2020 10:02:39 AM	0.58	0.32	0.13	0.09	0.00	0.00	0.00	1.01	1.12	86.55	8.78	9.37	310	319	57	3	0	0	0	0	689	131.34	4.22	1.27	3.95	11.78	5.64	10.68	1.86	22.66	22.72
6/12/2020 10:02:42 AM	0.40	0.28	0.16	0.02	0.00	0.00	0.00	1.01	0.87	84.96	8.86	9.46	212	284	72	1	0	0	0	0	569	128.94	3.96	1.15	3.53	11.46	5.11	9.96	1.87	22.61	22.70
6/12/2020 10:02:44 AM	0.45	0.30	0.14	0.00	0.00	0.00	0.00	1.01	0.89	83.98	8.92	9.51	240	304	62	0	0	0	0	0	606	127.44	3.87	1.17	3.62	11.43	5.07	9.90	1.87	22.57	22.72
6/12/2020 10:02:47 AM	0.36	0.32	0.21	0.00	0.00	0.00	0.00	1.02	0.90	85.20	8.99	9.72	193	324	94	0	0	0	0	0	611	129.29	4.03	1.17	3.74	11.54	5.15	10.01	1.88	22.52	22.67
6/12/2020 10:02:49 AM	0.37	0.28	0.13	0.02	0.00	0.00	0.00	1.02	0.80	83.41	9.09	9.73	197	279	57	1	0	0	0	0	534	126.58	3.87	1.20	3.48	11.45	4.98	9.78	1.89	22.48	22.62
6/12/2020 10:02:51 AM	0.52	0.26	0.05	0.00	0.00	0.00	0.00	0.99	0.83	81.15	9.15	9.37	273	255	24	0	0	0	0	0	553	123.14	3.62	1.08	3.44	11.14	4.74	9.56	1.90	22.43	22.59
6/12/2020 10:02:54 AM	0.53	0.33	0.19	0.00	0.00	0.00	0.00	1.01	1.04	82.71	9.21	9.47	281	327	84	0	0	0	0	0	691	125.51	4.04	1.27	3.99	11.59	5.11	10.32	1.90	22.39	22.59
6/12/2020 10:02:56 AM	0.33	0.28	0.15	0.00	0.00	0.00	0.00	1.02	0.77	81.97	9.30	9.60	177	279	69	0	0	0	0	0	525	124.39	3.85	1.13	3.43	11.41	4.90	9.68	1.91	22.34	22.59
6/12/2020 10:02:58 AM	0.40	0.28	0.15	0.00	0.00	0.00	0.00	1.01	0.83	81.45	9.45	9.18	211	280	69	0	0	0	0	0	560	123.60	3.86	1.16	3.62	11.35	4.79	9.77	1.93	22.30	22.55
6/12/2020 10:03:01 AM	0.46	0.25	0.06	0.00	0.00	0.00	0.00	1.00	0.77	81.35	9.59	9.00	242	245	29	0	0	0	0	0	516	123.45	3.61	1.07	3.31	11.13	4.71	9.46	1.94	22.26	22.56
6/12/2020 10:03:03 AM	0.43	0.29	0.11	0.00	0.00	0.00	0.00	1.00	0.83	80.69	9.71	8.94	228	288	50	0	0	0	0	0	566	122.45	3.76	1.09	3.56	11.26	4.90	9.63	1.95	22.21	22.51
6/12/2020 10:03:06 AM	0.53	0.27	0.17	0.00	0.00	0.00	0.00	1.01	0.97	79.97	9.72	8.87	282	271	76	0	0	0	0	0	628	121.35	3.96	1.11	3.59	11.55	5.02	10.26	1.95	22.16	22.51
6/12/2020 10:03:08 AM	0.52	0.27	0.07	0.00	0.00	0.00	0.00	1.00	0.86	80.21	9.80	8.86	275	272	33	0	0	0	0	0	580	121.73	3.70	1.10	3.55	11.26	4.82	9.71	1.96	22.11	22.49
6/12/2020 10:03:10 AM	0.29	0.28	0.07	0.00	0.00	0.00	0.00	1.04	0.65	79.92	9.86	8.92	156	283	30	0	0	0	0	0	470	121.28	3.67	1.08	3.42	11.34	4.71	9.28	1.97	22.06	22.46
6/12/2020 10:03:13 AM	0.44	0.28	0.04	0.00	0.00	0.00	0.00	1.03	0.75	79.38	9.89	9.06	232	275	17	0	0	0	0	0	524	120.46	3.66	1.10	3.44	11.44	4.79	9.57	1.97	22.02	22.46
6/12/2020 10:03:15 AM	0.45	0.29	0.06	0.00	0.00	0.00	0.00	1.04	0.79	79.17	9.94	9.24	237	285	26	0	0	0	0	0	548	120.15	3.72	1.10	3.47	11.53	4.91	9.72	1.97	21.98	22.45
6/12/2020 10:03:18 AM	0.51	0.28	0.11	0.00	0.00	0.00	0.00	1.03	0.91	78.83	9.98	9.43	269	285	51	0	0	0	0	0	605	119.63	3.87	1.16	3.64	11.61	4.94	10.08	1.98	21.93	22.43
6/12/2020 10:03:20 AM	0.55	0.38	0.17	0.00	0.00	0.00	0.00	1.03	1.10	79.14	10.01	9.57	292	384	77	0	0	0	0	0	752	120.10	4.14	1.24	4.35	11.86	5.28	10.52	1.98	21.89	22.41
6/12/2020 10:03:22 AM	0.57	0.29	0.12	0.00	0.00	0.00	0.00	1.03	0.99	79.40	10.05	9.76	303	294	54	0	0	0	0	0	651	120.49	3.93	1.17	3.68	11.73	5.11	10.33	1.98	21.84	22.36
6/12/2020 10:03:25 AM	0.52	0.27	0.07	0.00	0.00	0.00	0.00	1.02	0.86	79.15	10.06	9.92	276	270	29	0	0	0	0	0	576	120.11	3.73	1.09	3.46	11.46	4.92	9.85	1.99	21.79	22.38
6/12/2020 10:03:27 AM	0.52	0.28	0.00	0.00	0.00	0.00	0.00	1.02	0.80	78.98	10.10	9.97	276	280	0	0	0	0	0	0	555	119.86	3.55	1.07	3.49	11.42	4.85	9.61	1.99	21.75	22.31
6/12/2020 10:03:29 AM	0.46	0.34	0.16	0.00	0.00	0.00	0.00	1.03	0.96	78.40	10.14	9.86	243	340	74	0	0	0	0	0	657	118.97	4.05	1.14	4.02	11.75	5.08	10.23	1.99	21.70	22.29
6/12/2020 10:03:32 AM	0.80	0.35	0.14	0.00	0.00	0.00	0.00	1.07	1.29	77.96	10.16	9.65	421	353	63	0	0	0	0	0	837	118.30	4.28	1.30	4.41	12.54	5.33	11.47	2.00	21.67	22.29
6/12/2020 10:03:34 AM	1.06	0.44	0.32	0.00	0.00	0.00	0.00	1.03	1.82	72.30	10.12	9.52	564	436	146	0	0	0	0	0	1145	109.71	4.88	1.55	5.67	12.87	5.55	12.83	1.99	21.62	22.28
6/12/2020 10:03:37 AM	0.77	0.33	0.45	0.00	0.00	0.00	0.00	1.06	1.55	71.29	10.12	9.45	410	332	201	0	0	0	0	0	943	108.18	5.03	1.32	5.10	12.98	5.05	12.71	1.99	21.57	22.26
6/12/2020 10:03:39 AM	2.51	1.14	0.64	0.00	0.00	0.00	0.00	0.90	4.29	82.24	10.13	9.43	1329	1143	286	0	0	0	0	0	2758	124.81	6.89	2.07	11.62	14.71	8.70	18.04	1.99	21.52	22.21
6/12/2020 10:03:41 AM	1.03	0.50	0.48	0.12	0.00	0.00	0.00	1.03	2.13	96.12	10.13	9.50	545	500	217	3	0	0	0	0	1265	145.88	5.61	1.71	5.57	13.41	7.28	14.01	1.99	21.46	22.25
6/12/2020 10:03:44 AM	0.59	0.60	0.35	0.00	0.00	0.00	0.00	1.07	1.55	95.45	10.15	9.59	313	601	159	0	0	0	0	0	1074	144.86	4.88	1.55	5.54	12.80	6.48	11.84	1.99	21.41	22.23
