Date/Time	Green Algae	Bluegreen	Diatoms	Cryptophyta	#5	#6	#7	Yellow substances	Total conc.	Transmission	Depth	Temp. Sample	Green Algae	Bluegreen	Diatoms	Cryptophyta	#5	#6	#7	Yellow substances	Total cell count	Trans. 700 nm	LED 3 [525 nm]	LED 4 [570 nm]	LED 5 [610 nm]	LED 6 [370 nm]	LED 7 [590 nm]	LED 8 [470 nm]	Pressure	Temp. LEDs	Temp. Sensor
date	µg/l	µg/l	µg/l	µg/l	µg/l	µg/l	µg/l	r.u.	µg/l	%	m	°C	cells/ml	cells/ml	cells/ml	cells/ml	cells/ml	cells/ml	cells/ml	r.u.	cells/ml	digits	digits	digits	digits	digits	digits	digits	bar	°C	°C
6/22/2020 9:42:48 AM	4.90	0.48	2.27	0.77	0.00	0.00	0.00	0.54	8.42	100.00	0.04	22.06	2595	483	1021	23	0	0	0	0	4122	173.49	12.94	4.01	11.92	18.10	14.58	33.25	1.00	22.30	21.48
6/22/2020 9:42:50 AM	5.56	0.47	3.23	0.28	0.00	0.00	0.00	0.36	9.53	100.00	0.07	21.92	2946	466	1452	9	0	0	0	0	4872	171.87	13.65	2.89	11.79	17.88	14.58	35.94	1.01	22.33	21.49
6/22/2020 9:42:53 AM	6.32	0.10	0.85	1.66	0.00	0.00	0.00	0.62	8.93	100.00	0.14	21.65	3352	95	382	50	0	0	0	0	3879	170.93	13.05	4.61	12.09	19.70	16.13	35.94	1.01	22.37	21.53
6/22/2020 9:42:55 AM	6.08	0.13	1.95	1.03	0.00	0.00	0.00	0.61	9.19	100.00	0.19	21.29	3225	131	879	31	0	0	0	0	4265	169.84	13.55	4.33	11.73	20.09	14.68	37.19	1.02	22.38	21.54
6/22/2020 9:42:57 AM	4.90	0.56	2.62	0.50	0.00	0.00	0.00	0.83	8.57	100.00	0.22	21.17	2596	556	1180	15	0	0	0	0	4346	168.78	13.74	3.66	11.98	21.19	14.53	35.91	1.02	22.42	21.53
6/22/2020 9:43:00 AM	6.05	0.00	2.27	1.25	0.00	0.00	0.00	0.47	9.57	100.00	0.27	21.12	3207	0	1020	37	0	0	0	0	4265	171.93	14.48	4.97	11.88	19.43	15.10	38.32	1.03	22.47	21.58
6/22/2020 9:43:02 AM	5.80	0.11	1.66	1.03	0.00	0.00	0.00	0.80	8.60	100.00	0.35	20.93	3075	110	749	31	0	0	0	0	3965	170.39	13.19	4.14	11.17	21.15	14.20	36.56	1.03	22.48	21.55
6/22/2020 9:43:05 AM	5.56	0.85	2.87	0.13	0.00	0.00	0.00	0.81	9.41	100.00	0.44	20.59	2945	854	1291	4	0	0	0	0	5094	169.50	13.75	3.94	13.38	21.99	14.96	37.47	1.04	22.53	21.58
6/22/2020 9:43:07 AM	6.13	0.91	3.04	0.00	0.00	0.00	0.00	0.53	10.08	100.00	0.50	20.32	3248	913	1368	0	0	0	0	0	5529	169.48	13.46	3.43	14.10	19.96	15.03	37.20	1.05	22.54	21.59
6/22/2020 9:43:09 AM	5.55	0.43	2.15	0.64	0.00	0.00	0.00	0.70	8.76	100.00	0.56	20.22	2940	429	965	19	0	0	0	0	4353	169.43	12.98	3.91	11.87	20.19	14.32	35.48	1.05	22.57	21.61
6/22/2020 9:43:12 AM	4.75	0.80	3.07	0.24	0.00	0.00	0.00	0.86	8.86	100.00	0.62	20.16	2518	797	1380	7	0	0	0	0	4703	170.69	14.18	4.36	13.08	21.86	14.55	36.66	1.06	22.60	21.66
6/22/2020 9:43:14 AM	5.48	0.72	3.04	0.05	0.00	0.00	0.00	0.74	9.29	100.00	0.69	19.97	2903	724	1369	1	0	0	0	0	4997	169.78	13.64	2.94	12.38	21.20	14.66	37.03	1.07	22.61	21.61
6/22/2020 9:43:17 AM	5.70	0.88	3.56	0.00	0.00	0.00	0.00	0.83	10.14	100.00	0.72	19.72	3022	879	1602	0	0	0	0	0	5504	169.57	15.28	3.31	14.38	23.35	15.22	40.57	1.07	22.65	21.65
6/22/2020 9:43:19 AM	5.96	0.89	2.65	0.09	0.00	0.00	0.00	0.90	9.59	100.00	0.74	19.71	3160	892	1191	3	0	0	0	0	5246	168.68	13.62	3.77	13.57	23.06	15.22	38.36	1.07	22.68	21.68
6/22/2020 9:43:21 AM	6.60	0.98	2.10	0.00	0.00	0.00	0.00	0.96	9.68	100.00	0.80	19.74	3498	979	946	0	0	0	0	0	5422	169.47	12.66	3.58	13.99	23.54	14.98	38.11	1.08	22.72	21.70
6/22/2020 9:43:24 AM	6.27	1.02	2.49	0.08	0.00	0.00	0.00	0.90	9.87	100.00	0.83	19.46	3325	1022	1122	2	0	0	0	0	5472	169.43	13.53	3.62	14.14	23.31	15.96	38.68	1.08	22.74	21.68
6/22/2020 9:43:26 AM	5.33	0.76	2.30	0.40	0.00	0.00	0.00	1.06	8.79	100.00	0.85	19.23	2825	756	1035	12	0	0	0	0	4628	169.25	13.69	3.92	12.89	23.63	15.05	37.40	1.08	22.76	21.69
6/22/2020 9:43:28 AM	5.47	0.70	2.35	0.53	0.00	0.00	0.00	1.03	9.04	100.00	0.89	19.34	2897	697	1056	16	0	0	0	0	4665	169.08	14.21	3.50	12.85	23.81	15.81	38.38	1.09	22.77	21.71
6/22/2020 9:43:31 AM	4.77	1.01	3.13	0.00	0.00	0.00	0.00	1.01	8.91	100.00	0.95	19.36	2529	1009	1407	0	0	0	0	0	4945	169.74	14.20	3.58	13.61	23.21	14.78	37.15	1.09	22.80	21.74
6/22/2020 9:43:33 AM	5.52	0.94	2.71	0.00	0.00	0.00	0.00	0.99	9.17	100.00	1.02	19.04	2926	942	1220	0	0	0	0	0	5088	169.02	13.58	2.87	13.37	23.28	14.91	37.53	1.10	22.82	21.76
6/22/2020 9:43:36 AM	5.80	1.11	3.28	0.00	0.00	0.00	0.00	0.90	10.18	100.00	1.07	18.84	3072	1105	1474	0	0	0	0	0	5651	169.50	14.97	4.24	15.38	23.95	15.69	40.30	1.10	22.86	21.76
6/22/2020 9:43:38 AM	5.76	1.03	3.83	0.06	0.00	0.00	0.00	0.97	10.68	100.00	1.17	18.88	3051	1033	1722	2	0	0	0	0	5807	168.13	16.51	4.84	15.37	25.60	16.58	43.40	1.11	22.87	21.79
6/22/2020 9:43:40 AM	6.08	1.38	5.42	0.00	0.00	0.00	0.00	1.00	12.88	100.00	1.23	18.58	3221	1376	2439	0	0	0	0	0	7037	167.14	20.78	4.52	18.43	29.18	20.27	51.51	1.12	22.89	21.76
6/22/2020 9:43:43 AM	5.68	1.62	7.34	0.00	0.00	0.00	0.00	0.94	14.65	100.00	1.30	18.20	3012	1620	3305	0	0	0	0	0	7937	166.88	25.25	5.46	21.43	31.57	22.69	58.37	1.13	22.91	21.81
6/22/2020 9:43:45 AM	4.94	1.60	8.30	0.00	0.00	0.00	0.00	1.01	14.84	100.00	1.35	18.22	2617	1601	3735	0	0	0	0	0	7953	166.35	27.23	6.37	22.01	32.85	22.64	60.73	1.13	22.94	21.78
6/22/2020 9:43:47 AM	5.21	1.58	8.40	0.00	0.00	0.00	0.00	0.97	15.18	100.00	1.43	18.53	2759	1575	3779	0	0	0	0	0	8113	166.69	27.52	5.82	21.97	32.89	23.17	61.64	1.14	22.95	21.81
6/22/2020 9:43:50 AM	6.01	1.84	10.07	0.00	0.00	0.00	0.00	0.84	17.91	100.00	1.49	18.53	3183	1836	4530	0	0	0	0	0	9549	166.05	31.86	7.07	25.59	35.76	26.48	70.61	1.15	22.96	21.83
6/22/2020 9:43:52 AM	5.79	2.12	11.33	0.00	0.00	0.00	0.00	0.92	19.25	100.00	1.53	18.15	3071	2122	5100	0	0	0	0	0	10293	164.40	35.25	8.00	28.46	38.72	28.45	76.28	1.15	23.00	21.88
6/22/2020 9:43:55 AM	5.86	2.07	11.54	0.00	0.00	0.00	0.00	0.90	19.48	100.00	1.59	17.90	3107	2074	5195	0	0	0	0	0	10375	164.61	35.74	7.44	28.12	38.95	29.02	77.27	1.16	23.01	21.83
6/22/2020 9:43:57 AM	5.90	1.90	11.60	0.00	0.00	0.00	0.00	0.85	19.39	100.00	1.68	17.68	3125	1899	5218	0	0	0	0	0	10242	163.80	35.60	7.17	27.20	38.44	28.56	77.15	1.16	23.03	21.81
6/22/2020 9:43:59 AM	6.61	2.03	11.02	0.00	0.00	0.00	0.00	0.82	19.67	100.00	1.76	17.53	3504	2034	4959	0	0	0	0	0	10497	162.88	34.68	7.32	28.19	38.23	28.66	76.67	1.17	23.05	21.88
6/22/2020 9:44:02 AM	6.10	1.96	10.99	0.00	0.00	0.00	0.00	0.87	19.05	100.00	1.84	17.76	3233	1962	4945	0	0	0	0	0	10141	162.74	34.35	7.36	27.32	37.89	28.00	75.27	1.18	23.06	21.88
6/22/2020 9:44:04 AM	6.34	1.98	11.12	0.00	0.00	0.00	0.00	0.75	19.43	100.00	1.90	18.06	3358	1980	5002	0	0	0	0	0	10339	163.21	34.42	7.61	27.05	37.24	28.96	75.64	1.19	23.07	21.88
6/22/2020 9:44:07 AM	5.92	2.01	11.45	0.00	0.00	0.00	0.00	0.84	19.38	100.00	1.96	18.16	3138	2014	5152	0	0	0	0	0	10305	161.52	35.23	8.06	27.57	38.16	28.77	76.50	1.19	23.08	21.91
6/22/2020 9:44:09 AM	6.00	2.05	10.73	0.00	0.00	0.00	0.00	0.88	18.78	100.00	2.07	17.54	3182	2050	4828	0	0	0	0	0	10060	160.82	33.68	7.93	27.13	37.49	28.18	73.93	1.20	23.10	21.89
6/22/2020 9:44:11 AM	5.27	2.13	9.83	0.00	0.00	0.00	0.00	0.99	17.24	100.00	2.10	16.99	2794	2132	4424	0	0	0	0	0	9351	160.15	31.44	7.83	26.19	36.09	26.78	68.53	1.21	23.11	21.94
6/22/2020 9:44:14 AM	5.89	2.00	9.85	0.00	0.00	0.00	0.00	0.85	17.74	100.00	2.16	17.00	3119	2002	4434	0	0	0	0	0	9555	159.34	31.46	7.27	26.25	35.54	26.59	69.48	1.21	23.13	21.89
6/22/2020 9:44:16 AM	5.69	2.04	9.30	0.00	0.00	0.00	0.00	0.89	17.03	100.00	2.19	16.95	3017	2042	4185	0	0	0	0	0	9244	157.97	30.13	6.74	25.21	34.69	26.62	66.71	1.21	23.14	21.91
6/22/2020 9:44:18 AM	5.05	1.98	8.35	0.00	0.00	0.00	0.00	0.83	15.38	100.00	2.20	16.85	2678	1980	3757	0	0	0	0	0	8415	158.20	27.19	6.80	23.22	31.52	24.84	60.00	1.22	23.16	21.96
6/22/2020 9:44:21 AM	4.75	2.03	7.60	0.00	0.00	0.00	0.00	0.86	14.38	100.00	2.19	16.88	2516	2029	3421	0	0	0	0	0	7966	156.38	25.38	6.02	22.32	30.17	24.21	56.01	1.21	23.16	21.96
6/22/2020 9:44:23 AM	4.46	2.00	7.75	0.00	0.00	0.00	0.00	0.85	14.22	100.00	2.20	17.16	2365	2002	3489	0	0	0	0	0	7856	156.05	25.47	6.54	22.29	29.83	23.73	55.61	1.22	23.16	21.96
6/22/2020 9:44:26 AM	4.63	1.96	7.35	0.00	0.00	0.00	0.00	0.86	13.95	100.00	2.26	16.84	2455	1965	3307	0	0	0	0	0	7727	155.61	24.59	6.35	21.74	29.45	23.40	54.44	1.22	23.18	21.98
6/22/2020 9:44:28 AM	3.82	2.07	6.22	0.00	0.00	0.00	0.00	0.83	12.11	100.00	2.35	16.31	2027	2066	2798	0	0	0	0	0	6891	153.76	21.50	5.28	20.60	26.20	21.75	46.71	1.23	23.19	21.99
6/22/2020 9:44:30 AM	4.23	2.00	6.47	0.09	0.00	0.00	0.00	0.83	12.78	100.00	2.38	16.39	2243	1996	2911	3	0	0	0	0	7153	154.68	22.49	5.79	20.75	27.29	22.72	49.47	1.23	23.20	21.96
6/22/2020 9:44:33 AM	4.16	1.98	6.79	0.00	0.00	0.00	0.00	0.85	12.94	100.00	2.41	16.49	2207	1983	3055	0	0	0	0	0	7246	154.76	23.02	5.75	21.21	27.74	22.15	50.39	1.24	23.20	22.00
6/22/2020 9:44:35 AM	4.69	1.97	5.94	0.05	0.00	0.00	0.00	0.84	12.66	100.00	2.46	16.43	2485	1972	2674	2	0	0	0	0	7133	154.73	21.37	5.90	20.55	27.02	22.10	48.50	1.24	23.20	22.01
6/22/2020 9:44:37 AM	4.00	2.05	5.99	0.00	0.00	0.00	0.00	0.78	12.04	100.00	2.52	16.25	2118	2054	2697	0	0	0	0	0	6868	153.34	20.85	5.68	20.39	25.50	21.53	45.82	1.25	23.21	22.03
6/22/2020 9:44:40 AM	3.84	2.10	6.09	0.00	0.00	0.00	0.00	0.88	12.03	100.00	2.58	16.23	2036	2098	2740	0	0	0	0	0	6875	153.80	21.32	5.55	20.71	26.50	21.68	46.57	1.25	23.21	22.03
6/22/2020 9:44:42 AM	3.83	1.99	5.20	0.02	0.00	0.00	0.00	0.86	11.04	100.00	2.64	16.34	2030	1992	2339	1	0	0	0	0	6363	153.73	19.07	5.31	19.06	24.73	20.62	42.54	1.26	23.21	22.03
6/22/2020 9:44:45 AM	3.72	2.05	5.48	0.00	0.00	0.00	0.00	0.80	11.25	100.00	2.70	16.50	1970	2046	2467	0	0	0	0	0	6484	153.84	19.49	5.52	19.49	24.43	20.84	42.85	1.26	23.22	22.06
6/22/2020 9:44:47 AM	3.83	1.99	5.05	0.19	0.00	0.00	0.00	0.75	11.06	100.00	2.74	16.69	2030	1989	2273	6	0	0	0	0	6298	153.68	18.93	5.46	19.24	23.61	21.01	41.70	1.27	23.23	22.03
6/22/2020 9:44:49 AM	3.61	2.02	4.78	0.14	0.00	0.00	0.00	0.81	10.55	100.00	2.80	16.77	1916	2016	2149	4	0	0	0	0	6086	154.04	18.16	5.86	19.06	23.42	20.18	40.12	1.27	23.23	22.01
6/22/2020 9:44:52 AM	3.66	1.84	3.42	0.58	0.00	0.00	0.00	0.77	9.50	100.00	2.85	16.66	1939	1836	1539	17	0	0	0	0	5331	155.42	16.07	5.37	17.78	21.34	19.89	35.80	1.28	23.23	22.09
6/22/2020 9:44:54 AM	3.74	1.81	3.25	0.75	0.00	0.00	0.00	0.78	9.55	100.00	2.92	16.38	1983	1810	1463	22	0	0	0	0	5278	155.47	16.21	5.83	18.07	21.52	20.13	36.10	1.29	23.23	22.05
6/22/2020 9:44:57 AM	3.93	1.95	3.26	0.80	0.00	0.00	0.00	0.75	9.94	100.00	2.97	16.06	2081	1950	1469	24	0	0	0	0	5524	156.35	16.56	6.14	19.02	21.73	21.04	36.81	1.29	23.23	22.06
6/22/2020 9:44:59 AM	3.48	1.79	3.03	1.19	0.00	0.00	0.00	0.79	9.48	100.00	3.03	15.77	1842	1789	1364	36	0	0	0	0	5031	156.64	16.93	6.07	18.48	21.59	21.46	36.26	1.30	23.22	22.05
6/22/2020 9:45:01 AM	3.90	1.87	2.64	1.51	0.00	0.00	0.00	0.78	9.93	100.00	3.08	15.58	2069	1874	1190	45	0	0	0	0	5178	158.51	17.31	6.84	19.72	22.13	22.83	37.35	1.30	23.23	22.09
6/22/2020 9:45:04 AM	3.78	1.71	2.27	1.84	0.00	0.00	0.00	0.79	9.60	100.00	3.11	15.39	2003	1710	1023	55	0	0	0	0	4790	159.46	17.26	7.14	19.34	21.89	22.84	36.80	1.30	23.22	22.09
6/22/2020 9:45:06 AM	4.03	1.75	2.45	1.83	0.00	0.00	0.00	0.76	10.06	100.00	3.15	15.38	2135	1753	1101	55	0	0	0	0	5045	159.76	17.77	7.17	19.85	22.24	23.44	38.10	1.31	23.22	22.08
6/22/2020 9:45:08 AM	4.01	1.65	2.10	2.19	0.00	0.00	0.00	0.78	9.94	100.00	3.17	15.22	2125	1646	944	66	0	0	0	0	4780	160.83	18.02	7.17	19.74	22.35	24.17	38.19	1.31	23.22	22.09
6/22/2020 9:45:11 AM	4.68	1.70	2.30	2.16	0.00	0.00	0.00	0.76	10.83	100.00	3.22	14.94	2482	1696	1035	65	0	0	0	0	5277	160.82	18.76	7.59	20.74	23.39	24.87	40.91	1.32	23.21	22.11
6/22/2020 9:45:13 AM	5.22	2.27	2.61	2.44	0.00	0.00	0.00	0.85	12.54	100.00	3.28	14.99	2769	2265	1174	73	0	0	0	0	6281	161.65	21.41	9.32	25.00	26.63	28.94	46.25	1.32	23.21	22.09
6/22/2020 9:45:16 AM	7.66	2.57	2.57	3.71	0.00	0.00	0.00	0.90	16.51	100.00	3.38	14.69	4060	2567	1157	111	0	0	0	0	7895	161.97	27.12	11.58	31.27	32.93	37.36	59.93	1.33	23.21	22.10
6/22/2020 9:45:18 AM	9.75	3.67	3.37	4.19	0.00	0.00	0.00	1.09	20.98	100.00	3.42	14.41	5168	3665	1516	126	0	0	0	0	10474	161.72	33.16	14.62	40.23	40.98	46.28	74.23	1.33	23.20	22.09
6/22/2020 9:45:20 AM	9.93	3.87	3.91	3.78	0.00	0.00	0.00	1.20	21.49	100.00	3.45	14.61	5262	3866	1759	113	0	0	0	0	11001	161.53	33.72	14.40	40.87	42.65	46.39	76.28	1.34	23.20	22.08
6/22/2020 9:45:23 AM	10.41	3.40	3.44	4.27	0.00	0.00	0.00	1.14	21.52	100.00	3.47	14.74	5515	3402	1549	128	0	0	0	0	10594	161.34	33.91	13.72	39.50	42.40	46.67	77.25	1.34	23.18	22.14
6/22/2020 9:45:25 AM	11.25	3.78	3.72	4.48	0.00	0.00	0.00	1.28	23.23	100.00	3.48	14.96	5961	3777	1674	135	0	0	0	0	11547	161.61	36.43	14.92	42.85	46.21	50.06	83.40	1.34	23.17	22.08
6/22/2020 9:45:27 AM	13.28	4.33	3.88	4.22	0.00	0.00	0.00	1.34	25.71	100.00	3.55	14.86	7040	4328	1747	127	0	0	0	0	13242	161.44	37.78	15.86	46.77	50.01	53.03	90.19	1.35	23.16	22.10
6/22/2020 9:45:30 AM	14.47	5.27	4.56	3.60	0.00	0.00	0.00	1.63	27.91	100.00	3.62	14.21	7670	5273	2054	108	0	0	0	0	15105	161.76	39.69	16.66	51.48	55.45	56.36	96.92	1.35	23.16	22.13
6/22/2020 9:45:32 AM	14.89	4.94	3.98	3.53	0.00	0.00	0.00	1.73	27.34	100.00	3.71	13.90	7892	4940	1791	106	0	0	0	0	14729	162.28	38.34	15.79	49.52	55.75	54.66	96.12	1.36	23.14	22.08
6/22/2020 9:45:35 AM	14.30	4.77	3.82	2.38	0.00	0.00	0.00	2.09	25.28	100.00	3.75	13.44	7580	4769	1720	71	0	0	0	0	14140	163.55	34.81	13.97	45.58	56.14	48.98	91.29	1.37	23.14	22.11
6/22/2020 9:45:37 AM	13.96	4.60	3.79	2.58	0.00	0.00	0.00	2.05	24.93	100.00	3.81	13.34	7398	4601	1707	77	0	0	0	0	13783	163.24	34.91	13.79	44.86	55.40	48.81	90.53	1.37	23.12	22.10
6/22/2020 9:45:39 AM	13.79	4.23	3.21	2.82	0.00	0.00	0.00	2.08	24.05	100.00	3.85	13.43	7310	4226	1445	85	0	0	0	0	13065	162.69	33.95	13.52	43.02	54.61	47.44	88.60	1.38	23.12	22.08
6/22/2020 9:45:42 AM	13.78	4.46	3.58	2.62	0.00	0.00	0.00	2.07	24.43	100.00	3.89	13.29	7301	4461	1609	79	0	0	0	0	13450	163.10	34.37	13.58	43.96	54.96	48.04	89.31	1.38	23.10	22.13
6/22/2020 9:45:44 AM	13.51	3.96	3.00	2.89	0.00	0.00	0.00	2.10	23.36	100.00	3.92	13.78	7158	3959	1351	87	0	0	0	0	12555	163.50	33.37	12.73	41.34	53.97	46.44	87.16	1.38	23.09	22.11
6/22/2020 9:45:46 AM	13.73	4.12	3.27	2.46	0.00	0.00	0.00	2.07	23.59	100.00	3.97	14.21	7279	4120	1471	74	0	0	0	0	12944	162.99	32.84	12.93	41.72	53.84	45.61	87.01	1.39	23.07	22.09
6/22/2020 9:45:49 AM	14.35	3.83	2.98	2.20	0.00	0.00	0.00	2.03	23.36	100.00	4.01	13.98	7607	3832	1340	66	0	0	0	0	12845	162.80	31.36	11.97	39.91	53.17	43.69	86.17	1.39	23.05	22.11
6/22/2020 9:45:51 AM	14.02	3.67	2.80	2.44	0.00	0.00	0.00	2.04	22.93	100.00	4.06	13.75	7431	3674	1259	73	0	0	0	0	12437	163.03	31.36	12.36	39.43	52.79	43.32	85.39	1.40	23.04	22.09
6/22/2020 9:45:54 AM	14.17	4.09	3.14	2.16	0.00	0.00	0.00	2.07	23.56	100.00	4.10	13.67	7508	4087	1415	65	0	0	0	0	13075	163.17	31.81	12.69	41.19	53.69	44.39	86.51	1.40	23.03	22.10
6/22/2020 9:45:56 AM	14.07	3.77	2.82	1.89	0.00	0.00	0.00	2.03	22.55	100.00	4.14	13.85	7456	3770	1271	57	0	0	0	0	12553	162.94	29.79	11.39	38.52	51.91	41.78	83.19	1.41	23.01	22.09
6/22/2020 9:45:58 AM	13.57	3.64	2.88	1.64	0.00	0.00	0.00	1.96	21.73	100.00	4.23	13.36	7193	3642	1294	49	0	0	0	0	12178	163.23	28.54	11.05	37.05	50.01	39.74	80.10	1.41	23.00	22.11
6/22/2020 9:46:01 AM	11.61	3.34	2.76	1.20	0.00	0.00	0.00	1.93	18.91	100.00	4.33	12.54	6152	3339	1244	36	0	0	0	0	10771	163.50	25.42	9.48	32.76	45.70	35.11	71.02	1.42	22.98	22.10
6/22/2020 9:46:03 AM	9.42	2.29	1.47	1.40	0.00	0.00	0.00	1.82	14.58	100.00	4.40	12.23	4993	2293	660	42	0	0	0	0	7988	164.17	20.51	7.51	25.19	38.80	28.35	57.92	1.43	22.97	22.09
6/22/2020 9:46:06 AM	9.45	2.70	1.97	0.90	0.00	0.00	0.00	1.89	15.02	100.00	4.44	12.26	5007	2697	885	27	0	0	0	0	8616	164.08	20.67	7.74	26.53	39.86	28.54	58.74	1.44	22.94	22.08
6/22/2020 9:46:08 AM	9.39	2.73	2.00	0.69	0.00	0.00	0.00	1.83	14.82	100.00	4.48	12.46	4977	2733	902	21	0	0	0	0	8633	164.59	19.93	7.64	26.24	38.89	27.71	57.33	1.44	22.92	22.11
6/22/2020 9:46:10 AM	9.10	2.36	1.49	1.02	0.00	0.00	0.00	1.84	13.98	100.00	4.51	12.94	4824	2360	673	31	0	0	0	0	7888	164.73	19.29	7.15	24.43	37.97	26.83	55.52	1.44	22.90	22.08
6/22/2020 9:46:13 AM	8.67	2.56	1.86	0.70	0.00	0.00	0.00	1.82	13.79	100.00	4.55	13.36	4597	2562	836	21	0	0	0	0	8017	164.75	19.00	7.18	24.67	37.36	26.32	54.24	1.45	22.88	22.06
6/22/2020 9:46:15 AM	8.83	2.60	1.90	0.47	0.00	0.00	0.00	1.78	13.80	100.00	4.59	13.36	4681	2597	856	14	0	0	0	0	8149	164.79	18.40	6.72	24.37	36.84	25.82	53.59	1.45	22.86	22.06
6/22/2020 9:46:17 AM	8.59	2.17	1.38	0.63	0.00	0.00	0.00	1.70	12.77	100.00	4.64	13.08	4550	2171	623	19	0	0	0	0	7363	165.50	16.96	6.16	22.02	34.75	23.89	50.44	1.45	22.85	22.09
6/22/2020 9:46:20 AM	7.22	1.89	0.95	0.77	0.00	0.00	0.00	1.70	10.83	100.00	4.67	12.84	3825	1887	429	23	0	0	0	0	6164	165.45	15.35	5.67	19.48	32.15	21.66	44.73	1.46	22.83	22.08
6/22/2020 9:46:22 AM	6.55	1.89	0.92	0.54	0.00	0.00	0.00	1.68	9.90	100.00	4.70	12.83	3470	1891	416	16	0	0	0	0	5793	165.76	14.08	5.41	18.42	30.46	20.04	41.21	1.46	22.81	22.06
6/22/2020 9:46:25 AM	6.43	1.83	0.98	0.42	0.00	0.00	0.00	1.66	9.66	100.00	4.76	12.78	3410	1829	440	13	0	0	0	0	5692	165.74	13.69	5.08	17.78	30.00	19.33	40.44	1.47	22.78	22.09
6/22/2020 9:46:27 AM	6.01	1.53	0.49	0.80	0.00	0.00	0.00	1.66	8.83	100.00	4.83	12.65	3187	1529	220	24	0	0	0	0	4960	166.39	13.24	4.78	16.36	29.00	18.85	38.51	1.47	22.76	22.08
6/22/2020 9:46:29 AM	5.69	1.87	1.13	0.34	0.00	0.00	0.00	1.66	9.02	100.00	4.88	12.40	3013	1872	506	10	0	0	0	0	5402	166.57	13.37	4.89	17.28	29.03	18.76	38.30	1.48	22.74	22.06
6/22/2020 9:46:32 AM	6.06	1.65	0.80	0.53	0.00	0.00	0.00	1.65	9.04	100.00	4.95	11.75	3212	1647	361	16	0	0	0	0	5235	166.68	13.22	4.73	16.65	29.07	18.61	38.77	1.49	22.72	22.01
6/22/2020 9:46:34 AM	5.20	1.50	0.75	0.51	0.00	0.00	0.00	1.59	7.97	100.00	4.99	11.34	2759	1505	336	15	0	0	0	0	4615	167.48	12.25	4.38	15.15	27.05	17.11	35.19	1.49	22.69	22.04
6/22/2020 9:46:37 AM	4.77	1.49	0.71	0.46	0.00	0.00	0.00	1.58	7.43	100.00	5.08	11.17	2527	1490	321	14	0	0	0	0	4351	167.69	11.70	4.23	14.56	26.11	16.41	33.28	1.50	22.66	22.04
6/22/2020 9:46:39 AM	4.24	1.57	0.82	0.32	0.00	0.00	0.00	1.57	6.94	100.00	5.17	10.99	2248	1568	368	9	0	0	0	0	4193	168.18	11.22	4.16	14.28	25.24	15.78	31.37	1.51	22.64	22.04
6/22/2020 9:46:41 AM	4.35	1.28	0.30	0.71	0.00	0.00	0.00	1.54	6.64	100.00	5.21	11.08	2307	1276	135	21	0	0	0	0	3740	168.53	10.98	4.19	13.43	24.73	15.66	30.89	1.51	22.62	22.03
6/22/2020 9:46:44 AM	3.82	1.27	0.27	0.78	0.00	0.00	0.00	1.52	6.13	100.00	5.26	11.21	2023	1274	120	23	0	0	0	0	3440	168.76	10.73	4.19	13.08	23.81	15.38	29.13	1.52	22.60	22.05
6/22/2020 9:46:46 AM	3.94	1.09	0.22	0.83	0.00	0.00	0.00	1.49	6.08	100.00	5.32	11.30	2089	1094	98	25	0	0	0	0	3305	168.86	10.64	4.01	12.41	23.57	14.92	29.27	1.52	22.57	22.04
6/22/2020 9:46:48 AM	3.59	1.11	0.11	0.75	0.00	0.00	0.00	1.49	5.56	100.00	5.41	10.97	1903	1105	52	22	0	0	0	0	3082	169.12	9.92	3.86	11.89	22.69	14.20	27.28	1.53	22.54	22.01
6/22/2020 9:46:51 AM	3.24	1.22	0.30	0.53	0.00	0.00	0.00	1.48	5.30	100.00	5.43	10.81	1720	1220	137	16	0	0	0	0	3093	169.38	9.57	3.59	11.76	22.16	13.80	26.04	1.53	22.50	21.98
6/22/2020 9:46:53 AM	3.38	1.21	0.27	0.59	0.00	0.00	0.00	1.48	5.46	100.00	5.48	10.99	1794	1207	121	18	0	0	0	0	3139	169.37	9.74	3.77	11.97	22.35	14.01	26.57	1.54	22.48	21.96
6/22/2020 9:46:56 AM	3.25	1.15	0.26	0.53	0.00	0.00	0.00	1.46	5.18	100.00	5.50	11.12	1722	1149	116	16	0	0	0	0	3002	169.39	9.33	3.46	11.37	21.79	13.44	25.62	1.54	22.45	21.98
6/22/2020 9:46:58 AM	3.17	1.11	0.27	0.61	0.00	0.00	0.00	1.47	5.17	100.00	5.52	11.55	1681	1113	122	18	0	0	0	0	2934	169.32	9.59	3.51	11.34	21.98	13.60	25.91	1.54	22.42	21.95
6/22/2020 9:47:00 AM	3.11	1.12	0.32	0.62	0.00	0.00	0.00	1.48	5.17	100.00	5.59	11.81	1647	1122	143	19	0	0	0	0	2930	169.44	9.73	3.54	11.40	22.06	13.69	26.01	1.55	22.39	21.98
6/22/2020 9:47:03 AM	2.97	1.11	0.24	0.60	0.00	0.00	0.00	1.48	4.92	100.00	5.65	11.28	1574	1106	108	18	0	0	0	0	2806	169.54	9.38	3.53	11.12	21.69	13.28	25.14	1.55	22.37	21.94
6/22/2020 9:47:05 AM	2.89	1.18	0.30	0.44	0.00	0.00	0.00	1.44	4.80	100.00	5.66	10.67	1532	1179	133	13	0	0	0	0	2858	170.25	8.90	3.37	11.04	21.05	12.90	24.12	1.55	22.34	21.95
6/22/2020 9:47:07 AM	3.19	1.20	0.25	0.52	0.00	0.00	0.00	1.47	5.16	100.00	5.72	10.73	1689	1198	114	16	0	0	0	0	3017	170.01	9.32	3.55	11.55	21.80	13.53	25.46	1.56	22.31	21.94
6/22/2020 9:47:10 AM	2.69	1.08	0.12	0.59	0.00	0.00	0.00	1.44	4.47	100.00	5.78	10.78	1425	1076	53	18	0	0	0	0	2571	169.79	8.75	3.38	10.58	20.65	12.70	23.32	1.57	22.27	21.94
6/22/2020 9:47:12 AM	2.46	1.10	0.22	0.39	0.00	0.00	0.00	1.44	4.17	100.00	5.85	10.79	1303	1098	98	12	0	0	0	0	2510	170.72	8.25	3.09	10.12	20.13	11.96	22.15	1.57	22.25	21.93
6/22/2020 9:47:15 AM	2.28	1.11	0.20	0.42	0.00	0.00	0.00	1.44	4.00	100.00	5.91	10.98	1206	1110	89	12	0	0	0	0	2418	170.65	8.18	3.13	10.06	19.91	11.91	21.60	1.58	22.22	21.91
6/22/2020 9:47:17 AM	2.32	0.97	0.00	0.52	0.00	0.00	0.00	1.42	3.81	100.00	6.00	10.84	1230	973	0	16	0	0	0	0	2218	170.50	7.82	2.98	9.40	19.50	11.68	21.10	1.59	22.19	21.89
6/22/2020 9:47:19 AM	2.13	0.95	0.07	0.47	0.00	0.00	0.00	1.40	3.62	100.00	6.11	10.44	1129	954	30	14	0	0	0	0	2127	170.70	7.72	2.92	9.19	19.05	11.20	20.42	1.60	22.15	21.89
6/22/2020 9:47:22 AM	1.73	0.99	0.13	0.27	0.00	0.00	0.00	1.40	3.12	100.00	6.21	10.12	918	989	58	8	0	0	0	0	1973	170.41	7.03	2.65	8.62	18.23	10.29	18.52	1.61	22.12	21.89
6/22/2020 9:47:24 AM	1.88	1.06	0.11	0.28	0.00	0.00	0.00	1.44	3.33	100.00	6.28	9.97	998	1057	51	8	0	0	0	0	2115	170.77	7.27	2.78	9.09	18.90	10.73	19.33	1.61	22.10	21.86
6/22/2020 9:47:26 AM	1.65	0.91	0.00	0.30	0.00	0.00	0.00	1.41	2.86	100.00	6.43	9.85	874	908	0	9	0	0	0	0	1791	171.00	6.69	2.55	8.10	17.97	9.88	17.86	1.63	22.06	21.84
6/22/2020 9:47:29 AM	1.73	0.96	0.00	0.31	0.00	0.00	0.00	1.41	3.00	100.00	6.49	9.71	915	961	0	9	0	0	0	0	1885	170.71	6.81	2.63	8.42	18.17	10.21	18.18	1.64	22.02	21.84
6/22/2020 9:47:31 AM	1.50	0.89	0.02	0.36	0.00	0.00	0.00	1.39	2.77	100.00	6.52	9.93	795	894	7	11	0	0	0	0	1707	170.47	6.79	2.59	8.08	17.71	9.91	17.57	1.64	21.99	21.85
6/22/2020 9:47:34 AM	1.56	0.93	0.00	0.29	0.00	0.00	0.00	1.41	2.78	100.00	6.55	10.30	825	928	0	9	0	0	0	0	1762	170.43	6.64	2.47	8.07	17.84	9.89	17.53	1.64	21.95	21.85
6/22/2020 9:47:36 AM	1.44	0.90	0.00	0.34	0.00	0.00	0.00	1.41	2.68	100.00	6.58	10.41	761	901	0	10	0	0	0	0	1673	170.49	6.71	2.52	7.98	17.75	9.87	17.37	1.64	21.94	21.83
6/22/2020 9:47:38 AM	1.50	0.84	0.00	0.36	0.00	0.00	0.00	1.40	2.70	100.00	6.59	10.55	796	841	0	11	0	0	0	0	1648	170.24	6.68	2.52	7.76	17.77	9.77	17.58	1.65	21.89	21.79
6/22/2020 9:47:41 AM	1.43	0.86	0.00	0.36	0.00	0.00	0.00	1.40	2.65	100.00	6.62	10.89	759	862	0	11	0	0	0	0	1632	170.47	6.66	2.50	7.79	17.65	9.79	17.33	1.65	21.86	21.76
6/22/2020 9:47:43 AM	1.66	0.93	0.02	0.28	0.00	0.00	0.00	1.38	2.89	100.00	6.68	10.85	882	925	9	9	0	0	0	0	1825	170.49	6.67	2.41	8.14	17.72	9.96	17.71	1.65	21.83	21.71
6/22/2020 9:47:46 AM	1.46	0.83	0.00	0.38	0.00	0.00	0.00	1.39	2.67	100.00	6.67	10.70	772	830	0	11	0	0	0	0	1613	170.71	6.70	2.46	7.70	17.57	9.79	17.40	1.65	21.79	21.79
6/22/2020 9:47:48 AM	1.61	0.89	0.00	0.33	0.00	0.00	0.00	1.40	2.83	100.00	6.70	10.55	855	894	0	10	0	0	0	0	1758	170.41	6.72	2.47	8.02	17.89	9.96	17.80	1.66	21.75	21.75
6/22/2020 9:47:50 AM	1.55	0.96	0.08	0.27	0.00	0.00	0.00	1.43	2.86	100.00	6.74	10.36	821	958	36	8	0	0	0	0	1824	170.55	6.85	2.54	8.27	18.14	9.99	17.92	1.66	21.72	21.73
6/22/2020 9:47:53 AM	1.72	0.98	0.00	0.29	0.00	0.00	0.00	1.44	2.99	100.00	6.77	10.50	913	977	0	9	0	0	0	0	1898	170.69	6.84	2.59	8.46	18.39	10.20	18.28	1.66	21.70	21.70
6/22/2020 9:47:55 AM	1.77	0.95	0.00	0.31	0.00	0.00	0.00	1.45	3.03	100.00	6.81	10.72	937	954	0	9	0	0	0	0	1899	170.21	6.95	2.53	8.42	18.57	10.27	18.59	1.67	21.66	21.69
6/22/2020 9:47:57 AM	1.67	0.98	0.00	0.29	0.00	0.00	0.00	1.44	2.95	100.00	6.89	10.67	886	981	0	9	0	0	0	0	1876	170.33	6.81	2.56	8.40	18.36	10.27	18.17	1.68	21.61	21.69
6/22/2020 9:48:00 AM	1.24	0.86	0.00	0.24	0.00	0.00	0.00	1.39	2.34	100.00	6.97	10.50	656	861	0	7	0	0	0	0	1524	170.21	6.15	2.28	7.33	17.06	9.20	16.12	1.68	21.59	21.68
6/22/2020 9:48:02 AM	1.10	0.91	0.04	0.13	0.00	0.00	0.00	1.38	2.19	100.00	7.09	10.18	585	906	18	4	0	0	0	0	1514	169.43	5.88	2.18	7.28	16.63	8.79	15.29	1.69	21.55	21.63
6/22/2020 9:48:05 AM	0.97	0.83	0.00	0.12	0.00	0.00	0.00	1.35	1.92	100.00	7.18	9.82	514	833	0	4	0	0	0	0	1350	168.53	5.47	1.95	6.63	16.02	8.40	14.38	1.70	21.50	21.61
6/22/2020 9:48:07 AM	0.87	0.77	0.00	0.17	0.00	0.00	0.00	1.35	1.82	100.00	7.27	9.69	461	773	0	5	0	0	0	0	1239	168.76	5.50	1.94	6.37	15.90	8.30	14.25	1.71	21.48	21.60
6/22/2020 9:48:09 AM	0.97	0.84	0.00	0.14	0.00	0.00	0.00	1.37	1.94	100.00	7.32	9.76	512	838	0	4	0	0	0	0	1354	168.60	5.55	2.06	6.69	16.30	8.52	14.65	1.72	21.44	21.60
6/22/2020 9:48:12 AM	0.53	0.76	0.00	0.06	0.00	0.00	0.00	1.32	1.35	100.00	7.47	9.88	281	764	0	2	0	0	0	0	1047	168.26	4.85	1.78	5.79	14.90	7.46	12.41	1.73	21.39	21.59
6/22/2020 9:48:14 AM	0.57	0.78	0.00	0.04	0.00	0.00	0.00	1.33	1.38	100.00	7.54	9.64	301	778	0	1	0	0	0	0	1080	168.42	4.84	1.77	5.83	15.03	7.48	12.52	1.74	21.37	21.60
6/22/2020 9:48:16 AM	0.53	0.77	0.00	0.05	0.00	0.00	0.00	1.32	1.35	100.00	7.63	9.66	280	772	0	1	0	0	0	0	1053	168.78	4.76	1.79	5.73	14.93	7.52	12.38	1.75	21.33	21.57
6/22/2020 9:48:19 AM	0.36	0.76	0.00	0.02	0.00	0.00	0.00	1.33	1.14	100.00	7.70	9.68	192	762	0	1	0	0	0	0	955	169.01	4.59	1.77	5.52	14.70	7.20	11.77	1.75	21.30	21.55
6/22/2020 9:48:21 AM	0.33	0.73	0.00	0.05	0.00	0.00	0.00	1.30	1.10	100.00	7.80	9.62	175	725	0	1	0	0	0	0	902	169.22	4.57	1.74	5.38	14.42	7.10	11.58	1.76	21.26	21.53
6/22/2020 9:48:24 AM	0.32	0.74	0.00	0.06	0.00	0.00	0.00	1.30	1.11	100.00	7.88	9.66	168	738	0	2	0	0	0	0	907	169.50	4.59	1.62	5.37	14.40	7.29	11.57	1.77	21.23	21.50
6/22/2020 9:48:26 AM	0.23	0.71	0.00	0.04	0.00	0.00	0.00	1.31	0.98	100.00	7.98	9.73	121	711	0	1	0	0	0	0	834	169.08	4.47	1.74	5.20	14.31	6.97	11.28	1.78	21.19	21.49
6/22/2020 9:48:28 AM	0.21	0.76	0.00	0.02	0.00	0.00	0.00	1.32	0.98	100.00	8.06	9.66	109	757	0	1	0	0	0	0	867	169.13	4.50	1.69	5.36	14.39	7.06	11.22	1.79	21.16	21.48
6/22/2020 9:48:31 AM	0.33	0.77	0.00	0.01	0.00	0.00	0.00	1.30	1.10	100.00	8.13	9.66	174	765	0	0	0	0	0	0	940	169.73	4.53	1.62	5.47	14.34	7.15	11.40	1.80	21.11	21.47
6/22/2020 9:48:33 AM	0.34	0.76	0.00	0.00	0.00	0.00	0.00	1.29	1.10	100.00	8.21	9.81	180	760	0	0	0	0	0	0	940	169.83	4.45	1.74	5.47	14.31	7.04	11.37	1.80	21.08	21.45
6/22/2020 9:48:36 AM	0.18	0.74	0.00	0.00	0.00	0.00	0.00	1.30	0.91	100.00	8.27	10.01	94	737	0	0	0	0	0	0	831	169.50	4.33	1.60	5.19	14.11	6.86	10.88	1.81	21.04	21.43
6/22/2020 9:48:38 AM	0.19	0.72	0.00	0.00	0.00	0.00	0.00	1.29	0.91	100.00	8.35	10.12	100	717	0	0	0	0	0	0	817	169.38	4.29	1.61	5.07	14.02	6.82	10.84	1.82	21.00	21.42
6/22/2020 9:48:40 AM	0.12	0.74	0.00	0.00	0.00	0.00	0.00	1.30	0.86	100.00	8.41	9.93	63	739	0	0	0	0	0	0	801	169.64	4.28	1.63	5.11	14.04	6.86	10.70	1.82	20.97	21.39
6/22/2020 9:48:43 AM	0.18	0.80	0.00	0.00	0.00	0.00	0.00	1.32	0.98	100.00	8.43	9.84	93	802	0	0	0	0	0	0	895	169.78	4.38	1.75	5.64	14.35	6.98	11.03	1.83	20.93	21.42
6/22/2020 9:48:45 AM	0.25	0.74	0.00	0.00	0.00	0.00	0.00	1.29	1.00	100.00	8.52	9.86	134	744	0	0	0	0	0	0	878	169.24	4.30	1.59	5.32	14.16	6.93	11.06	1.83	20.90	21.37
6/22/2020 9:48:47 AM	0.15	0.72	0.00	0.00	0.00	0.00	0.00	1.29	0.87	100.00	8.60	9.77	79	717	0	0	0	0	0	0	796	169.17	4.19	1.60	5.03	13.98	6.80	10.71	1.84	20.87	21.35
6/22/2020 9:48:50 AM	0.11	0.70	0.00	0.00	0.00	0.00	0.00	1.27	0.81	100.00	8.69	9.50	58	697	0	0	0	0	0	0	755	168.49	4.11	1.55	4.99	13.72	6.58	10.43	1.85	20.84	21.30
6/22/2020 9:48:52 AM	0.06	0.68	0.00	0.01	0.00	0.00	0.00	1.28	0.74	100.00	8.74	9.31	31	679	0	0	0	0	0	0	710	168.64	4.17	1.59	4.81	13.70	6.54	10.34	1.86	20.80	21.35
6/22/2020 9:48:55 AM	0.16	0.69	0.00	0.00	0.00	0.00	0.00	1.28	0.85	100.00	8.80	9.59	82	692	0	0	0	0	0	0	775	168.85	4.22	1.49	4.93	13.85	6.69	10.64	1.86	20.76	21.33
6/22/2020 9:48:57 AM	0.07	0.69	0.00	0.00	0.00	0.00	0.00	1.26	0.76	100.00	8.92	9.50	37	693	0	0	0	0	0	0	730	167.54	4.10	1.49	4.85	13.57	6.62	10.23	1.87	20.73	21.34
6/22/2020 9:48:59 AM	0.13	0.63	0.00	0.00	0.00	0.00	0.00	1.24	0.76	100.00	8.96	9.14	67	629	0	0	0	0	0	0	696	166.06	4.01	1.42	4.67	13.33	6.31	10.18	1.88	20.69	21.30
6/22/2020 9:49:02 AM	0.10	0.64	0.00	0.00	0.00	0.00	0.00	1.25	0.75	100.00	8.99	9.15	55	642	0	0	0	0	0	0	697	166.79	3.98	1.48	4.71	13.40	6.35	10.18	1.88	20.65	21.23
6/22/2020 9:49:04 AM	0.12	0.69	0.00	0.00	0.00	0.00	0.00	1.25	0.81	100.00	9.00	9.31	65	689	0	0	0	0	0	0	754	166.26	4.11	1.59	4.92	13.50	6.56	10.29	1.88	20.61	21.24
6/22/2020 9:49:06 AM	0.00	0.69	0.00	0.00	0.00	0.00	0.00	1.24	0.69	100.00	9.03	9.60	0	686	0	0	0	0	0	0	686	166.50	3.98	1.44	4.86	13.34	6.41	9.79	1.88	20.57	21.22
6/22/2020 9:49:09 AM	0.09	0.68	0.00	0.00	0.00	0.00	0.00	1.25	0.78	100.00	9.08	9.85	50	684	0	0	0	0	0	0	734	166.52	4.07	1.49	4.92	13.47	6.49	10.20	1.89	20.55	21.18
6/22/2020 9:49:11 AM	0.11	0.68	0.00	0.00	0.00	0.00	0.00	1.25	0.79	100.00	9.11	9.96	59	679	0	0	0	0	0	0	738	166.69	4.07	1.50	4.88	13.53	6.52	10.30	1.89	20.51	21.17
6/22/2020 9:49:14 AM	0.05	0.67	0.00	0.00	0.00	0.00	0.00	1.26	0.73	100.00	9.17	9.86	28	674	0	0	0	0	0	0	702	167.14	4.00	1.42	4.78	13.52	6.51	10.15	1.90	20.48	21.19
6/22/2020 9:49:16 AM	0.02	0.69	0.00	0.00	0.00	0.00	0.00	1.27	0.71	100.00	9.21	9.55	13	690	0	0	0	0	0	0	703	166.09	3.97	1.54	4.87	13.59	6.50	10.14	1.90	20.44	21.17
6/22/2020 9:49:18 AM	0.02	0.67	0.00	0.00	0.00	0.00	0.00	1.25	0.69	100.00	9.24	9.46	12	665	0	0	0	0	0	0	677	161.50	3.98	1.37	4.71	13.33	6.43	9.95	1.91	20.42	21.12
6/22/2020 9:49:21 AM	0.00	0.63	0.00	0.00	0.00	0.00	0.00	1.25	0.63	100.00	9.35	9.55	0	633	0	0	0	0	0	0	633	159.34	3.82	1.42	4.51	13.30	6.32	9.84	1.92	20.37	21.09
6/22/2020 9:49:23 AM	0.01	0.62	0.00	0.00	0.00	0.00	0.00	1.22	0.62	100.00	9.45	9.41	4	616	0	0	0	0	0	0	620	156.71	3.77	1.38	4.57	13.05	6.10	9.70	1.93	20.34	21.12
6/22/2020 9:49:25 AM	0.01	0.63	0.00	0.00	0.00	0.00	0.00	1.22	0.64	100.00	9.48	9.25	6	626	0	0	0	0	0	0	631	156.66	3.65	1.26	4.54	13.04	6.26	9.69	1.93	20.30	21.10
6/22/2020 9:49:28 AM	0.00	0.60	0.00	0.00	0.00	0.00	0.00	1.20	0.60	100.00	9.53	9.44	0	600	0	0	0	0	0	0	600	156.21	3.65	1.27	4.42	12.80	6.08	9.47	1.93	20.26	21.08
6/22/2020 9:49:30 AM	0.00	0.59	0.00	0.00	0.00	0.00	0.00	1.20	0.59	100.00	9.59	9.60	0	591	0	0	0	0	0	0	591	156.58	3.64	1.33	4.41	12.89	6.01	9.43	1.94	20.23	21.02
6/22/2020 9:49:33 AM	0.00	0.58	0.00	0.00	0.00	0.00	0.00	1.20	0.58	100.00	9.66	9.70	0	580	0	0	0	0	0	0	580	156.26	3.61	1.35	4.33	12.87	5.99	9.45	1.95	20.19	21.02
6/22/2020 9:49:35 AM	0.00	0.60	0.00	0.00	0.00	0.00	0.00	1.20	0.60	100.00	9.70	9.61	0	598	0	0	0	0	0	0	598	154.78	3.64	1.26	4.45	12.92	6.04	9.38	1.95	20.16	20.99
6/22/2020 9:49:37 AM	0.00	0.58	0.00	0.00	0.00	0.00	0.00	1.20	0.58	100.00	9.75	9.49	0	580	0	0	0	0	0	0	580	155.31	3.61	1.28	4.31	12.88	6.02	9.43	1.95	20.13	20.99
6/22/2020 9:49:40 AM	0.03	0.63	0.00	0.00	0.00	0.00	0.00	1.22	0.66	100.00	9.81	9.36	14	633	0	0	0	0	0	0	647	155.86	3.71	1.38	4.64	13.07	6.21	9.74	1.96	20.10	20.97
6/22/2020 9:49:42 AM	0.00	0.61	0.00	0.00	0.00	0.00	0.00	1.21	0.61	100.00	9.89	9.25	0	610	0	0	0	0	0	0	610	152.79	3.68	1.34	4.47	12.98	6.13	9.55	1.97	20.06	20.95
6/22/2020 9:49:45 AM	0.00	0.63	0.00	0.00	0.00	0.00	0.00	1.21	0.63	100.00	9.96	9.27	0	626	0	0	0	0	0	0	626	152.79	3.67	1.35	4.56	12.96	6.18	9.57	1.98	20.03	20.94
6/22/2020 9:49:47 AM	0.00	0.62	0.00	0.00	0.00	0.00	0.00	1.20	0.62	100.00	10.06	9.29	0	625	0	0	0	0	0	0	625	152.22	3.61	1.30	4.62	12.87	6.10	9.48	1.99	19.98	20.93
6/22/2020 9:49:49 AM	0.05	0.64	0.00	0.00	0.00	0.00	0.00	1.22	0.69	99.32	10.12	9.10	25	641	0	0	0	0	0	0	666	150.73	3.70	1.32	4.70	13.10	6.27	9.81	1.99	19.96	20.92
6/22/2020 9:49:52 AM	0.10	0.82	0.00	0.01	0.00	0.00	0.00	1.21	0.93	98.04	10.19	9.07	54	817	0	0	0	0	0	0	871	148.78	4.17	1.58	5.44	13.12	7.14	9.95	2.00	19.93	20.87
