Date/Time	Green Algae	Bluegreen	Diatoms	Cryptophyta	#5	#6	#7	Yellow substances	Total conc.	Transmission	Depth	Temp. Sample	Green Algae	Bluegreen	Diatoms	Cryptophyta	#5	#6	#7	Yellow substances	Total cell count	Trans. 700 nm	LED 3 [525 nm]	LED 4 [570 nm]	LED 5 [610 nm]	LED 6 [370 nm]	LED 7 [590 nm]	LED 8 [470 nm]	Pressure	Temp. LEDs	Temp. Sensor
date	µg/l	µg/l	µg/l	µg/l	µg/l	µg/l	µg/l	r.u.	µg/l	%	m	°C	cells/ml	cells/ml	cells/ml	cells/ml	cells/ml	cells/ml	cells/ml	r.u.	cells/ml	digits	digits	digits	digits	digits	digits	digits	bar	°C	°C
8/6/2020 10:51:39 AM	5.16	1.44	1.32	0.30	0.00	0.00	0.00	0.26	8.22	100.00	0.21	26.14	2737	1442	595	9	0	0	0	0	4783	155.18	9.37	3.70	14.23	13.78	15.79	25.85	1.02	23.03	21.86
8/6/2020 10:51:41 AM	6.09	1.79	1.24	0.00	0.00	0.00	0.00	0.26	9.13	100.00	0.23	26.13	3229	1792	559	0	0	0	0	0	5579	157.76	9.12	4.22	16.50	14.81	15.98	27.35	1.02	23.08	21.88
8/6/2020 10:51:43 AM	5.67	1.52	1.03	0.09	0.00	0.00	0.00	0.37	8.30	100.00	0.25	26.17	3004	1518	462	3	0	0	0	0	4986	160.00	8.67	3.43	14.26	14.83	15.49	26.18	1.02	23.12	21.90
8/6/2020 10:51:46 AM	6.10	1.59	1.24	0.00	0.00	0.00	0.00	0.18	8.93	100.00	0.31	26.04	3233	1594	557	0	0	0	0	0	5384	161.91	8.92	2.82	16.25	13.82	14.59	26.61	1.03	23.16	21.95
8/6/2020 10:51:48 AM	6.76	1.65	0.96	0.00	0.00	0.00	0.00	0.24	9.37	100.00	0.34	26.12	3581	1653	433	0	0	0	0	0	5667	160.10	8.74	3.25	16.13	14.92	15.79	28.00	1.03	23.20	21.93
8/6/2020 10:51:51 AM	5.08	1.37	0.00	1.03	0.00	0.00	0.00	0.58	7.48	100.00	0.37	26.26	2694	1367	0	31	0	0	0	0	4092	160.01	9.17	4.00	14.19	15.94	17.32	25.57	1.04	23.24	21.96
8/6/2020 10:51:53 AM	4.43	1.62	1.65	0.00	0.00	0.00	0.00	0.36	7.70	100.00	0.38	26.16	2349	1619	743	0	0	0	0	0	4712	159.38	9.35	2.63	14.47	14.04	14.94	24.57	1.04	23.30	21.96
8/6/2020 10:51:55 AM	3.88	1.81	2.36	0.00	0.00	0.00	0.00	0.41	8.05	100.00	0.41	26.04	2058	1809	1061	0	0	0	0	0	4928	159.75	10.95	3.30	15.59	15.05	16.03	26.33	1.04	23.33	21.96
8/6/2020 10:51:58 AM	4.68	1.58	1.69	0.35	0.00	0.00	0.00	0.26	8.30	100.00	0.40	26.00	2479	1579	760	11	0	0	0	0	4828	160.96	10.16	5.44	15.51	13.97	15.72	26.21	1.04	23.37	22.00
8/6/2020 10:52:00 AM	5.92	1.75	1.41	0.00	0.00	0.00	0.00	0.20	9.07	100.00	0.44	25.88	3136	1745	635	0	0	0	0	0	5516	160.81	9.21	3.79	15.91	14.11	16.25	26.97	1.04	23.43	22.03
8/6/2020 10:52:02 AM	3.98	1.84	2.12	0.00	0.00	0.00	0.00	0.33	7.94	100.00	0.49	26.04	2111	1837	956	0	0	0	0	0	4904	161.42	10.38	2.23	15.56	14.04	16.06	25.03	1.05	23.46	22.03
8/6/2020 10:52:05 AM	5.22	1.41	0.82	0.49	0.00	0.00	0.00	0.42	7.93	100.00	0.50	26.23	2766	1405	369	15	0	0	0	0	4555	160.93	9.23	3.19	13.90	14.93	16.35	25.93	1.05	23.51	22.03
8/6/2020 10:52:07 AM	5.61	1.42	1.45	0.00	0.00	0.00	0.00	0.30	8.49	100.00	0.53	26.18	2974	1424	653	0	0	0	0	0	5051	162.30	9.21	2.92	14.55	14.55	14.58	26.87	1.05	23.55	22.08
8/6/2020 10:52:10 AM	5.74	1.44	1.43	0.22	0.00	0.00	0.00	0.30	8.82	100.00	0.56	26.15	3042	1437	643	6	0	0	0	0	5128	162.06	9.78	4.42	14.91	15.08	15.68	28.15	1.05	23.60	22.11
8/6/2020 10:52:12 AM	4.52	1.71	1.89	0.00	0.00	0.00	0.00	0.32	8.12	100.00	0.56	26.09	2398	1709	851	0	0	0	0	0	4957	161.86	9.95	3.14	15.66	14.24	15.06	25.63	1.06	23.63	22.05
8/6/2020 10:52:14 AM	5.27	1.33	0.75	0.84	0.00	0.00	0.00	0.30	8.19	100.00	0.59	26.06	2792	1332	337	25	0	0	0	0	4486	163.55	9.78	4.18	14.55	14.26	16.94	26.35	1.06	23.68	22.11
8/6/2020 10:52:17 AM	5.92	1.65	1.28	0.00	0.00	0.00	0.00	0.22	8.85	100.00	0.63	26.12	3136	1652	576	0	0	0	0	0	5364	163.17	8.90	3.09	14.91	14.05	16.32	26.56	1.06	23.71	22.14
8/6/2020 10:52:19 AM	4.66	1.72	2.18	0.00	0.00	0.00	0.00	0.27	8.56	100.00	0.67	26.19	2469	1724	981	0	0	0	0	0	5174	162.36	10.43	4.64	15.78	14.40	15.64	26.92	1.07	23.75	22.14
8/6/2020 10:52:22 AM	5.68	1.71	1.94	0.00	0.00	0.00	0.00	0.11	9.33	100.00	0.71	26.07	3010	1705	874	0	0	0	0	0	5589	163.08	10.10	3.87	16.10	13.77	16.33	27.85	1.07	23.81	22.19
8/6/2020 10:52:24 AM	6.25	1.67	0.93	0.00	0.00	0.00	0.00	0.33	8.85	100.00	0.80	26.05	3312	1667	420	0	0	0	0	0	5399	164.48	8.55	3.15	15.01	15.04	16.27	26.97	1.08	23.86	22.18
8/6/2020 10:52:26 AM	4.93	1.61	2.03	0.00	0.00	0.00	0.00	0.32	8.56	100.00	0.81	26.23	2612	1609	913	0	0	0	0	0	5133	163.29	10.36	3.00	14.62	14.94	16.28	27.49	1.08	23.89	22.23
8/6/2020 10:52:29 AM	4.74	1.60	1.80	0.00	0.00	0.00	0.00	0.40	8.14	100.00	0.84	26.25	2511	1602	812	0	0	0	0	0	4924	162.21	9.87	3.69	14.80	15.06	15.17	26.48	1.08	23.94	22.21
8/6/2020 10:52:31 AM	5.00	1.35	0.87	0.61	0.00	0.00	0.00	0.44	7.84	100.00	0.84	26.24	2650	1350	394	18	0	0	0	0	4412	161.61	9.57	4.41	14.26	15.19	15.84	26.21	1.08	23.98	22.26
8/6/2020 10:52:33 AM	4.64	1.45	1.64	0.35	0.00	0.00	0.00	0.39	8.09	100.00	0.89	26.19	2461	1451	739	11	0	0	0	0	4663	161.02	10.33	4.61	14.64	15.09	15.63	26.93	1.09	24.02	22.25
8/6/2020 10:52:36 AM	3.76	1.54	2.82	0.00	0.00	0.00	0.00	0.28	8.12	100.00	0.91	26.22	1995	1541	1268	0	0	0	0	0	4804	161.83	11.36	3.51	14.31	14.14	15.57	26.86	1.09	24.07	22.29
8/6/2020 10:52:38 AM	5.15	1.65	1.38	0.00	0.00	0.00	0.00	0.40	8.18	100.00	0.93	26.21	2728	1652	620	0	0	0	0	0	5000	161.79	9.17	3.52	15.23	14.95	14.97	25.94	1.09	24.11	22.34
8/6/2020 10:52:41 AM	6.28	1.50	1.37	0.03	0.00	0.00	0.00	0.20	9.17	100.00	0.97	26.02	3328	1500	615	1	0	0	0	0	5443	161.20	9.18	3.74	14.90	14.42	15.83	28.00	1.09	24.15	22.34
8/6/2020 10:52:43 AM	5.44	1.43	1.95	0.00	0.00	0.00	0.00	0.16	8.81	100.00	0.99	25.99	2882	1429	876	0	0	0	0	0	5186	161.64	9.80	4.44	14.79	13.79	14.75	27.43	1.10	24.19	22.31
8/6/2020 10:52:45 AM	4.75	1.74	2.42	0.00	0.00	0.00	0.00	0.12	8.92	100.00	1.00	26.04	2520	1742	1090	0	0	0	0	0	5353	161.35	10.67	4.94	16.19	13.41	15.85	27.08	1.10	24.22	22.35
8/6/2020 10:52:48 AM	6.25	1.22	0.49	0.48	0.00	0.00	0.00	0.37	8.44	100.00	1.04	25.99	3311	1219	223	15	0	0	0	0	4767	160.87	8.68	4.43	14.13	15.20	15.19	27.31	1.10	24.28	22.35
8/6/2020 10:52:50 AM	5.26	1.56	1.67	0.00	0.00	0.00	0.00	0.28	8.49	100.00	1.10	25.94	2786	1565	752	0	0	0	0	0	5102	160.86	9.56	3.02	14.61	14.34	15.63	26.62	1.11	24.32	22.41
8/6/2020 10:52:52 AM	4.78	1.81	2.08	0.00	0.00	0.00	0.00	0.22	8.67	100.00	1.13	26.03	2533	1810	935	0	0	0	0	0	5278	161.43	10.32	3.20	15.87	13.93	16.49	26.48	1.11	24.37	22.43
8/6/2020 10:52:55 AM	5.13	1.61	1.80	0.23	0.00	0.00	0.00	0.20	8.76	100.00	1.18	26.14	2717	1609	809	7	0	0	0	0	5141	160.18	10.28	3.60	15.11	13.99	16.86	27.14	1.12	24.39	22.50
8/6/2020 10:52:57 AM	4.84	1.84	2.11	0.00	0.00	0.00	0.00	0.34	8.79	100.00	1.18	26.20	2564	1841	951	0	0	0	0	0	5355	159.70	10.80	3.86	17.01	15.33	15.77	27.77	1.12	24.44	22.44
8/6/2020 10:53:00 AM	4.51	1.78	2.21	0.00	0.00	0.00	0.00	0.30	8.50	100.00	1.21	26.16	2391	1778	996	0	0	0	0	0	5165	159.76	10.58	4.02	15.65	14.57	16.22	26.83	1.12	24.47	22.45
8/6/2020 10:53:02 AM	6.11	1.37	0.56	0.56	0.00	0.00	0.00	0.31	8.59	100.00	1.24	26.16	3237	1370	251	17	0	0	0	0	4875	160.12	8.99	4.04	14.65	14.79	16.40	27.08	1.12	24.53	22.55
8/6/2020 10:53:04 AM	5.49	1.90	1.39	0.00	0.00	0.00	0.00	0.45	8.78	100.00	1.26	26.23	2911	1900	626	0	0	0	0	0	5437	160.63	9.71	3.86	16.43	16.16	16.61	27.59	1.12	24.56	22.55
8/6/2020 10:53:07 AM	5.23	1.94	1.97	0.00	0.00	0.00	0.00	0.34	9.15	100.00	1.27	26.24	2772	1945	887	0	0	0	0	0	5604	159.90	10.69	4.80	17.42	15.78	16.51	28.49	1.12	24.59	22.55
8/6/2020 10:53:09 AM	5.42	1.73	1.84	0.00	0.00	0.00	0.00	0.34	9.00	100.00	1.28	26.20	2874	1733	828	0	0	0	0	0	5435	159.56	10.40	3.23	16.02	15.64	16.37	28.46	1.13	24.62	22.55
8/6/2020 10:53:12 AM	5.90	1.63	1.33	0.00	0.00	0.00	0.00	0.38	8.87	100.00	1.29	26.18	3129	1634	600	0	0	0	0	0	5363	160.34	9.47	2.99	15.39	15.72	15.93	28.00	1.13	24.68	22.61
8/6/2020 10:53:14 AM	5.39	1.64	1.87	0.00	0.00	0.00	0.00	0.34	8.91	100.00	1.33	26.06	2859	1642	842	0	0	0	0	0	5342	159.33	10.29	3.53	15.15	15.53	16.43	28.43	1.13	24.71	22.62
8/6/2020 10:53:16 AM	6.27	1.83	1.30	0.00	0.00	0.00	0.00	0.42	9.39	100.00	1.34	26.13	3321	1827	583	0	0	0	0	0	5731	160.55	9.85	3.78	16.90	16.81	16.58	29.44	1.13	24.75	22.57
8/6/2020 10:53:19 AM	6.00	1.56	1.64	0.17	0.00	0.00	0.00	0.28	9.38	100.00	1.35	26.23	3180	1563	739	5	0	0	0	0	5488	161.39	10.39	4.04	15.57	15.65	16.79	29.63	1.13	24.79	22.67
8/6/2020 10:53:21 AM	5.87	1.68	1.65	0.00	0.00	0.00	0.00	0.32	9.21	100.00	1.40	26.17	3111	1684	744	0	0	0	0	0	5540	160.81	10.21	2.62	16.50	15.67	15.87	28.85	1.14	24.83	22.65
8/6/2020 10:53:23 AM	5.21	1.92	1.92	0.00	0.00	0.00	0.00	0.39	9.06	100.00	1.46	26.17	2761	1923	866	0	0	0	0	0	5549	160.85	10.76	3.65	17.20	16.08	16.65	28.55	1.14	24.86	22.66
8/6/2020 10:53:26 AM	6.26	1.72	1.37	0.00	0.00	0.00	0.00	0.37	9.35	100.00	1.55	26.26	3318	1718	616	0	0	0	0	0	5651	160.82	9.75	3.52	15.86	16.27	16.81	29.27	1.15	24.91	22.74
8/6/2020 10:53:28 AM	5.45	1.86	1.94	0.00	0.00	0.00	0.00	0.35	9.25	100.00	1.64	26.39	2888	1857	874	0	0	0	0	0	5619	160.97	10.75	3.82	17.00	15.99	16.66	29.05	1.16	24.95	22.74
8/6/2020 10:53:31 AM	5.00	1.82	2.31	0.00	0.00	0.00	0.00	0.44	9.14	100.00	1.66	26.42	2651	1825	1039	0	0	0	0	0	5515	162.36	11.54	3.99	16.43	16.92	17.07	29.99	1.16	24.98	22.75
8/6/2020 10:53:33 AM	6.40	1.91	1.44	0.00	0.00	0.00	0.00	0.41	9.75	100.00	1.69	26.35	3392	1915	648	0	0	0	0	0	5954	163.77	10.30	3.34	16.88	17.10	18.01	30.39	1.17	25.01	22.76
8/6/2020 10:53:35 AM	5.77	1.74	2.15	0.00	0.00	0.00	0.00	0.42	9.67	100.00	1.71	26.24	3059	1744	969	0	0	0	0	0	5772	165.77	11.55	3.72	16.94	17.45	16.82	31.55	1.17	25.05	22.79
8/6/2020 10:53:38 AM	6.67	1.60	1.19	0.36	0.00	0.00	0.00	0.33	9.82	100.00	1.82	26.22	3535	1598	535	11	0	0	0	0	5679	167.13	10.47	4.18	16.27	16.72	17.85	31.05	1.18	25.09	22.82
8/6/2020 10:53:40 AM	5.12	1.52	1.51	0.42	0.00	0.00	0.00	0.44	8.57	100.00	1.91	26.31	2714	1521	679	13	0	0	0	0	4928	168.68	10.73	4.27	15.20	16.25	16.79	28.61	1.19	25.13	22.82
8/6/2020 10:53:42 AM	6.72	1.76	1.51	0.00	0.00	0.00	0.00	0.34	9.99	100.00	1.93	26.32	3563	1759	679	0	0	0	0	0	6001	168.96	10.28	4.19	16.70	16.89	17.28	31.14	1.19	25.16	22.86
8/6/2020 10:53:45 AM	6.17	1.74	1.99	0.00	0.00	0.00	0.00	0.41	9.91	100.00	1.95	26.24	3272	1740	898	0	0	0	0	0	5909	167.88	11.36	3.72	16.81	17.64	17.26	32.07	1.19	25.20	22.86
8/6/2020 10:53:47 AM	5.93	1.71	1.39	0.34	0.00	0.00	0.00	0.50	9.37	100.00	2.00	26.16	3141	1713	625	10	0	0	0	0	5489	169.43	10.96	4.70	16.57	17.75	17.72	30.83	1.20	25.24	22.91
8/6/2020 10:53:50 AM	6.00	1.90	1.80	0.00	0.00	0.00	0.00	0.36	9.70	100.00	2.05	26.13	3181	1897	809	0	0	0	0	0	5887	168.87	10.79	3.35	16.73	16.68	18.05	30.32	1.20	25.28	22.94
8/6/2020 10:53:52 AM	6.33	1.85	1.82	0.00	0.00	0.00	0.00	0.31	10.01	100.00	2.09	26.11	3357	1855	818	0	0	0	0	0	6029	168.91	10.78	4.70	17.30	16.69	17.40	31.08	1.20	25.31	22.96
8/6/2020 10:53:54 AM	6.28	1.94	2.18	0.00	0.00	0.00	0.00	0.38	10.40	100.00	2.12	26.09	3330	1943	980	0	0	0	0	0	6253	168.92	12.01	3.58	18.12	18.00	18.32	33.09	1.21	25.35	22.95
8/6/2020 10:53:57 AM	6.24	2.00	2.48	0.00	0.00	0.00	0.00	0.48	10.72	100.00	2.16	26.02	3309	1996	1116	0	0	0	0	0	6422	168.09	12.98	3.69	18.25	19.50	19.38	35.10	1.21	25.37	22.99
8/6/2020 10:53:59 AM	7.42	2.17	2.31	0.00	0.00	0.00	0.00	0.31	11.90	100.00	2.20	25.83	3933	2170	1040	0	0	0	0	0	7143	167.66	12.96	4.21	20.05	19.24	20.46	36.79	1.22	25.41	23.02
8/6/2020 10:54:02 AM	6.78	2.07	2.72	0.00	0.00	0.00	0.00	0.43	11.58	100.00	2.24	25.67	3594	2072	1225	0	0	0	0	0	6892	168.29	13.69	5.31	19.44	20.24	19.96	37.52	1.22	25.44	23.02
8/6/2020 10:54:04 AM	6.35	2.92	2.99	0.00	0.00	0.00	0.00	0.44	12.26	100.00	2.30	25.65	3365	2918	1346	0	0	0	0	0	7629	168.05	14.90	5.21	23.14	20.85	23.63	37.71	1.23	25.48	23.05
8/6/2020 10:54:06 AM	7.25	4.97	1.83	0.00	0.00	0.00	0.00	0.51	14.05	100.00	2.36	25.38	3841	4970	824	0	0	0	0	0	9635	168.03	14.61	6.84	33.14	22.43	30.57	36.71	1.23	25.51	23.07
8/6/2020 10:54:09 AM	8.18	5.87	1.42	0.00	0.00	0.00	0.00	0.55	15.47	100.00	2.39	24.92	4335	5867	639	0	0	0	0	0	10841	168.52	15.04	6.98	37.14	24.12	35.27	38.52	1.23	25.55	23.10
8/6/2020 10:54:11 AM	7.56	6.31	1.90	0.00	0.00	0.00	0.00	0.49	15.78	100.00	2.46	24.73	4008	6312	857	0	0	0	0	0	11177	167.64	16.09	7.36	39.54	23.78	36.65	38.31	1.24	25.57	23.15
8/6/2020 10:54:13 AM	8.17	6.49	1.25	0.00	0.00	0.00	0.00	0.55	15.92	100.00	2.51	24.65	4332	6493	565	0	0	0	0	0	11389	167.90	15.17	8.07	40.70	24.27	36.65	37.93	1.25	25.61	23.11
8/6/2020 10:54:16 AM	6.33	6.53	2.12	0.00	0.00	0.00	0.00	0.52	14.98	100.00	2.53	24.47	3353	6530	955	0	0	0	0	0	10838	166.96	16.10	7.90	39.75	22.88	36.67	35.63	1.25	25.64	23.15
8/6/2020 10:54:18 AM	7.00	6.51	1.71	0.00	0.00	0.00	0.00	0.56	15.23	100.00	2.57	24.43	3711	6515	769	0	0	0	0	0	10995	167.36	15.58	7.78	39.70	23.47	36.91	36.24	1.25	25.67	23.15
8/6/2020 10:54:21 AM	7.42	6.33	1.69	0.00	0.00	0.00	0.00	0.44	15.44	100.00	2.61	24.52	3930	6334	758	0	0	0	0	0	11023	166.66	15.35	7.53	39.51	22.66	36.04	36.45	1.26	25.71	23.19
8/6/2020 10:54:23 AM	7.29	6.63	1.43	0.00	0.00	0.00	0.00	0.55	15.36	100.00	2.61	24.49	3864	6633	644	0	0	0	0	0	11142	167.36	15.17	8.06	40.46	23.47	37.03	35.96	1.26	25.72	23.21
8/6/2020 10:54:25 AM	7.04	6.35	1.54	0.00	0.00	0.00	0.00	0.46	14.94	100.00	2.61	24.34	3731	6351	695	0	0	0	0	0	10777	167.20	14.83	7.01	38.43	22.10	36.48	34.80	1.26	25.76	23.22
8/6/2020 10:54:28 AM	7.34	6.77	1.17	0.00	0.00	0.00	0.00	0.46	15.28	100.00	2.62	24.20	3889	6774	525	0	0	0	0	0	11189	167.45	14.47	7.83	40.85	22.28	37.34	34.28	1.26	25.79	23.22
8/6/2020 10:54:30 AM	7.38	6.67	1.37	0.00	0.00	0.00	0.00	0.46	15.42	100.00	2.66	24.09	3911	6671	619	0	0	0	0	0	11200	168.29	14.90	7.56	40.47	22.52	37.37	35.23	1.26	25.81	23.27
8/6/2020 10:54:32 AM	7.11	6.30	1.11	0.00	0.00	0.00	0.00	0.51	14.52	100.00	2.70	23.90	3771	6295	501	0	0	0	0	0	10567	167.96	13.99	6.66	38.21	21.98	35.49	33.55	1.26	25.84	23.32
8/6/2020 10:54:35 AM	7.54	6.31	0.90	0.00	0.00	0.00	0.00	0.45	14.75	100.00	2.70	23.82	3996	6309	405	0	0	0	0	0	10710	167.92	13.53	7.13	38.38	21.58	35.56	33.47	1.26	25.86	23.32
8/6/2020 10:54:37 AM	6.79	6.17	1.29	0.00	0.00	0.00	0.00	0.47	14.26	100.00	2.72	23.87	3601	6174	581	0	0	0	0	0	10356	168.01	13.99	7.38	38.22	21.29	34.03	32.90	1.27	25.91	23.34
8/6/2020 10:54:40 AM	6.76	6.09	1.24	0.00	0.00	0.00	0.00	0.52	14.09	100.00	2.76	23.85	3585	6092	556	0	0	0	0	0	10234	167.98	13.87	6.79	36.94	21.58	34.62	32.93	1.27	25.91	23.35
8/6/2020 10:54:42 AM	6.54	6.00	1.37	0.00	0.00	0.00	0.00	0.51	13.91	100.00	2.76	23.69	3468	5997	616	0	0	0	0	0	10081	168.24	13.92	7.34	36.67	21.33	33.84	32.70	1.27	25.95	23.37
8/6/2020 10:54:44 AM	7.24	6.32	0.89	0.00	0.00	0.00	0.00	0.53	14.45	100.00	2.78	23.76	3840	6317	399	0	0	0	0	0	10556	168.41	13.58	7.25	38.71	22.01	34.82	33.13	1.27	25.98	23.42
8/6/2020 10:54:47 AM	7.18	6.37	1.09	0.00	0.00	0.00	0.00	0.51	14.63	100.00	2.80	23.92	3804	6365	491	0	0	0	0	0	10661	168.28	14.02	7.49	39.39	22.06	34.80	33.64	1.27	26.00	23.41
8/6/2020 10:54:49 AM	7.42	6.54	0.74	0.00	0.00	0.00	0.00	0.51	14.70	100.00	2.83	23.95	3931	6542	334	0	0	0	0	0	10807	168.04	13.53	7.38	40.29	22.01	35.14	32.98	1.28	26.02	23.45
8/6/2020 10:54:51 AM	6.68	6.12	1.26	0.00	0.00	0.00	0.00	0.48	14.06	100.00	2.84	23.86	3541	6116	566	0	0	0	0	0	10224	167.76	13.79	6.98	37.11	21.12	34.49	32.46	1.28	26.06	23.46
8/6/2020 10:54:54 AM	7.23	5.84	0.99	0.00	0.00	0.00	0.00	0.49	14.06	100.00	2.87	23.94	3834	5843	445	0	0	0	0	0	10121	168.69	13.23	7.08	35.97	21.35	33.57	33.04	1.28	26.07	23.48
8/6/2020 10:54:56 AM	7.30	6.23	0.75	0.00	0.00	0.00	0.00	0.52	14.28	100.00	2.92	23.93	3870	6228	339	0	0	0	0	0	10437	168.68	13.19	6.91	38.06	21.67	34.53	32.60	1.29	26.10	23.50
8/6/2020 10:54:59 AM	6.45	6.02	1.15	0.00	0.00	0.00	0.00	0.53	13.62	100.00	2.95	23.73	3419	6015	519	0	0	0	0	0	9954	168.29	13.48	6.80	36.59	21.09	33.58	31.65	1.29	26.12	23.52
8/6/2020 10:55:01 AM	6.79	5.68	0.91	0.00	0.00	0.00	0.00	0.49	13.38	100.00	3.01	23.64	3600	5677	408	0	0	0	0	0	9686	168.25	12.64	6.92	34.92	20.45	32.24	31.20	1.29	26.15	23.53
8/6/2020 10:55:03 AM	6.78	5.67	1.13	0.00	0.00	0.00	0.00	0.46	13.58	100.00	3.04	23.65	3594	5674	507	0	0	0	0	0	9775	168.11	13.12	6.85	35.28	20.57	32.29	31.94	1.30	26.18	23.55
8/6/2020 10:55:06 AM	7.02	5.28	1.05	0.00	0.00	0.00	0.00	0.40	13.34	100.00	3.07	23.58	3719	5279	472	0	0	0	0	0	9470	169.07	12.58	6.24	33.24	19.82	31.11	31.72	1.30	26.19	23.57
8/6/2020 10:55:08 AM	6.41	4.47	0.95	0.00	0.00	0.00	0.00	0.52	11.82	100.00	3.16	23.09	3397	4467	426	0	0	0	0	0	8291	168.88	11.63	5.34	28.96	19.42	27.23	30.04	1.31	26.21	23.58
8/6/2020 10:55:11 AM	5.45	3.45	1.44	0.00	0.00	0.00	0.00	0.51	10.34	100.00	3.19	22.57	2889	3447	650	0	0	0	0	0	6986	168.95	11.31	4.84	23.62	18.00	23.06	28.71	1.31	26.23	23.57
8/6/2020 10:55:13 AM	5.58	3.55	1.31	0.00	0.00	0.00	0.00	0.49	10.44	100.00	3.22	22.49	2955	3554	589	0	0	0	0	0	7099	169.24	11.08	5.01	24.13	17.80	23.36	28.37	1.32	26.24	23.62
8/6/2020 10:55:15 AM	6.48	3.50	0.71	0.00	0.00	0.00	0.00	0.44	10.68	100.00	3.26	22.39	3433	3495	318	0	0	0	0	0	7246	169.46	9.98	5.15	24.30	17.49	22.81	28.17	1.32	26.26	23.62
8/6/2020 10:55:18 AM	5.94	2.90	1.15	0.00	0.00	0.00	0.00	0.43	9.99	100.00	3.31	22.45	3148	2898	519	0	0	0	0	0	6565	170.11	10.26	4.13	21.41	16.93	20.63	28.13	1.32	26.28	23.67
8/6/2020 10:55:20 AM	4.93	2.48	1.51	0.00	0.00	0.00	0.00	0.49	8.92	100.00	3.38	22.33	2614	2483	678	0	0	0	0	0	5775	170.36	10.28	3.95	18.56	16.47	18.98	26.87	1.33	26.30	23.70
8/6/2020 10:55:22 AM	4.94	1.72	1.31	0.00	0.00	0.00	0.00	0.46	7.97	100.00	3.40	22.13	2616	1725	588	0	0	0	0	0	4929	170.17	9.06	3.38	14.82	15.23	15.65	25.49	1.33	26.32	23.71
8/6/2020 10:55:25 AM	4.42	1.58	1.21	0.00	0.00	0.00	0.00	0.52	7.20	100.00	3.43	22.33	2340	1580	543	0	0	0	0	0	4463	170.38	8.55	3.23	13.59	14.86	14.58	23.84	1.34	26.33	23.73
8/6/2020 10:55:27 AM	5.17	1.67	0.94	0.00	0.00	0.00	0.00	0.48	7.77	100.00	3.46	22.47	2740	1667	422	0	0	0	0	0	4829	169.96	8.30	3.46	14.56	15.03	14.99	24.70	1.34	26.35	23.71
8/6/2020 10:55:30 AM	5.02	1.61	1.14	0.00	0.00	0.00	0.00	0.44	7.77	100.00	3.48	22.39	2661	1606	515	0	0	0	0	0	4782	169.67	8.59	3.40	14.52	14.77	14.63	24.83	1.34	26.36	23.75
8/6/2020 10:55:32 AM	4.56	1.51	1.49	0.00	0.00	0.00	0.00	0.47	7.56	100.00	3.52	22.06	2416	1514	670	0	0	0	0	0	4601	170.20	9.10	3.70	14.03	14.92	14.26	25.06	1.35	26.37	23.77
8/6/2020 10:55:34 AM	4.91	1.24	1.03	0.31	0.00	0.00	0.00	0.44	7.49	100.00	3.56	21.53	2604	1237	463	9	0	0	0	0	4314	169.73	8.88	3.27	12.87	14.64	14.67	25.20	1.35	26.38	23.81
8/6/2020 10:55:37 AM	5.73	1.74	1.62	1.17	0.00	0.00	0.00	0.36	10.25	100.00	3.59	21.08	3037	1737	729	35	0	0	0	0	5538	169.07	13.66	5.63	18.49	17.95	21.23	33.77	1.35	26.40	23.81
8/6/2020 10:55:39 AM	5.78	2.60	3.13	1.90	0.00	0.00	0.00	0.45	13.41	100.00	3.63	21.18	3065	2604	1407	57	0	0	0	0	7133	169.41	20.50	8.77	25.94	23.45	29.14	44.78	1.36	26.41	23.83
8/6/2020 10:55:41 AM	5.66	1.84	2.05	3.43	0.00	0.00	0.00	0.56	12.98	100.00	3.65	21.38	3000	1837	924	103	0	0	0	0	5865	169.47	22.38	8.89	24.59	24.66	31.28	47.02	1.36	26.42	23.87
8/6/2020 10:55:44 AM	7.02	2.56	2.42	4.66	0.00	0.00	0.00	0.51	16.66	100.00	3.68	21.24	3720	2565	1088	140	0	0	0	0	7512	169.04	28.34	12.46	32.53	29.46	40.22	58.27	1.36	26.42	23.85
8/6/2020 10:55:46 AM	6.80	2.99	3.04	3.10	0.00	0.00	0.00	0.46	15.93	100.00	3.69	21.11	3606	2986	1368	93	0	0	0	0	8053	169.08	24.98	11.66	31.53	27.27	35.87	53.19	1.36	26.43	23.85
8/6/2020 10:55:49 AM	6.45	2.54	3.17	3.29	0.00	0.00	0.00	0.44	15.44	100.00	3.69	21.08	3417	2541	1425	99	0	0	0	0	7481	168.88	25.32	10.25	29.29	26.78	35.28	53.13	1.36	26.44	23.87
8/6/2020 10:55:51 AM	7.18	2.67	2.84	4.52	0.00	0.00	0.00	0.45	17.20	100.00	3.74	20.72	3804	2667	1277	136	0	0	0	0	7883	169.57	28.91	12.85	33.32	29.62	40.48	59.56	1.37	26.46	23.88
8/6/2020 10:55:53 AM	7.88	3.25	3.63	5.73	0.00	0.00	0.00	0.57	20.50	100.00	3.76	19.82	4177	3249	1635	172	0	0	0	0	9233	169.32	35.84	15.65	40.24	35.80	49.23	71.84	1.37	26.46	23.91
8/6/2020 10:55:56 AM	7.88	3.44	3.66	5.83	0.00	0.00	0.00	0.54	20.81	100.00	3.77	19.46	4177	3435	1647	175	0	0	0	0	9435	169.03	36.26	16.61	41.58	35.89	50.04	72.24	1.37	26.46	23.93
8/6/2020 10:55:58 AM	7.54	2.82	2.69	6.71	0.00	0.00	0.00	0.58	19.76	100.00	3.78	19.62	3995	2820	1209	201	0	0	0	0	8225	168.88	36.06	16.74	39.58	35.12	49.64	70.75	1.37	26.47	23.91
8/6/2020 10:56:01 AM	7.68	3.48	3.94	5.94	0.00	0.00	0.00	0.46	21.05	100.00	3.83	19.84	4072	3481	1775	178	0	0	0	0	9506	169.07	36.98	16.89	42.12	35.49	50.73	72.69	1.38	26.48	23.96
8/6/2020 10:56:03 AM	7.11	3.59	3.64	6.07	0.00	0.00	0.00	0.48	20.41	100.00	3.87	19.89	3770	3586	1639	182	0	0	0	0	9177	169.12	36.47	16.95	42.13	34.67	50.91	70.30	1.38	26.47	23.96
8/6/2020 10:56:05 AM	7.12	2.92	2.89	6.19	0.00	0.00	0.00	0.53	19.12	100.00	3.94	18.97	3775	2920	1300	186	0	0	0	0	8181	171.09	34.67	15.62	38.45	33.61	48.12	67.71	1.39	26.47	23.98
8/6/2020 10:56:08 AM	6.77	3.11	3.10	5.95	0.00	0.00	0.00	0.54	18.92	100.00	3.98	17.92	3587	3108	1393	179	0	0	0	0	8267	171.51	34.36	15.38	38.61	33.20	47.96	66.51	1.39	26.47	24.01
8/6/2020 10:56:10 AM	7.46	3.25	2.66	6.25	0.00	0.00	0.00	0.57	19.62	100.00	4.00	17.89	3955	3253	1196	188	0	0	0	0	8591	170.57	34.86	16.32	40.30	34.44	49.63	68.46	1.39	26.48	24.00
8/6/2020 10:56:12 AM	7.97	3.55	3.34	5.22	0.00	0.00	0.00	0.43	20.09	100.00	4.06	17.96	4227	3549	1503	157	0	0	0	0	9435	171.63	33.42	15.83	40.42	33.34	47.68	67.57	1.40	26.48	24.02
8/6/2020 10:56:15 AM	7.31	3.01	2.70	6.02	0.00	0.00	0.00	0.51	19.03	100.00	4.11	17.77	3873	3008	1214	181	0	0	0	0	8276	170.94	33.80	15.25	38.35	33.09	47.83	66.57	1.40	26.47	24.01
8/6/2020 10:56:17 AM	6.85	3.34	3.39	6.03	0.00	0.00	0.00	0.47	19.61	100.00	4.17	17.64	3629	3336	1525	181	0	0	0	0	8671	171.42	35.38	15.96	40.21	33.47	49.51	67.98	1.41	26.46	24.06
8/6/2020 10:56:20 AM	6.76	3.29	3.39	5.56	0.00	0.00	0.00	0.45	19.00	100.00	4.21	17.85	3581	3294	1528	167	0	0	0	0	8569	171.20	33.75	15.27	38.84	32.26	47.34	65.42	1.41	26.46	24.06
8/6/2020 10:56:22 AM	7.28	3.22	3.03	6.13	0.00	0.00	0.00	0.52	19.66	100.00	4.28	17.51	3858	3222	1363	184	0	0	0	0	8627	170.93	35.12	15.84	39.92	34.01	49.47	68.53	1.42	26.46	24.08
8/6/2020 10:56:24 AM	7.34	3.56	3.41	5.92	0.00	0.00	0.00	0.41	20.24	100.00	4.32	16.82	3891	3564	1537	178	0	0	0	0	9169	171.26	35.41	16.24	41.45	33.60	50.35	68.80	1.42	26.45	24.07
8/6/2020 10:56:27 AM	6.84	3.99	3.68	6.30	0.00	0.00	0.00	0.44	20.81	100.00	4.40	16.64	3623	3994	1655	189	0	0	0	0	9460	168.26	37.33	17.30	44.15	34.54	53.47	70.31	1.43	26.44	24.08
8/6/2020 10:56:29 AM	7.00	4.35	3.88	5.91	0.00	0.00	0.00	0.37	21.14	100.00	4.45	16.76	3709	4352	1745	177	0	0	0	0	9983	171.39	36.81	16.86	45.03	33.98	53.92	69.55	1.44	26.43	24.10
8/6/2020 10:56:31 AM	7.40	4.84	3.90	5.85	0.00	0.00	0.00	0.40	21.98	100.00	4.51	16.74	3921	4842	1754	175	0	0	0	0	10692	171.58	37.38	17.38	47.49	35.20	56.07	71.09	1.44	26.43	24.11
8/6/2020 10:56:34 AM	7.58	4.95	3.69	6.29	0.00	0.00	0.00	0.40	22.51	100.00	4.56	16.79	4018	4949	1661	189	0	0	0	0	10817	171.07	38.46	18.33	49.07	35.96	58.04	72.75	1.45	26.43	24.12
8/6/2020 10:56:36 AM	7.91	5.18	4.02	6.05	0.00	0.00	0.00	0.34	23.16	100.00	4.59	16.67	4192	5177	1811	182	0	0	0	0	11362	170.82	38.78	17.77	49.88	36.14	59.02	73.84	1.45	26.41	24.10
8/6/2020 10:56:39 AM	8.07	5.24	3.96	5.89	0.00	0.00	0.00	0.39	23.16	100.00	4.63	16.77	4278	5240	1783	177	0	0	0	0	11477	170.80	38.35	17.91	50.00	36.48	58.56	73.73	1.45	26.39	24.15
8/6/2020 10:56:41 AM	7.60	6.14	4.26	4.96	0.00	0.00	0.00	0.52	22.97	100.00	4.70	16.54	4029	6140	1917	149	0	0	0	0	12235	170.86	36.99	17.51	51.84	36.80	58.73	70.88	1.46	26.38	24.12
8/6/2020 10:56:43 AM	7.56	6.30	4.19	5.43	0.00	0.00	0.00	0.53	23.48	100.00	4.75	15.71	4008	6303	1884	163	0	0	0	0	12359	170.58	38.42	17.98	53.44	37.60	61.32	72.58	1.47	26.37	24.15
8/6/2020 10:56:46 AM	7.27	5.63	3.80	5.56	0.00	0.00	0.00	0.55	22.25	100.00	4.77	15.45	3851	5627	1709	167	0	0	0	0	11354	170.49	37.19	17.93	50.31	36.49	57.99	70.46	1.47	26.35	24.18
8/6/2020 10:56:48 AM	7.71	6.38	4.58	5.40	0.00	0.00	0.00	0.54	24.08	100.00	4.80	15.74	4085	6382	2063	162	0	0	0	0	12691	170.37	39.39	19.51	54.77	38.69	61.35	74.83	1.47	26.34	24.17
8/6/2020 10:56:51 AM	7.67	5.99	4.31	5.68	0.00	0.00	0.00	0.55	23.65	100.00	4.86	15.96	4067	5988	1941	170	0	0	0	0	12166	170.87	39.31	18.85	53.12	38.41	60.79	74.64	1.48	26.33	24.16
8/6/2020 10:56:53 AM	7.72	6.41	4.56	4.74	0.00	0.00	0.00	0.51	23.42	100.00	4.90	15.57	4089	6408	2052	142	0	0	0	0	12692	170.37	37.23	18.10	53.12	37.20	59.08	71.60	1.48	26.30	24.18
8/6/2020 10:56:55 AM	7.43	6.32	4.38	4.77	0.00	0.00	0.00	0.50	22.91	100.00	4.95	15.23	3940	6320	1971	143	0	0	0	0	12374	171.01	36.64	17.74	52.30	36.36	58.52	69.92	1.49	26.28	24.21
8/6/2020 10:56:58 AM	7.39	5.35	2.79	6.34	0.00	0.00	0.00	0.68	21.86	100.00	5.04	15.39	3915	5346	1255	190	0	0	0	0	10706	170.65	37.41	18.18	49.92	37.42	59.08	70.76	1.49	26.26	24.21
8/6/2020 10:57:00 AM	6.77	5.76	3.88	5.49	0.00	0.00	0.00	0.67	21.91	100.00	5.10	15.21	3590	5763	1747	165	0	0	0	0	11265	171.63	37.34	17.79	50.43	37.17	58.15	69.98	1.50	26.24	24.21
8/6/2020 10:57:02 AM	7.46	5.69	3.92	5.93	0.00	0.00	0.00	0.66	23.01	100.00	5.11	15.03	3954	5693	1766	178	0	0	0	0	11591	171.68	39.16	18.00	51.57	38.80	60.48	74.17	1.50	26.23	24.21
8/6/2020 10:57:05 AM	7.91	5.95	3.94	5.74	0.00	0.00	0.00	0.67	23.54	100.00	5.20	14.83	4192	5950	1775	172	0	0	0	0	12089	171.02	39.04	18.77	52.96	39.39	60.77	74.98	1.51	26.20	24.18
8/6/2020 10:57:07 AM	7.67	6.80	5.03	5.33	0.00	0.00	0.00	0.66	24.83	100.00	5.23	14.52	4067	6803	2263	160	0	0	0	0	13293	171.44	40.88	19.74	56.85	40.80	63.52	77.45	1.51	26.17	24.21
8/6/2020 10:57:10 AM	8.48	5.88	3.46	6.85	0.00	0.00	0.00	0.68	24.67	100.00	5.29	14.78	4495	5883	1555	205	0	0	0	0	12139	171.16	41.69	19.86	55.12	41.42	64.99	79.63	1.52	26.15	24.17
8/6/2020 10:57:12 AM	8.76	6.46	3.90	6.92	0.00	0.00	0.00	0.69	26.05	100.00	5.34	14.97	4643	6461	1756	208	0	0	0	0	13067	171.15	43.64	21.31	58.81	43.26	68.13	83.11	1.52	26.13	24.23
8/6/2020 10:57:14 AM	8.85	5.84	3.80	6.19	0.00	0.00	0.00	0.73	24.68	100.00	5.49	14.63	4690	5843	1709	186	0	0	0	0	12428	170.22	40.77	19.48	54.24	41.89	62.76	79.86	1.54	26.10	24.21
8/6/2020 10:57:17 AM	10.16	6.53	4.64	5.36	0.00	0.00	0.00	0.84	26.70	100.00	5.63	14.21	5387	6532	2088	161	0	0	0	0	14168	167.93	41.80	19.77	57.49	45.40	64.36	85.26	1.55	26.09	24.21
8/6/2020 10:57:19 AM	10.55	6.66	4.77	5.38	0.00	0.00	0.00	0.85	27.36	100.00	5.69	13.91	5590	6665	2148	161	0	0	0	0	14564	166.44	42.53	19.83	58.50	46.38	65.57	87.25	1.56	26.05	24.22
8/6/2020 10:57:21 AM	10.97	6.45	4.24	6.53	0.00	0.00	0.00	0.86	28.19	100.00	5.70	13.97	5814	6450	1909	196	0	0	0	0	14368	166.57	44.95	21.65	60.27	48.03	68.68	91.34	1.56	26.03	24.18
8/6/2020 10:57:24 AM	10.87	6.48	4.29	5.97	0.00	0.00	0.00	0.78	27.61	100.00	5.76	14.28	5760	6480	1933	179	0	0	0	0	14352	167.12	43.05	20.88	59.03	46.17	66.49	88.12	1.56	25.99	24.17
8/6/2020 10:57:26 AM	11.08	7.27	5.12	5.93	0.00	0.00	0.00	0.81	29.40	100.00	5.81	14.43	5871	7274	2304	178	0	0	0	0	15628	166.99	45.73	22.42	63.71	48.73	70.51	92.77	1.57	25.95	24.23
8/6/2020 10:57:29 AM	10.99	6.84	4.79	6.40	0.00	0.00	0.00	0.82	29.02	100.00	5.86	14.50	5824	6842	2158	192	0	0	0	0	15016	166.58	46.08	21.91	62.22	48.66	70.46	93.06	1.57	25.92	24.21
8/6/2020 10:57:31 AM	11.06	6.69	4.71	6.71	0.00	0.00	0.00	0.87	29.18	100.00	5.87	14.45	5862	6689	2121	201	0	0	0	0	14873	166.97	46.93	22.38	62.34	49.63	70.97	94.71	1.58	25.90	24.22
8/6/2020 10:57:33 AM	11.36	6.85	4.86	6.60	0.00	0.00	0.00	0.79	29.67	100.00	5.91	14.60	6021	6848	2185	198	0	0	0	0	15252	166.89	47.03	22.03	62.98	49.35	71.80	95.19	1.58	25.88	24.22
8/6/2020 10:57:36 AM	10.84	6.34	4.30	5.94	0.00	0.00	0.00	0.93	27.43	100.00	5.99	14.20	5746	6343	1936	178	0	0	0	0	14203	166.59	43.30	19.97	58.09	47.52	66.34	89.10	1.59	25.85	24.20
8/6/2020 10:57:38 AM	10.33	7.05	4.80	5.46	0.00	0.00	0.00	0.97	27.64	100.00	6.02	13.85	5474	7049	2161	164	0	0	0	0	14848	166.94	43.35	20.66	60.46	47.82	67.24	88.16	1.59	25.81	24.22
8/6/2020 10:57:41 AM	9.70	6.24	3.97	6.49	0.00	0.00	0.00	1.00	26.40	100.00	6.08	14.14	5140	6239	1787	195	0	0	0	0	13362	166.55	43.63	20.81	57.82	47.00	66.53	86.96	1.60	25.79	24.17
8/6/2020 10:57:43 AM	9.47	6.75	4.74	5.38	0.00	0.00	0.00	0.97	26.34	100.00	6.10	14.23	5019	6749	2133	162	0	0	0	0	14063	167.97	42.17	20.58	58.33	46.15	64.60	84.69	1.60	25.75	24.20
8/6/2020 10:57:45 AM	10.05	6.36	4.43	5.45	0.00	0.00	0.00	0.97	26.29	100.00	6.18	14.13	5329	6357	1994	163	0	0	0	0	13843	167.73	41.68	19.73	56.69	46.23	63.67	85.33	1.61	25.72	24.12
8/6/2020 10:57:48 AM	9.34	6.11	4.37	5.80	0.00	0.00	0.00	1.04	25.62	100.00	6.25	13.68	4951	6110	1966	174	0	0	0	0	13202	168.01	42.21	19.68	55.69	46.23	63.53	84.79	1.61	25.69	24.17
8/6/2020 10:57:50 AM	9.96	6.69	4.73	6.00	0.00	0.00	0.00	1.06	27.38	100.00	6.29	13.59	5279	6688	2129	180	0	0	0	0	14277	168.36	44.60	21.19	59.83	48.81	67.44	89.67	1.62	25.64	24.23
8/6/2020 10:57:52 AM	9.54	6.57	4.56	6.01	0.00	0.00	0.00	1.09	26.69	100.00	6.35	13.46	5057	6569	2053	180	0	0	0	0	13860	168.56	43.92	21.21	58.90	48.09	66.31	87.77	1.62	25.61	24.20
8/6/2020 10:57:55 AM	9.92	6.58	4.51	6.27	0.00	0.00	0.00	1.21	27.27	100.00	6.39	13.03	5259	6576	2029	188	0	0	0	0	14053	168.46	45.14	21.59	59.82	50.21	67.71	90.83	1.63	25.60	24.13
8/6/2020 10:57:57 AM	10.23	6.14	3.94	6.87	0.00	0.00	0.00	1.16	27.18	100.00	6.43	13.17	5422	6139	1773	206	0	0	0	0	13540	168.96	45.41	21.26	58.70	49.94	68.18	91.46	1.63	25.55	24.18
8/6/2020 10:58:00 AM	9.38	5.96	4.20	5.99	0.00	0.00	0.00	1.21	25.52	100.00	6.58	13.13	4970	5957	1889	180	0	0	0	0	12996	169.19	42.73	19.94	55.44	47.94	63.49	86.29	1.64	25.51	24.22
8/6/2020 10:58:02 AM	9.74	6.78	4.87	5.88	0.00	0.00	0.00	1.24	27.27	100.00	6.64	12.93	5165	6777	2190	176	0	0	0	0	14309	168.88	44.93	20.97	59.89	50.34	67.51	90.43	1.65	25.48	24.15
8/6/2020 10:58:04 AM	10.06	6.42	4.69	6.63	0.00	0.00	0.00	1.33	27.79	100.00	6.69	12.81	5330	6422	2110	199	0	0	0	0	14061	168.89	47.00	21.79	60.20	52.51	69.05	94.59	1.66	25.44	24.11
8/6/2020 10:58:07 AM	10.63	6.93	4.72	6.27	0.00	0.00	0.00	1.35	28.55	100.00	6.71	12.85	5636	6928	2122	188	0	0	0	0	14874	169.16	46.77	21.81	62.15	53.32	70.36	95.33	1.66	25.41	24.15
8/6/2020 10:58:09 AM	11.33	6.35	3.87	7.53	0.00	0.00	0.00	1.33	29.08	100.00	6.76	13.04	6006	6348	1742	226	0	0	0	0	14323	168.95	48.58	22.56	62.12	54.39	72.66	99.00	1.66	25.37	24.10
8/6/2020 10:58:11 AM	10.78	6.78	4.40	7.24	0.00	0.00	0.00	1.33	29.20	100.00	6.82	13.30	5714	6784	1981	217	0	0	0	0	14696	169.06	48.92	23.34	63.72	54.35	73.06	98.42	1.67	25.33	24.11
8/6/2020 10:58:14 AM	10.73	6.85	4.31	7.31	0.00	0.00	0.00	1.31	29.20	100.00	6.88	13.51	5686	6855	1937	219	0	0	0	0	14698	169.10	48.91	23.35	64.02	54.08	73.57	98.02	1.67	25.28	24.15
8/6/2020 10:58:16 AM	10.79	7.94	6.20	5.83	0.00	0.00	0.00	1.32	30.75	100.00	6.93	13.44	5718	7937	2788	175	0	0	0	0	16618	167.40	49.72	23.29	67.46	55.79	74.26	100.50	1.68	25.23	24.13
8/6/2020 10:58:19 AM	11.19	7.02	4.94	4.95	0.00	0.00	0.00	1.49	28.10	100.00	7.04	13.13	5932	7017	2225	148	0	0	0	0	15322	169.17	43.90	20.54	60.33	53.71	66.13	93.46	1.69	25.20	24.08
8/6/2020 10:58:21 AM	11.91	7.24	4.75	4.18	0.00	0.00	0.00	1.70	28.09	100.00	7.09	12.68	6312	7239	2139	126	0	0	0	0	15815	167.96	42.25	19.19	59.83	55.40	64.94	93.35	1.69	25.15	24.16
8/6/2020 10:58:23 AM	12.00	7.40	4.94	4.21	0.00	0.00	0.00	1.77	28.56	100.00	7.15	12.46	6360	7405	2225	126	0	0	0	0	16115	167.49	43.15	19.54	60.95	56.74	66.03	95.20	1.70	25.13	24.06
8/6/2020 10:58:26 AM	12.74	7.05	4.55	3.76	0.00	0.00	0.00	1.87	28.09	100.00	7.19	12.45	6752	7046	2046	113	0	0	0	0	15957	167.58	41.18	18.70	58.62	57.05	62.91	94.51	1.70	25.08	24.08
8/6/2020 10:58:28 AM	18.69	8.67	5.61	1.70	0.00	0.00	0.00	2.56	34.68	100.00	7.33	12.28	9907	8675	2525	51	0	0	0	0	21158	163.22	43.96	18.78	67.49	72.05	68.38	115.37	1.72	25.04	24.06
8/6/2020 10:58:31 AM	24.21	11.30	6.41	0.00	0.00	0.00	0.00	4.14	41.92	100.00	7.43	11.93	12830	11303	2884	0	0	0	0	0	27018	158.26	50.24	19.88	82.21	96.56	78.66	142.74	1.73	25.01	24.05
8/6/2020 10:58:33 AM	25.83	11.92	6.48	0.00	0.00	0.00	0.00	4.53	44.23	100.00	7.47	11.88	13691	11924	2915	0	0	0	0	0	28529	155.24	52.97	20.81	87.11	103.56	82.47	151.66	1.73	24.94	24.08
8/6/2020 10:58:35 AM	25.82	11.82	6.61	0.00	0.00	0.00	0.00	4.45	44.25	100.00	7.51	12.19	13686	11822	2973	0	0	0	0	0	28481	155.64	52.91	20.78	86.16	102.82	82.71	151.50	1.74	24.92	24.00
8/6/2020 10:58:38 AM	24.68	10.78	6.36	0.00	0.00	0.00	0.00	4.16	41.83	100.00	7.58	12.36	13083	10783	2863	0	0	0	0	0	26729	156.71	50.01	19.45	79.85	97.01	77.24	144.09	1.74	24.87	23.97
8/6/2020 10:58:40 AM	26.12	11.34	5.79	0.00	0.00	0.00	0.00	4.72	43.24	100.00	7.74	12.15	13842	11336	2604	0	0	0	0	0	27782	154.25	51.54	19.53	84.09	104.24	79.70	150.82	1.76	24.81	24.03
8/6/2020 10:58:42 AM	25.04	10.43	4.93	0.00	0.00	0.00	0.00	4.65	40.40	100.00	7.85	11.76	13269	10431	2220	0	0	0	0	0	25919	155.85	48.01	17.77	78.54	99.86	73.73	142.74	1.77	24.80	23.98
8/6/2020 10:58:45 AM	21.35	9.14	5.29	0.00	0.00	0.00	0.00	4.02	35.79	100.00	7.91	11.65	11314	9143	2383	0	0	0	0	0	22840	158.27	43.83	16.24	68.73	87.68	66.16	126.93	1.78	24.74	23.95
8/6/2020 10:58:47 AM	21.05	8.60	4.03	0.00	0.00	0.00	0.00	3.86	33.68	100.00	8.04	11.52	11155	8602	1815	0	0	0	0	0	21572	158.41	39.83	14.98	65.19	83.06	61.67	118.94	1.79	24.69	24.00
8/6/2020 10:58:50 AM	15.55	6.51	2.98	0.00	0.00	0.00	0.00	2.96	25.03	100.00	8.15	11.20	8239	6508	1340	0	0	0	0	0	16087	161.71	29.97	11.08	49.49	62.57	46.70	88.67	1.80	24.64	23.96
8/6/2020 10:58:52 AM	13.26	5.38	2.58	0.00	0.00	0.00	0.00	2.70	21.21	100.00	8.24	11.17	7026	5379	1159	0	0	0	0	0	13564	162.90	25.99	9.45	41.38	55.08	40.03	77.07	1.81	24.64	23.95
8/6/2020 10:58:54 AM	12.80	5.26	2.25	0.00	0.00	0.00	0.00	2.60	20.31	100.00	8.31	11.17	6782	5263	1012	0	0	0	0	0	13057	163.11	24.59	9.16	40.24	52.80	38.57	73.34	1.81	24.57	23.96
8/6/2020 10:58:57 AM	11.52	4.80	2.08	0.00	0.00	0.00	0.00	2.37	18.39	100.00	8.38	11.11	6104	4797	937	0	0	0	0	0	11837	163.73	22.40	8.54	36.44	47.97	35.53	66.50	1.82	24.51	23.95
8/6/2020 10:58:59 AM	10.70	4.56	1.96	0.00	0.00	0.00	0.00	2.27	17.22	100.00	8.50	11.10	5670	4558	882	0	0	0	0	0	11110	163.95	21.18	8.01	34.84	45.32	33.30	62.38	1.83	24.45	23.96
8/6/2020 10:59:01 AM	9.81	4.16	1.82	0.00	0.00	0.00	0.00	2.17	15.79	100.00	8.60	11.08	5202	4158	817	0	0	0	0	0	10177	163.99	19.69	7.46	31.65	42.50	31.13	58.00	1.84	24.41	23.92
8/6/2020 10:59:04 AM	9.49	4.00	1.63	0.00	0.00	0.00	0.00	2.11	15.12	100.00	8.63	10.94	5030	3995	734	0	0	0	0	0	9759	164.33	18.77	7.25	30.64	41.00	29.69	55.62	1.85	24.37	23.91
8/6/2020 10:59:06 AM	9.49	3.99	1.68	0.00	0.00	0.00	0.00	2.03	15.16	100.00	8.64	11.03	5027	3993	758	0	0	0	0	0	9779	164.47	18.67	7.31	30.67	40.21	29.65	55.15	1.85	24.35	23.85
8/6/2020 10:59:09 AM	10.47	4.65	1.69	0.00	0.00	0.00	0.00	2.22	16.82	100.00	8.68	11.34	5552	4653	763	0	0	0	0	0	10968	164.11	20.42	8.04	35.32	44.18	32.62	60.18	1.85	24.29	23.82
8/6/2020 10:59:11 AM	10.00	4.23	1.57	0.00	0.00	0.00	0.00	2.18	15.80	100.00	8.76	11.40	5299	4231	708	0	0	0	0	0	10237	163.91	19.32	7.52	32.20	42.49	30.98	57.60	1.86	24.24	23.83
8/6/2020 10:59:13 AM	9.58	3.97	1.50	0.00	0.00	0.00	0.00	2.12	15.04	100.00	8.80	11.15	5078	3965	674	0	0	0	0	0	9717	163.56	18.55	7.13	30.75	41.01	29.20	55.40	1.86	24.23	23.85
8/6/2020 10:59:16 AM	9.59	3.95	1.65	0.00	0.00	0.00	0.00	2.12	15.19	100.00	8.84	10.91	5083	3946	744	0	0	0	0	0	9774	163.88	18.88	7.01	30.55	41.18	29.62	56.05	1.87	24.14	23.78
8/6/2020 10:59:18 AM	9.87	3.83	1.47	0.00	0.00	0.00	0.00	2.06	15.17	100.00	8.95	10.50	5230	3829	662	0	0	0	0	0	9721	164.05	18.36	6.96	30.14	40.57	28.99	55.62	1.88	24.13	23.81
8/6/2020 10:59:20 AM	9.21	3.48	1.27	0.00	0.00	0.00	0.00	1.99	13.96	100.00	9.08	10.36	4881	3476	572	0	0	0	0	0	8930	164.26	17.06	6.29	27.96	38.36	26.52	51.98	1.89	24.04	23.80
8/6/2020 10:59:23 AM	8.91	3.38	1.27	0.00	0.00	0.00	0.00	1.95	13.55	100.00	9.17	10.25	4721	3376	572	0	0	0	0	0	8669	164.24	16.67	6.07	27.05	37.39	26.02	50.62	1.90	24.00	23.87
8/6/2020 10:59:25 AM	8.67	3.13	1.11	0.00	0.00	0.00	0.00	1.90	12.91	100.00	9.22	10.32	4593	3130	500	0	0	0	0	0	8222	164.26	15.82	5.72	25.52	36.14	24.62	48.71	1.90	23.96	23.78
8/6/2020 10:59:28 AM	8.54	2.94	1.04	0.00	0.00	0.00	0.00	1.83	12.52	100.00	9.29	10.39	4525	2938	468	0	0	0	0	0	7931	164.51	15.22	5.43	24.34	34.94	23.69	47.33	1.91	23.90	23.76
8/6/2020 10:59:30 AM	8.51	2.91	0.89	0.00	0.00	0.00	0.00	1.90	12.30	100.00	9.41	10.39	4508	2908	401	0	0	0	0	0	7816	164.47	15.01	5.24	23.95	35.36	23.56	47.15	1.92	23.84	23.78
8/6/2020 10:59:32 AM	8.17	2.92	0.99	0.00	0.00	0.00	0.00	1.84	12.08	100.00	9.43	10.32	4329	2923	448	0	0	0	0	0	7699	163.89	14.93	5.28	24.00	34.46	23.20	46.04	1.92	23.85	23.70
8/6/2020 10:59:35 AM	8.15	2.98	0.93	0.00	0.00	0.00	0.00	1.87	12.05	100.00	9.49	10.30	4319	2976	417	0	0	0	0	0	7712	164.02	14.85	5.51	24.17	34.64	23.32	45.92	1.93	23.78	23.68
8/6/2020 10:59:37 AM	7.63	2.91	1.09	0.00	0.00	0.00	0.00	1.81	11.63	100.00	9.55	10.42	4042	2909	492	0	0	0	0	0	7443	164.08	14.74	5.13	23.44	33.48	22.92	44.45	1.94	23.71	23.63
8/6/2020 10:59:40 AM	7.93	2.86	0.85	0.00	0.00	0.00	0.00	1.77	11.64	100.00	9.67	10.35	4203	2864	382	0	0	0	0	0	7450	163.97	14.17	5.13	23.22	33.03	22.69	44.01	1.95	23.67	23.63
8/6/2020 10:59:42 AM	8.01	2.86	0.71	0.00	0.00	0.00	0.00	1.82	11.58	100.00	9.70	10.34	4247	2861	317	0	0	0	0	0	7426	164.42	14.04	5.18	23.50	33.47	22.25	44.07	1.95	23.62	23.66
8/6/2020 10:59:44 AM	7.93	2.75	0.70	0.00	0.00	0.00	0.00	1.83	11.38	100.00	9.79	10.26	4204	2747	314	0	0	0	0	0	7265	164.02	13.86	5.15	22.59	33.30	22.01	43.78	1.96	23.56	23.67
8/6/2020 10:59:47 AM	7.55	2.74	0.67	0.00	0.00	0.00	0.00	1.79	10.97	100.00	9.90	10.06	4002	2742	303	0	0	0	0	0	7047	164.45	13.50	4.87	22.31	32.32	21.54	42.14	1.97	23.51	23.66
8/6/2020 10:59:49 AM	7.33	2.65	0.68	0.00	0.00	0.00	0.00	1.80	10.66	100.00	10.04	10.01	3887	2646	305	0	0	0	0	0	6838	164.69	13.29	4.84	21.49	32.03	21.17	41.50	1.98	23.47	23.77
8/6/2020 10:59:51 AM	7.50	2.63	0.84	0.00	0.00	0.00	0.00	1.79	10.96	100.00	10.14	9.84	3972	2632	376	0	0	0	0	0	6980	164.12	13.73	4.97	21.72	32.45	21.40	42.65	1.99	23.43	23.60
8/6/2020 10:59:54 AM	7.77	2.69	0.69	0.00	0.00	0.00	0.00	1.79	11.14	100.00	10.17	9.82	4116	2686	310	0	0	0	0	0	7112	164.13	13.64	4.73	22.37	32.60	21.40	42.87	2.00	23.39	23.57
8/6/2020 10:59:56 AM	7.29	2.60	0.58	0.00	0.00	0.00	0.00	1.78	10.46	100.00	10.19	9.98	3862	2598	260	0	0	0	0	0	6720	164.15	13.02	4.52	21.65	31.59	20.30	40.75	2.00	23.32	23.71
8/6/2020 10:59:59 AM	7.21	2.54	0.68	0.00	0.00	0.00	0.00	1.77	10.44	100.00	10.27	10.06	3824	2543	307	0	0	0	0	0	6674	164.66	13.07	4.67	20.79	31.50	20.77	40.88	2.01	23.27	23.55
8/6/2020 11:00:01 AM	7.57	2.45	0.60	0.00	0.00	0.00	0.00	1.82	10.61	100.00	10.38	9.90	4010	2447	270	0	0	0	0	0	6727	164.47	13.18	4.60	20.91	32.36	20.29	42.05	2.02	23.21	23.53
8/6/2020 11:00:03 AM	7.57	2.51	0.77	0.00	0.00	0.00	0.00	1.83	10.86	100.00	10.42	9.83	4013	2515	347	0	0	0	0	0	6875	163.87	13.63	4.70	21.10	32.74	21.08	42.88	2.02	23.19	23.42
8/6/2020 11:00:06 AM	7.49	2.53	0.70	0.00	0.00	0.00	0.00	1.82	10.71	100.00	10.51	9.86	3969	2527	314	0	0	0	0	0	6810	163.88	13.41	4.71	21.12	32.46	20.85	42.26	2.03	23.14	23.43
8/6/2020 11:00:08 AM	7.89	2.59	0.72	0.00	0.00	0.00	0.00	1.84	11.20	100.00	10.63	9.84	4183	2591	324	0	0	0	0	0	7099	163.72	13.81	4.73	21.72	33.30	21.59	43.81	2.04	23.08	23.43
8/6/2020 11:00:10 AM	8.05	2.71	0.78	0.00	0.00	0.00	0.00	1.90	11.54	100.00	10.72	9.80	4267	2713	350	0	0	0	0	0	7329	163.77	14.30	4.89	22.66	34.29	22.14	45.06	2.05	23.06	23.43
8/6/2020 11:00:13 AM	7.94	2.74	0.71	0.00	0.00	0.00	0.00	1.87	11.39	100.00	10.81	9.81	4207	2744	320	0	0	0	0	0	7272	163.65	14.05	4.96	22.84	33.79	21.85	44.22	2.06	22.98	23.35
8/6/2020 11:00:15 AM	8.17	2.62	0.78	0.00	0.00	0.00	0.00	1.89	11.56	100.00	10.94	9.74	4330	2616	350	0	0	0	0	0	7297	163.67	14.29	4.80	22.28	34.36	21.89	45.39	2.07	22.92	23.40
8/6/2020 11:00:18 AM	8.93	3.02	0.76	0.00	0.00	0.00	0.00	1.96	12.72	100.00	11.07	9.71	4733	3021	344	0	0	0	0	0	8098	163.23	15.25	5.35	25.20	36.43	23.79	48.45	2.08	22.88	23.30
8/6/2020 11:00:20 AM	8.99	2.98	0.95	0.00	0.00	0.00	0.00	2.01	12.92	100.00	11.13	9.73	4766	2979	426	0	0	0	0	0	8171	163.11	15.81	5.35	25.17	37.29	24.01	49.82	2.09	22.80	23.34
8/6/2020 11:00:22 AM	9.13	3.01	0.96	0.00	0.00	0.00	0.00	2.06	13.10	100.00	11.21	9.82	4837	3011	431	0	0	0	0	0	8280	162.91	16.10	5.40	25.55	38.06	24.21	50.74	2.10	22.79	23.32
8/6/2020 11:00:25 AM	9.27	3.19	1.20	0.00	0.00	0.00	0.00	2.06	13.65	100.00	11.28	9.83	4912	3190	539	0	0	0	0	0	8640	162.54	16.91	5.80	26.96	38.80	25.07	52.28	2.10	22.72	23.29
8/6/2020 11:00:27 AM	9.80	3.29	1.39	0.00	0.00	0.00	0.00	2.10	14.48	100.00	11.38	9.74	5196	3290	625	0	0	0	0	0	9111	162.43	17.89	5.89	28.00	40.42	26.29	55.24	2.12	22.68	23.24
