Date/Time	Green Algae	Bluegreen	Diatoms	Cryptophyta	#5	#6	#7	Yellow substances	Total conc.	Transmission	Depth	Temp. Sample	Green Algae	Bluegreen	Diatoms	Cryptophyta	#5	#6	#7	Yellow substances	Total cell count	Trans. 700 nm	LED 3 [525 nm]	LED 4 [570 nm]	LED 5 [610 nm]	LED 6 [370 nm]	LED 7 [590 nm]	LED 8 [470 nm]	Pressure	Temp. LEDs	Temp. Sensor
date	µg/l	µg/l	µg/l	µg/l	µg/l	µg/l	µg/l	r.u.	µg/l	%	m	°C	cells/ml	cells/ml	cells/ml	cells/ml	cells/ml	cells/ml	cells/ml	r.u.	cells/ml	digits	digits	digits	digits	digits	digits	digits	bar	°C	°C
7/30/2020 2:18:41 PM	7.33	37.26	0.00	0.00	0.00	0.00	0.00	0.04	44.58	74.67	0.20	27.07	3885	37255	0	0	0	0	0	0	41140	113.31	36.36	28.58	181.09	38.90	160.37	35.78	1.02	28.66	27.54
7/30/2020 2:18:43 PM	7.19	37.21	0.00	0.00	0.00	0.00	0.00	0.02	44.40	74.76	0.22	27.08	3810	37213	0	0	0	0	0	0	41023	113.45	35.04	29.93	180.29	38.70	160.48	35.24	1.02	28.69	27.55
7/30/2020 2:18:46 PM	6.57	36.74	0.00	0.00	0.00	0.00	0.00	0.17	43.31	75.99	0.24	27.08	3484	36737	0	0	0	0	0	0	40221	115.32	34.94	28.54	176.94	38.92	158.98	34.29	1.02	28.72	27.55
7/30/2020 2:18:48 PM	6.79	36.76	0.00	0.00	0.00	0.00	0.00	0.07	43.56	74.56	0.28	27.09	3600	36764	0	0	0	0	0	0	40363	113.15	35.42	29.46	176.29	38.13	159.91	34.23	1.03	28.74	27.57
7/30/2020 2:18:51 PM	6.28	37.03	0.00	0.00	0.00	0.00	0.00	0.20	43.31	75.51	0.30	27.08	3329	37032	0	0	0	0	0	0	40361	114.58	35.64	29.46	178.12	38.95	159.70	33.68	1.03	28.76	27.60
7/30/2020 2:18:53 PM	6.82	36.84	0.00	0.00	0.00	0.00	0.00	0.00	43.66	75.10	0.34	27.05	3615	36842	0	0	0	0	0	0	40458	113.96	35.56	29.03	178.90	37.28	157.94	33.82	1.03	28.79	27.60
7/30/2020 2:18:55 PM	6.80	36.50	0.00	0.00	0.00	0.00	0.00	0.11	43.31	75.43	0.38	27.03	3605	36504	0	0	0	0	0	0	40109	114.47	35.43	28.71	176.46	38.36	157.55	34.45	1.04	28.82	27.64
7/30/2020 2:18:58 PM	6.50	37.85	0.00	0.00	0.00	0.00	0.00	0.19	44.34	75.24	0.42	27.01	3444	37845	0	0	0	0	0	0	41289	114.18	36.34	28.81	183.42	39.82	162.03	34.55	1.04	28.83	27.65
7/30/2020 2:19:02 PM	6.14	38.99	0.00	0.00	0.00	0.00	0.00	0.10	45.13	74.99	0.49	26.99	3254	38993	0	0	0	0	0	0	42247	113.80	36.50	29.96	188.37	39.35	166.38	33.09	1.05	28.88	27.69
7/30/2020 2:19:05 PM	6.55	39.28	0.00	0.00	0.00	0.00	0.00	0.08	45.83	74.79	0.53	26.99	3470	39281	0	0	0	0	0	0	42751	113.49	36.21	30.60	190.33	40.11	167.64	34.39	1.05	28.89	27.65
7/30/2020 2:19:07 PM	6.39	39.52	0.00	0.00	0.00	0.00	0.00	0.15	45.91	75.16	0.56	26.95	3384	39521	0	0	0	0	0	0	42905	114.05	36.69	31.33	189.89	40.65	169.90	34.48	1.06	28.93	27.66
7/30/2020 2:19:10 PM	6.34	39.29	0.00	0.00	0.00	0.00	0.00	0.09	45.63	75.29	0.58	26.89	3362	39290	0	0	0	0	0	0	42652	114.26	37.18	30.54	188.88	39.67	168.73	33.77	1.06	28.94	27.70
7/30/2020 2:19:12 PM	6.65	38.63	0.00	0.00	0.00	0.00	0.00	0.12	45.27	75.34	0.62	26.86	3522	38628	0	0	0	0	0	0	42151	114.32	36.45	30.76	186.65	40.02	165.66	34.79	1.06	28.96	27.70
7/30/2020 2:19:14 PM	6.32	38.59	0.00	0.00	0.00	0.00	0.00	0.16	44.91	75.38	0.66	26.86	3349	38589	0	0	0	0	0	0	41937	114.40	36.51	30.89	185.76	39.88	165.65	34.04	1.06	28.97	27.75
7/30/2020 2:19:17 PM	6.77	38.52	0.00	0.00	0.00	0.00	0.00	0.08	45.29	75.64	0.70	26.84	3589	38524	0	0	0	0	0	0	42112	114.78	36.27	29.65	186.12	39.70	165.64	34.82	1.07	29.02	27.75
7/30/2020 2:19:19 PM	6.58	38.64	0.00	0.00	0.00	0.00	0.00	0.06	45.21	75.75	0.74	26.79	3485	38638	0	0	0	0	0	0	42123	114.95	35.75	30.02	186.15	39.38	166.28	34.10	1.07	29.03	27.76
7/30/2020 2:19:21 PM	6.05	40.94	0.00	0.00	0.00	0.00	0.00	0.12	47.00	75.79	0.78	26.74	3207	40944	0	0	0	0	0	0	44151	115.01	38.32	31.23	197.03	40.88	174.64	33.63	1.08	29.05	27.77
7/30/2020 2:19:24 PM	6.24	43.42	0.00	0.00	0.00	0.00	0.00	0.08	49.66	75.25	0.82	26.71	3307	43416	0	0	0	0	0	0	46724	114.19	39.39	33.37	209.16	42.85	184.45	34.80	1.08	29.05	27.77
7/30/2020 2:19:26 PM	5.91	45.27	0.00	0.00	0.00	0.00	0.00	0.05	51.18	75.21	0.84	26.67	3131	45274	0	0	0	0	0	0	48405	114.13	40.52	34.99	216.71	43.42	192.51	34.08	1.08	29.08	27.80
7/30/2020 2:19:29 PM	5.59	47.60	0.00	0.00	0.00	0.00	0.00	0.09	53.19	75.41	0.84	26.65	2962	47600	0	0	0	0	0	0	50563	114.44	42.38	36.66	226.75	45.14	202.31	34.17	1.08	29.11	27.84
7/30/2020 2:19:31 PM	5.31	46.80	0.00	0.00	0.00	0.00	0.00	0.10	52.11	74.94	0.85	26.66	2813	46801	0	0	0	0	0	0	49615	113.72	41.20	36.27	223.07	44.30	198.56	33.09	1.08	29.13	27.79
7/30/2020 2:19:33 PM	5.74	48.26	0.00	0.00	0.00	0.00	0.00	0.07	54.01	74.85	0.88	26.70	3043	48265	0	0	0	0	0	0	51308	113.58	43.14	36.67	231.51	45.67	203.58	34.69	1.09	29.14	27.82
7/30/2020 2:19:36 PM	5.53	46.16	0.00	0.00	0.00	0.00	0.00	0.14	51.69	75.04	0.90	26.71	2933	46156	0	0	0	0	0	0	49088	113.87	41.10	35.14	221.66	44.60	194.79	33.93	1.09	29.15	27.84
7/30/2020 2:19:38 PM	5.35	43.76	0.00	0.00	0.00	0.00	0.00	0.16	49.11	76.55	0.91	26.70	2837	43761	0	0	0	0	0	0	46597	116.17	39.28	33.42	208.81	42.59	186.47	32.68	1.09	29.18	27.85
7/30/2020 2:19:41 PM	5.37	44.22	0.00	0.00	0.00	0.00	0.00	0.16	49.59	76.48	0.93	26.65	2847	44217	0	0	0	0	0	0	47064	116.07	39.71	34.09	209.91	42.98	189.38	32.95	1.09	29.19	27.86
7/30/2020 2:19:43 PM	5.63	45.31	0.00	0.00	0.00	0.00	0.00	0.15	50.93	75.96	0.93	26.61	2983	45305	0	0	0	0	0	0	48288	115.27	40.68	35.60	216.57	44.11	192.47	34.04	1.09	29.20	27.85
7/30/2020 2:19:45 PM	5.25	44.94	0.00	0.00	0.00	0.00	0.00	0.24	50.18	76.67	0.95	26.62	2781	44936	0	0	0	0	0	0	47717	116.35	40.93	34.30	213.44	44.09	191.98	33.41	1.09	29.24	27.89
7/30/2020 2:19:48 PM	5.04	43.51	0.00	0.00	0.00	0.00	0.00	0.28	48.56	77.01	0.97	26.66	2674	43512	0	0	0	0	0	0	46186	116.86	39.85	32.68	205.62	43.05	187.20	32.59	1.09	29.24	27.91
7/30/2020 2:19:50 PM	5.52	45.01	0.00	0.00	0.00	0.00	0.00	0.13	50.53	77.11	0.98	26.68	2928	45008	0	0	0	0	0	0	47935	117.02	40.94	35.08	215.34	43.34	190.83	33.35	1.10	29.28	27.82
7/30/2020 2:19:52 PM	5.28	44.88	0.00	0.00	0.00	0.00	0.00	0.13	50.17	76.90	0.99	26.64	2800	44884	0	0	0	0	0	0	47684	116.70	39.95	34.12	215.96	43.17	188.93	32.61	1.10	29.29	27.87
7/30/2020 2:19:55 PM	5.05	44.48	0.00	0.00	0.00	0.00	0.00	0.14	49.54	77.07	1.01	26.60	2678	44484	0	0	0	0	0	0	47162	116.96	39.93	33.99	213.86	42.59	187.07	31.82	1.10	29.28	27.91
7/30/2020 2:19:57 PM	5.11	41.86	0.00	0.00	0.00	0.00	0.00	0.28	46.96	77.55	1.06	26.56	2706	41858	0	0	0	0	0	0	44564	117.69	38.77	32.20	199.81	41.90	178.42	32.22	1.10	29.31	27.91
7/30/2020 2:20:00 PM	3.96	32.63	0.44	0.00	0.00	0.00	0.00	0.59	37.03	80.65	1.12	26.45	2100	32626	197	0	0	0	0	0	34923	122.39	32.93	25.59	156.06	37.05	140.82	29.86	1.11	29.32	27.97
7/30/2020 2:20:02 PM	4.29	31.72	0.45	0.00	0.00	0.00	0.00	0.64	36.46	80.85	1.18	26.16	2274	31725	201	0	0	0	0	0	34200	122.69	32.54	24.67	152.10	37.35	137.60	31.05	1.12	29.36	27.92
7/30/2020 2:20:04 PM	4.04	26.51	0.57	0.00	0.00	0.00	0.00	0.77	31.12	83.32	1.22	25.92	2141	26508	257	0	0	0	0	0	28906	126.44	28.60	21.01	127.96	34.63	116.17	30.13	1.12	29.35	27.98
7/30/2020 2:20:07 PM	2.92	28.85	1.05	0.00	0.00	0.00	0.00	0.82	32.83	83.84	1.25	25.90	1549	28848	475	0	0	0	0	0	30872	127.24	31.06	22.43	136.30	36.13	127.62	29.89	1.12	29.39	27.95
7/30/2020 2:20:09 PM	3.61	23.51	0.65	0.00	0.00	0.00	0.00	0.91	27.77	84.02	1.29	25.87	1912	23514	293	0	0	0	0	0	25719	127.50	26.46	18.92	115.11	33.32	102.40	29.18	1.13	29.38	28.01
7/30/2020 2:20:11 PM	2.03	19.83	1.73	0.00	0.00	0.00	0.00	1.09	23.59	85.47	1.33	25.81	1074	19830	779	0	0	0	0	0	21683	129.71	25.29	16.32	95.73	31.99	89.58	29.15	1.13	29.40	28.01
7/30/2020 2:20:14 PM	2.99	21.98	1.27	0.00	0.00	0.00	0.00	0.97	26.23	84.93	1.37	25.88	1583	21979	570	0	0	0	0	0	24132	128.89	26.28	18.25	106.87	32.91	97.58	29.88	1.13	29.44	27.96
7/30/2020 2:20:16 PM	3.05	20.38	1.29	0.00	0.00	0.00	0.00	1.03	24.72	85.66	1.40	25.84	1614	20381	580	0	0	0	0	0	22576	130.00	25.31	16.32	100.16	32.48	90.65	30.13	1.14	29.44	28.02
7/30/2020 2:20:19 PM	3.04	16.89	1.54	0.00	0.00	0.00	0.00	1.13	21.48	85.96	1.42	25.79	1611	16894	694	0	0	0	0	0	19199	130.44	23.21	14.15	84.59	31.26	76.36	30.84	1.14	29.46	27.98
7/30/2020 2:20:21 PM	2.02	16.77	1.74	0.00	0.00	0.00	0.00	1.16	20.53	85.90	1.43	25.85	1069	16771	783	0	0	0	0	0	18623	130.36	22.95	14.39	82.55	30.40	76.03	28.68	1.14	29.46	28.03
7/30/2020 2:20:23 PM	2.56	17.43	1.47	0.00	0.00	0.00	0.00	1.09	21.46	86.20	1.46	25.95	1356	17427	661	0	0	0	0	0	19445	130.81	22.96	14.57	85.20	30.45	79.44	28.87	1.14	29.49	28.03
7/30/2020 2:20:26 PM	2.30	16.07	1.39	0.00	0.00	0.00	0.00	1.17	19.76	86.85	1.49	25.94	1218	16070	627	0	0	0	0	0	17915	131.81	21.73	13.48	79.11	29.75	73.17	27.88	1.15	29.47	28.11
7/30/2020 2:20:28 PM	2.58	14.35	0.91	0.00	0.00	0.00	0.00	1.24	17.84	86.80	1.50	25.91	1365	14353	410	0	0	0	0	0	16128	131.72	19.62	11.60	72.20	28.72	64.63	26.59	1.15	29.48	28.06
7/30/2020 2:20:31 PM	1.33	12.06	1.35	0.00	0.00	0.00	0.00	1.33	14.74	87.35	1.52	25.79	706	12058	606	0	0	0	0	0	13369	132.56	18.21	10.17	60.96	26.95	54.72	24.53	1.15	29.49	28.06
7/30/2020 2:20:33 PM	0.88	10.09	1.37	0.00	0.00	0.00	0.00	1.39	12.34	87.96	1.61	25.46	469	10086	618	0	0	0	0	0	11172	133.49	16.42	8.97	51.13	25.46	46.67	23.02	1.16	29.52	28.03
7/30/2020 2:20:35 PM	0.48	9.27	1.60	0.00	0.00	0.00	0.00	1.40	11.35	88.56	1.65	25.40	255	9272	720	0	0	0	0	0	10246	134.40	16.06	8.21	46.92	24.79	43.64	22.57	1.16	29.52	28.15
7/30/2020 2:20:38 PM	0.46	6.85	1.42	0.00	0.00	0.00	0.00	1.56	8.72	88.81	1.67	25.37	242	6847	638	0	0	0	0	0	7727	134.77	14.02	5.92	35.50	24.26	33.74	22.18	1.16	29.54	28.06
7/30/2020 2:20:40 PM	0.00	5.61	1.76	0.00	0.00	0.00	0.00	1.60	7.38	89.44	1.75	25.29	0	5614	794	0	0	0	0	0	6408	135.73	13.63	5.91	29.40	23.64	28.94	22.03	1.17	29.55	28.17
7/30/2020 2:20:42 PM	0.00	5.15	1.48	0.00	0.00	0.00	0.00	1.67	6.64	89.55	1.73	25.25	0	5155	668	0	0	0	0	0	5822	135.89	13.01	5.45	27.44	23.63	26.33	21.12	1.17	29.57	28.06
7/30/2020 2:20:45 PM	0.00	5.75	1.93	0.00	0.00	0.00	0.00	1.58	7.68	89.63	1.81	25.30	0	5752	866	0	0	0	0	0	6618	136.03	14.29	6.32	30.58	23.90	29.18	22.55	1.18	29.55	28.15
7/30/2020 2:20:47 PM	0.00	6.33	2.03	0.00	0.00	0.00	0.00	1.55	8.36	89.95	1.88	25.46	0	6325	914	0	0	0	0	0	7239	136.51	14.68	7.22	32.75	24.18	32.20	23.09	1.18	29.55	28.16
7/30/2020 2:20:50 PM	0.00	4.39	1.67	0.30	0.00	0.00	0.00	1.60	6.37	90.22	1.86	25.44	0	4392	753	9	0	0	0	0	5155	136.91	13.59	5.56	23.97	23.22	25.38	22.46	1.18	29.57	28.23
7/30/2020 2:20:52 PM	0.00	4.24	2.44	0.00	0.00	0.00	0.00	1.58	6.68	90.04	1.99	25.34	0	4242	1099	0	0	0	0	0	5341	136.65	14.32	5.54	23.59	23.72	24.08	24.30	1.19	29.61	28.11
7/30/2020 2:20:54 PM	0.00	4.78	2.24	0.00	0.00	0.00	0.00	1.63	7.02	89.84	1.94	25.42	0	4777	1008	0	0	0	0	0	5785	136.34	14.29	5.93	26.20	24.22	25.75	24.03	1.19	29.60	28.15
7/30/2020 2:20:57 PM	0.00	4.64	1.99	0.00	0.00	0.00	0.00	1.65	6.62	89.27	1.93	25.31	0	4635	893	0	0	0	0	0	5529	135.48	13.44	4.78	25.33	23.79	25.08	23.14	1.19	29.59	28.23
7/30/2020 2:20:59 PM	0.00	4.29	2.82	0.00	0.00	0.00	0.00	1.61	7.11	90.05	1.98	24.97	0	4286	1269	0	0	0	0	0	5555	136.65	14.98	5.65	24.50	24.58	24.43	26.40	1.19	29.60	28.17
7/30/2020 2:21:01 PM	0.00	3.89	3.59	0.10	0.00	0.00	0.00	1.57	7.57	90.33	2.05	24.73	0	3888	1615	3	0	0	0	0	5506	137.08	16.60	5.96	23.19	25.39	24.45	29.82	1.20	29.65	28.16
7/30/2020 2:21:04 PM	0.39	4.14	3.70	0.14	0.00	0.00	0.00	1.57	8.37	90.15	2.06	24.68	206	4139	1664	4	0	0	0	0	6013	136.82	17.42	6.48	24.91	26.38	26.05	31.82	1.20	29.66	28.18
7/30/2020 2:21:06 PM	1.04	5.00	4.44	0.54	0.00	0.00	0.00	1.46	11.02	90.14	2.12	24.55	553	5001	1996	16	0	0	0	0	7566	136.80	21.21	8.65	31.13	28.75	32.29	38.29	1.21	29.63	28.23
7/30/2020 2:21:09 PM	2.00	6.29	5.53	0.45	0.00	0.00	0.00	1.48	14.27	89.51	2.06	24.36	1060	6289	2489	13	0	0	0	0	9851	135.84	25.20	10.37	38.63	32.99	39.33	46.36	1.20	29.63	28.25
7/30/2020 2:21:11 PM	1.75	4.68	4.73	1.21	0.00	0.00	0.00	1.43	12.37	89.07	2.25	24.17	927	4678	2128	36	0	0	0	0	7769	135.18	24.13	9.37	32.06	30.96	34.58	44.52	1.22	29.63	28.25
7/30/2020 2:21:13 PM	2.50	4.10	4.59	0.84	0.00	0.00	0.00	1.21	12.03	88.98	2.15	23.52	1325	4098	2064	25	0	0	0	0	7512	135.04	22.02	7.88	28.80	28.36	31.25	42.65	1.21	29.63	28.21
7/30/2020 2:21:16 PM	2.00	3.43	4.12	1.38	0.00	0.00	0.00	1.04	10.94	90.18	2.19	23.14	1060	3435	1856	41	0	0	0	0	6392	136.86	21.30	8.13	26.28	25.58	29.29	39.80	1.21	29.66	28.22
7/30/2020 2:21:18 PM	2.45	3.35	3.61	1.43	0.00	0.00	0.00	1.02	10.83	89.87	2.26	23.02	1296	3350	1624	43	0	0	0	0	6313	136.39	20.36	7.85	25.81	25.14	28.99	38.98	1.22	29.64	28.21
7/30/2020 2:21:21 PM	2.37	3.13	3.37	1.36	0.00	0.00	0.00	1.08	10.23	89.95	2.18	22.30	1254	3134	1517	41	0	0	0	0	5946	136.51	19.54	6.98	24.22	24.89	27.82	37.76	1.21	29.63	28.27
7/30/2020 2:21:23 PM	2.20	2.81	3.03	1.47	0.00	0.00	0.00	0.98	9.50	90.59	2.36	21.38	1165	2808	1364	44	0	0	0	0	5380	137.48	18.40	7.07	22.65	23.02	26.02	35.28	1.23	29.65	28.36
7/30/2020 2:21:25 PM	1.67	2.24	2.64	1.52	0.00	0.00	0.00	0.92	8.07	90.53	2.42	20.90	884	2242	1188	46	0	0	0	0	4359	137.39	16.73	6.31	19.35	20.70	22.98	31.48	1.24	29.63	28.28
7/30/2020 2:21:28 PM	1.24	2.16	2.73	1.77	0.00	0.00	0.00	0.82	7.90	90.92	2.48	20.51	657	2162	1230	53	0	0	0	0	4102	137.97	17.12	6.53	19.25	19.54	23.28	30.72	1.24	29.64	28.23
7/30/2020 2:21:30 PM	1.15	2.09	2.63	1.96	0.00	0.00	0.00	0.77	7.83	90.86	2.54	19.89	612	2094	1183	59	0	0	0	0	3947	137.89	17.24	6.55	19.14	19.04	23.57	30.42	1.25	29.64	28.28
7/30/2020 2:21:32 PM	0.51	2.03	2.55	1.56	0.00	0.00	0.00	0.74	6.65	90.45	2.57	19.41	272	2034	1146	47	0	0	0	0	3499	137.27	15.28	5.79	17.31	16.92	21.10	25.97	1.25	29.62	28.27
7/30/2020 2:21:35 PM	0.68	1.90	2.08	1.29	0.00	0.00	0.00	0.67	5.95	90.40	2.65	19.41	359	1900	938	39	0	0	0	0	3235	137.18	13.13	4.92	15.65	15.05	19.15	22.65	1.26	29.63	28.21
7/30/2020 2:21:37 PM	1.01	2.24	1.81	0.36	0.00	0.00	0.00	0.63	5.42	89.88	2.55	18.95	537	2241	812	11	0	0	0	0	3602	136.41	9.95	3.53	14.88	13.28	17.07	18.23	1.25	29.62	28.22
7/30/2020 2:21:40 PM	0.86	2.83	1.96	0.68	0.00	0.00	0.00	0.65	6.32	90.22	2.92	18.42	455	2832	880	20	0	0	0	0	4187	136.92	11.69	5.48	18.67	14.51	20.32	20.13	1.29	29.60	28.25
7/30/2020 2:21:42 PM	1.81	3.64	2.17	0.60	0.00	0.00	0.00	0.60	8.22	89.43	2.79	18.47	960	3636	978	18	0	0	0	0	5592	135.72	13.08	6.18	23.04	16.24	24.51	23.71	1.27	29.59	28.31
7/30/2020 2:21:44 PM	1.93	4.05	2.58	0.56	0.00	0.00	0.00	0.62	9.12	89.05	2.83	18.31	1024	4048	1163	17	0	0	0	0	6251	135.13	14.37	6.74	25.32	17.49	26.60	25.96	1.28	29.59	28.25
7/30/2020 2:21:47 PM	1.78	3.72	2.39	1.03	0.00	0.00	0.00	0.65	8.92	89.16	2.88	18.84	944	3721	1076	31	0	0	0	0	5772	135.30	15.12	6.93	24.61	17.89	26.81	26.87	1.28	29.58	28.31
7/30/2020 2:21:49 PM	9.14	6.06	3.59	0.00	0.00	0.00	0.00	1.04	18.79	88.59	3.00	18.36	4844	6058	1617	0	0	0	0	0	12520	134.44	22.08	9.73	40.54	34.42	40.08	55.22	1.29	29.56	28.30
7/30/2020 2:21:51 PM	10.73	6.30	3.34	0.00	0.00	0.00	0.00	1.19	20.36	88.72	3.07	16.88	5686	6298	1501	0	0	0	0	0	13485	134.64	23.01	9.94	42.82	37.92	42.21	60.44	1.30	29.55	28.30
7/30/2020 2:21:54 PM	12.03	5.97	2.44	0.00	0.00	0.00	0.00	1.16	20.45	88.40	3.12	16.55	6376	5972	1099	0	0	0	0	0	13447	134.15	21.37	9.20	42.13	37.69	40.37	60.33	1.31	29.53	28.31
7/30/2020 2:21:56 PM	12.82	6.14	2.30	0.00	0.00	0.00	0.00	1.20	21.26	87.91	3.16	16.61	6794	6141	1034	0	0	0	0	0	13969	133.41	21.76	9.38	43.65	39.09	41.38	62.59	1.31	29.52	28.43
7/30/2020 2:21:59 PM	12.91	6.07	1.51	0.00	0.00	0.00	0.00	1.13	20.49	87.01	3.21	16.53	6840	6075	679	0	0	0	0	0	13594	132.05	19.75	8.69	42.98	37.13	39.93	58.82	1.31	29.51	28.28
7/30/2020 2:22:01 PM	12.88	6.06	1.18	0.00	0.00	0.00	0.00	1.12	20.11	86.03	3.28	16.28	6824	6064	529	0	0	0	0	0	13417	130.55	18.92	8.32	42.54	36.41	39.54	57.17	1.32	29.49	28.41
7/30/2020 2:22:03 PM	14.42	6.37	0.73	0.00	0.00	0.00	0.00	1.12	21.52	84.60	3.32	16.08	7644	6366	328	0	0	0	0	0	14338	128.38	19.09	8.36	45.31	38.04	41.09	60.24	1.33	29.47	28.41
7/30/2020 2:22:06 PM	14.54	6.47	0.73	0.00	0.00	0.00	0.00	1.15	21.75	84.37	3.34	15.84	7705	6474	330	0	0	0	0	0	14509	128.04	19.32	8.54	45.92	38.58	41.65	60.88	1.33	29.44	28.43
7/30/2020 2:22:08 PM	14.97	6.50	0.58	0.00	0.00	0.00	0.00	1.10	22.04	84.66	3.38	16.16	7932	6497	261	0	0	0	0	0	14690	128.48	19.12	8.54	46.20	38.51	41.92	61.25	1.33	29.45	28.33
7/30/2020 2:22:10 PM	14.67	6.57	0.67	0.00	0.00	0.00	0.00	1.12	21.91	84.34	3.46	16.03	7778	6569	300	0	0	0	0	0	14646	127.98	19.27	8.44	46.43	38.44	42.04	60.84	1.34	29.40	28.42
7/30/2020 2:22:13 PM	14.54	6.57	0.58	0.00	0.00	0.00	0.00	1.19	21.68	83.99	3.52	15.07	7705	6565	260	0	0	0	0	0	14530	127.47	19.11	8.49	45.82	38.83	42.29	60.59	1.34	29.40	28.35
7/30/2020 2:22:15 PM	13.90	6.75	0.28	0.00	0.00	0.00	0.00	1.24	20.93	83.63	3.56	15.02	7369	6753	126	0	0	0	0	0	14247	126.91	18.35	8.15	46.09	38.03	42.05	57.67	1.35	29.38	28.30
7/30/2020 2:22:18 PM	14.13	6.76	0.31	0.00	0.00	0.00	0.00	1.21	21.20	84.00	3.64	15.74	7490	6764	137	0	0	0	0	0	14391	127.47	18.48	8.40	46.55	38.12	42.06	58.29	1.36	29.35	28.33
7/30/2020 2:22:20 PM	13.38	6.67	0.29	0.00	0.00	0.00	0.00	1.23	20.34	83.88	3.69	15.13	7092	6667	130	0	0	0	0	0	13889	127.29	17.93	8.28	45.15	37.16	41.34	55.94	1.36	29.31	28.38
7/30/2020 2:22:22 PM	13.85	6.64	0.19	0.00	0.00	0.00	0.00	1.20	20.68	83.78	3.69	14.20	7339	6641	88	0	0	0	0	0	14067	127.14	17.92	8.08	45.37	37.40	41.48	56.83	1.36	29.29	28.31
7/30/2020 2:22:25 PM	14.04	6.84	0.16	0.00	0.00	0.00	0.00	1.23	21.05	83.56	3.75	14.66	7443	6840	74	0	0	0	0	0	14357	126.80	18.24	8.34	47.00	38.05	41.84	57.59	1.37	29.26	28.31
7/30/2020 2:22:27 PM	13.15	6.44	0.13	0.00	0.00	0.00	0.00	1.19	19.71	84.10	3.86	14.35	6968	6436	57	0	0	0	0	0	13460	127.63	17.13	7.85	43.87	35.96	39.83	54.07	1.38	29.23	28.35
7/30/2020 2:22:30 PM	12.96	6.34	0.25	0.00	0.00	0.00	0.00	1.14	19.55	83.86	3.91	13.57	6869	6340	114	0	0	0	0	0	13324	127.27	17.11	7.68	43.25	35.33	39.54	53.61	1.38	29.21	28.30
7/30/2020 2:22:32 PM	12.40	6.13	0.21	0.00	0.00	0.00	0.00	1.11	18.74	84.31	3.98	13.49	6574	6128	95	0	0	0	0	0	12797	127.95	16.39	7.54	41.68	33.96	38.17	51.29	1.39	29.16	28.31
7/30/2020 2:22:34 PM	12.09	6.00	0.04	0.00	0.00	0.00	0.00	1.13	18.13	84.58	4.07	13.77	6410	5998	19	0	0	0	0	0	12427	128.36	15.78	7.31	40.82	33.40	37.05	49.71	1.40	29.13	28.37
7/30/2020 2:22:37 PM	10.43	5.49	0.00	0.00	0.00	0.00	0.00	1.01	15.92	85.34	4.12	13.86	5527	5490	0	0	0	0	0	0	11017	129.50	13.80	6.66	37.23	29.41	33.18	43.08	1.40	29.09	28.28
7/30/2020 2:22:39 PM	8.90	4.72	0.14	0.00	0.00	0.00	0.00	0.88	13.76	86.51	4.14	14.03	4719	4715	62	0	0	0	0	0	9496	131.29	12.35	5.82	31.86	25.50	29.37	37.47	1.41	29.06	28.28
7/30/2020 2:22:41 PM	8.89	4.76	0.49	0.00	0.00	0.00	0.00	0.90	14.13	85.43	4.15	14.38	4709	4756	222	0	0	0	0	0	9687	129.65	13.21	5.96	31.68	26.27	30.69	39.14	1.41	29.02	28.27
7/30/2020 2:22:44 PM	9.31	5.04	0.00	0.00	0.00	0.00	0.00	0.98	14.35	86.59	4.24	14.14	4935	5035	0	0	0	0	0	0	9970	131.41	12.75	5.98	33.86	27.06	30.68	39.03	1.42	28.98	28.28
7/30/2020 2:22:46 PM	7.68	4.19	0.10	0.00	0.00	0.00	0.00	0.83	11.97	87.86	4.28	13.95	4070	4189	44	0	0	0	0	0	8303	133.34	10.91	5.19	27.95	22.77	26.51	32.79	1.42	28.95	28.28
7/30/2020 2:22:49 PM	7.90	4.20	0.03	0.00	0.00	0.00	0.00	0.83	12.13	87.94	4.33	14.27	4185	4197	15	0	0	0	0	0	8398	133.45	10.89	5.23	28.25	22.92	26.50	33.17	1.42	28.90	28.31
7/30/2020 2:22:51 PM	6.78	3.73	0.01	0.00	0.00	0.00	0.00	0.80	10.52	88.15	4.38	14.27	3593	3729	4	0	0	0	0	0	7326	133.78	9.70	4.62	25.15	20.59	23.55	29.04	1.43	28.86	28.26
7/30/2020 2:22:53 PM	5.57	3.12	0.00	0.00	0.00	0.00	0.00	0.74	8.69	88.84	4.44	14.38	2954	3119	0	0	0	0	0	0	6073	134.82	8.18	3.92	21.47	17.86	19.81	24.49	1.43	28.83	28.23
7/30/2020 2:22:56 PM	4.79	2.47	0.02	0.00	0.00	0.00	0.00	0.67	7.29	89.13	4.53	14.53	2540	2473	11	0	0	0	0	0	5024	135.26	7.15	3.29	17.37	15.57	16.93	21.32	1.44	28.77	28.27
7/30/2020 2:22:58 PM	4.32	2.12	0.05	0.00	0.00	0.00	0.00	0.62	6.49	89.12	4.59	13.64	2291	2117	21	0	0	0	0	0	4429	135.25	6.47	2.95	15.28	14.09	15.11	19.34	1.45	28.76	28.23
7/30/2020 2:23:00 PM	3.81	1.78	0.16	0.00	0.00	0.00	0.00	0.54	5.75	88.84	4.62	13.27	2018	1784	72	0	0	0	0	0	3873	134.82	5.97	2.61	13.39	12.56	13.38	17.49	1.45	28.70	28.25
7/30/2020 2:23:03 PM	3.93	1.61	0.14	0.00	0.00	0.00	0.00	0.47	5.68	88.25	4.70	12.78	2081	1613	65	0	0	0	0	0	3758	133.93	5.65	2.53	12.69	11.79	12.66	17.13	1.46	28.66	28.20
7/30/2020 2:23:05 PM	3.72	1.50	0.22	0.00	0.00	0.00	0.00	0.45	5.44	87.82	4.77	11.72	1974	1497	100	0	0	0	0	0	3571	133.28	5.59	2.35	12.13	11.35	12.02	16.63	1.47	28.61	28.20
7/30/2020 2:23:08 PM	3.76	1.38	0.19	0.00	0.00	0.00	0.00	0.45	5.33	87.90	4.84	11.99	1994	1378	84	0	0	0	0	0	3456	133.40	5.42	2.24	11.47	11.28	11.64	16.58	1.47	28.56	28.18
7/30/2020 2:23:10 PM	3.95	1.36	0.17	0.00	0.00	0.00	0.00	0.43	5.48	88.09	4.89	12.40	2095	1357	77	0	0	0	0	0	3529	133.68	5.44	2.36	11.69	11.32	11.48	16.97	1.48	28.53	28.13
7/30/2020 2:23:12 PM	4.06	1.28	0.18	0.00	0.00	0.00	0.00	0.42	5.52	87.75	4.95	12.68	2153	1283	80	0	0	0	0	0	3517	133.16	5.40	2.29	11.31	11.27	11.41	17.20	1.48	28.47	28.20
7/30/2020 2:23:15 PM	3.99	1.28	0.27	0.00	0.00	0.00	0.00	0.40	5.54	87.85	4.98	12.83	2116	1277	123	0	0	0	0	0	3517	133.32	5.54	2.24	11.17	11.18	11.59	17.29	1.49	28.42	28.12
7/30/2020 2:23:17 PM	4.11	1.44	0.23	0.00	0.00	0.00	0.00	0.40	5.78	87.87	5.02	13.03	2178	1439	104	0	0	0	0	0	3721	133.35	5.68	2.46	12.35	11.42	11.88	17.54	1.49	28.36	28.12
7/30/2020 2:23:20 PM	3.90	1.32	0.19	0.00	0.00	0.00	0.00	0.43	5.41	88.06	5.07	13.40	2068	1324	85	0	0	0	0	0	3477	133.64	5.38	2.40	11.35	11.19	11.48	16.82	1.50	28.30	28.12
7/30/2020 2:23:22 PM	4.01	1.25	0.16	0.00	0.00	0.00	0.00	0.43	5.41	87.96	5.12	13.71	2123	1248	70	0	0	0	0	0	3442	133.49	5.33	2.15	11.01	11.28	11.30	17.04	1.50	28.27	28.05
7/30/2020 2:23:24 PM	3.91	1.26	0.33	0.00	0.00	0.00	0.00	0.41	5.50	87.75	5.16	13.27	2072	1258	148	0	0	0	0	0	3478	133.16	5.64	2.21	11.25	11.17	11.31	17.27	1.51	28.22	28.05
7/30/2020 2:23:27 PM	3.88	1.22	0.27	0.00	0.00	0.00	0.00	0.42	5.37	88.02	5.18	13.07	2059	1223	119	0	0	0	0	0	3401	133.57	5.45	2.21	10.92	11.11	11.16	16.99	1.51	28.18	28.02
7/30/2020 2:23:29 PM	4.06	1.28	0.27	0.00	0.00	0.00	0.00	0.41	5.61	88.03	5.19	13.58	2153	1277	123	0	0	0	0	0	3554	133.59	5.63	2.26	11.42	11.38	11.45	17.58	1.51	28.11	28.02
7/30/2020 2:23:31 PM	4.10	1.25	0.26	0.00	0.00	0.00	0.00	0.41	5.62	87.96	5.23	13.86	2174	1253	118	0	0	0	0	0	3546	133.48	5.59	2.25	11.20	11.39	11.51	17.65	1.51	28.07	28.00
7/30/2020 2:23:34 PM	4.22	1.24	0.30	0.00	0.00	0.00	0.00	0.41	5.76	87.99	5.32	13.59	2234	1244	136	0	0	0	0	0	3614	133.53	5.72	2.41	11.27	11.57	11.61	18.15	1.52	28.03	27.98
7/30/2020 2:23:36 PM	4.04	1.24	0.43	0.00	0.00	0.00	0.00	0.41	5.70	88.04	5.48	12.41	2140	1237	191	0	0	0	0	0	3569	133.61	5.91	2.34	11.22	11.53	11.57	18.12	1.54	27.98	27.98
7/30/2020 2:23:39 PM	4.22	1.24	0.38	0.00	0.00	0.00	0.00	0.39	5.84	87.66	5.61	11.52	2237	1237	170	0	0	0	0	0	3644	133.03	5.85	2.43	11.31	11.51	11.66	18.35	1.55	27.91	27.95
7/30/2020 2:23:41 PM	4.52	1.44	0.34	0.00	0.00	0.00	0.00	0.39	6.30	87.78	5.70	11.48	2394	1440	153	0	0	0	0	0	3988	133.21	6.14	2.63	12.89	12.00	12.24	19.18	1.56	27.86	27.93
7/30/2020 2:23:43 PM	4.39	1.29	0.40	0.00	0.00	0.00	0.00	0.39	6.09	87.92	5.78	11.48	2327	1293	181	0	0	0	0	0	3801	133.42	6.05	2.54	11.75	11.85	12.03	19.03	1.57	27.80	27.95
7/30/2020 2:23:46 PM	4.73	1.37	0.42	0.00	0.00	0.00	0.00	0.39	6.52	87.86	5.86	11.65	2506	1372	190	0	0	0	0	0	4068	133.33	6.38	2.60	12.55	12.38	12.53	20.19	1.57	27.75	27.87
7/30/2020 2:23:48 PM	4.68	1.31	0.33	0.00	0.00	0.00	0.00	0.39	6.32	88.20	5.93	11.69	2481	1314	147	0	0	0	0	0	3942	133.85	6.09	2.56	12.24	12.15	12.04	19.63	1.58	27.68	27.90
7/30/2020 2:23:50 PM	4.85	1.29	0.38	0.00	0.00	0.00	0.00	0.39	6.52	87.80	5.98	11.51	2569	1287	172	0	0	0	0	0	4028	133.25	6.28	2.51	12.09	12.45	12.38	20.40	1.59	27.63	27.85
7/30/2020 2:23:53 PM	4.32	1.19	0.37	0.00	0.00	0.00	0.00	0.41	5.87	88.05	6.15	11.31	2288	1186	165	0	0	0	0	0	3640	133.63	5.89	2.31	10.95	11.82	11.76	18.78	1.60	27.58	27.81
7/30/2020 2:23:55 PM	4.35	1.26	0.42	0.00	0.00	0.00	0.00	0.40	6.03	87.63	6.25	11.20	2307	1258	189	0	0	0	0	0	3754	132.99	6.11	2.31	11.64	11.94	11.86	19.09	1.61	27.52	27.81
7/30/2020 2:23:58 PM	4.67	1.31	0.42	0.00	0.00	0.00	0.00	0.39	6.40	88.00	6.26	11.27	2475	1306	191	0	0	0	0	0	3972	133.54	6.31	2.45	12.16	12.28	12.27	20.02	1.61	27.46	27.82
7/30/2020 2:24:00 PM	4.80	1.32	0.37	0.00	0.00	0.00	0.00	0.40	6.49	87.78	6.28	11.42	2544	1319	166	0	0	0	0	0	4028	133.22	6.28	2.44	12.25	12.46	12.41	20.26	1.62	27.40	27.79
7/30/2020 2:24:02 PM	4.56	1.25	0.36	0.00	0.00	0.00	0.00	0.40	6.17	87.99	6.41	11.44	2417	1246	162	0	0	0	0	0	3825	133.54	6.06	2.33	11.65	12.10	11.97	19.46	1.63	27.35	27.75
7/30/2020 2:24:05 PM	4.91	1.32	0.45	0.00	0.00	0.00	0.00	0.37	6.67	88.00	6.53	11.37	2600	1317	202	0	0	0	0	0	4119	133.55	6.44	2.60	12.34	12.46	12.61	20.72	1.64	27.28	27.74
7/30/2020 2:24:07 PM	4.90	1.37	0.51	0.00	0.00	0.00	0.00	0.39	6.78	87.37	6.62	11.60	2595	1372	231	0	0	0	0	0	4198	132.60	6.70	2.69	12.64	12.86	12.93	21.20	1.65	27.22	27.67
7/30/2020 2:24:09 PM	4.94	1.41	0.43	0.00	0.00	0.00	0.00	0.40	6.77	87.79	6.73	11.61	2616	1413	192	0	0	0	0	0	4220	133.23	6.59	2.62	13.00	12.84	12.81	20.98	1.66	27.17	27.70
7/30/2020 2:24:12 PM	5.18	1.40	0.46	0.00	0.00	0.00	0.00	0.37	7.05	88.20	6.81	11.51	2745	1403	209	0	0	0	0	0	4356	133.86	6.74	2.67	13.05	12.99	13.14	21.74	1.67	27.11	27.64
7/30/2020 2:24:14 PM	5.00	1.36	0.45	0.00	0.00	0.00	0.00	0.38	6.82	88.16	6.91	11.79	2652	1360	203	0	0	0	0	0	4216	133.79	6.60	2.55	12.77	12.78	12.75	21.18	1.68	27.05	27.65
7/30/2020 2:24:17 PM	5.84	1.53	0.50	0.00	0.00	0.00	0.00	0.35	7.87	88.22	6.98	12.10	3095	1533	223	0	0	0	0	0	4851	133.88	7.28	2.83	14.46	13.86	14.02	23.86	1.68	26.99	27.57
7/30/2020 2:24:19 PM	5.26	1.43	0.48	0.00	0.00	0.00	0.00	0.40	7.17	87.78	7.09	12.01	2787	1430	216	0	0	0	0	0	4433	133.21	6.91	2.78	13.20	13.44	13.42	22.30	1.69	26.93	27.60
7/30/2020 2:24:21 PM	4.98	1.34	0.51	0.00	0.00	0.00	0.00	0.41	6.83	88.06	7.19	11.60	2638	1339	230	0	0	0	0	0	4207	133.64	6.76	2.60	12.63	13.09	12.80	21.55	1.70	26.88	27.54
7/30/2020 2:24:24 PM	5.32	1.51	0.53	0.00	0.00	0.00	0.00	0.39	7.35	88.06	7.27	11.32	2817	1505	238	0	0	0	0	0	4560	133.64	7.11	2.84	13.93	13.50	13.51	22.59	1.71	26.81	27.51
7/30/2020 2:24:26 PM	5.31	1.37	0.62	0.00	0.00	0.00	0.00	0.38	7.30	87.92	7.34	11.34	2815	1368	280	0	0	0	0	0	4463	133.42	7.16	2.73	13.02	13.45	13.44	22.87	1.72	26.74	27.50
7/30/2020 2:24:29 PM	5.40	1.42	0.61	0.00	0.00	0.00	0.00	0.39	7.43	88.15	7.41	11.56	2863	1423	274	0	0	0	0	0	4560	133.78	7.27	2.87	13.40	13.77	13.66	23.26	1.73	26.70	27.44
7/30/2020 2:24:31 PM	5.74	1.44	0.60	0.00	0.00	0.00	0.00	0.35	7.78	88.43	7.50	11.86	3041	1444	269	0	0	0	0	0	4754	134.19	7.37	2.79	13.90	13.81	13.85	23.95	1.73	26.64	27.44
7/30/2020 2:24:33 PM	6.36	1.66	0.64	0.00	0.00	0.00	0.00	0.36	8.65	88.43	7.61	12.02	3372	1656	286	0	0	0	0	0	5314	134.20	8.04	3.32	15.70	15.02	14.99	26.26	1.75	26.58	27.44
7/30/2020 2:24:36 PM	5.59	1.53	0.74	0.00	0.00	0.00	0.00	0.40	7.86	88.48	7.66	11.71	2964	1530	331	0	0	0	0	0	4825	134.27	7.80	3.02	14.34	14.39	14.24	24.50	1.75	26.51	27.41
7/30/2020 2:24:38 PM	5.24	1.39	0.56	0.00	0.00	0.00	0.00	0.41	7.19	88.33	7.69	11.44	2777	1395	252	0	0	0	0	0	4424	134.05	7.09	2.79	13.20	13.61	13.26	22.64	1.75	26.46	27.35
7/30/2020 2:24:40 PM	5.91	1.55	0.52	0.00	0.00	0.00	0.00	0.38	7.98	87.83	7.72	11.82	3133	1554	232	0	0	0	0	0	4919	133.29	7.46	2.93	14.69	14.30	14.16	24.41	1.76	26.41	27.36
7/30/2020 2:24:43 PM	5.46	1.43	0.47	0.00	0.00	0.00	0.00	0.40	7.37	87.86	7.85	11.97	2896	1428	214	0	0	0	0	0	4538	133.34	7.01	2.84	13.52	13.67	13.40	22.89	1.77	26.34	27.32
7/30/2020 2:24:45 PM	5.64	1.44	0.73	0.00	0.00	0.00	0.00	0.39	7.81	88.39	7.96	11.58	2991	1439	327	0	0	0	0	0	4756	134.14	7.69	3.03	13.69	14.34	14.17	24.56	1.78	26.28	27.32
7/30/2020 2:24:48 PM	5.70	1.49	0.62	0.00	0.00	0.00	0.00	0.40	7.80	88.12	8.04	11.55	3019	1485	280	0	0	0	0	0	4784	133.72	7.56	2.84	13.93	14.33	14.24	24.33	1.79	26.22	27.29
7/30/2020 2:24:50 PM	5.44	1.43	0.61	0.00	0.00	0.00	0.00	0.41	7.48	88.44	8.13	11.66	2885	1426	274	0	0	0	0	0	4586	134.21	7.33	2.92	13.45	13.99	13.72	23.52	1.80	26.17	27.26
7/30/2020 2:24:52 PM	5.29	1.41	0.52	0.00	0.00	0.00	0.00	0.42	7.21	88.63	8.22	11.64	2804	1405	234	0	0	0	0	0	4443	134.51	7.05	2.75	13.22	13.72	13.35	22.71	1.81	26.11	27.16
7/30/2020 2:24:55 PM	5.84	1.60	0.46	0.00	0.00	0.00	0.00	0.43	7.91	88.35	8.29	11.68	3095	1602	209	0	0	0	0	0	4906	134.08	7.48	3.01	15.11	14.62	13.94	24.33	1.81	26.04	27.17
7/30/2020 2:24:57 PM	5.88	1.54	0.55	0.00	0.00	0.00	0.00	0.41	7.96	88.50	8.37	11.67	3114	1535	249	0	0	0	0	0	4899	134.30	7.55	3.06	14.30	14.57	14.43	24.68	1.82	25.99	27.12
7/30/2020 2:24:59 PM	6.26	1.55	0.69	0.00	0.00	0.00	0.00	0.38	8.50	88.12	8.45	11.54	3318	1551	311	0	0	0	0	0	5180	133.73	8.05	3.10	14.86	15.08	14.93	26.29	1.83	25.95	27.11
7/30/2020 2:25:02 PM	6.78	1.66	0.82	0.00	0.00	0.00	0.00	0.34	9.26	87.79	8.53	11.55	3596	1659	368	0	0	0	0	0	5623	133.23	8.66	3.33	15.77	15.77	16.07	28.30	1.84	25.88	27.09
7/30/2020 2:25:04 PM	6.42	1.56	0.59	0.00	0.00	0.00	0.00	0.38	8.58	88.45	8.60	11.60	3404	1563	266	0	0	0	0	0	5234	134.22	7.92	3.12	14.97	15.16	14.98	26.39	1.84	25.82	27.04
7/30/2020 2:25:07 PM	5.61	1.51	0.59	0.00	0.00	0.00	0.00	0.43	7.71	88.10	8.69	11.46	2971	1511	267	0	0	0	0	0	4749	133.71	7.54	2.89	14.13	14.48	14.05	24.16	1.85	25.75	27.06
7/30/2020 2:25:09 PM	5.76	1.55	0.70	0.00	0.00	0.00	0.00	0.40	8.01	88.38	8.76	11.22	3050	1550	316	0	0	0	0	0	4916	134.12	7.85	3.04	14.50	14.64	14.47	24.92	1.86	25.71	27.01
7/30/2020 2:25:11 PM	6.08	1.65	0.88	0.00	0.00	0.00	0.00	0.38	8.61	88.25	8.82	11.29	3225	1648	395	0	0	0	0	0	5267	133.93	8.49	3.28	15.49	15.22	15.21	26.58	1.86	25.64	27.00
7/30/2020 2:25:14 PM	6.38	1.52	0.61	0.00	0.00	0.00	0.00	0.38	8.51	88.52	8.92	11.34	3379	1524	274	0	0	0	0	0	5177	134.33	7.89	3.05	14.59	15.10	14.99	26.31	1.87	25.58	26.98
7/30/2020 2:25:16 PM	6.01	1.55	0.68	0.00	0.00	0.00	0.00	0.45	8.24	88.69	8.99	11.17	3187	1548	304	0	0	0	0	0	5039	134.59	8.05	3.16	14.68	15.42	14.69	26.00	1.88	25.53	26.93
7/30/2020 2:25:19 PM	6.13	1.51	0.65	0.00	0.00	0.00	0.00	0.41	8.29	88.33	9.09	11.11	3249	1505	292	0	0	0	0	0	5047	134.04	7.92	3.09	14.61	15.12	14.49	25.94	1.89	25.48	26.89
7/30/2020 2:25:21 PM	7.27	1.62	0.87	0.00	0.00	0.00	0.00	0.37	9.76	88.64	9.17	11.12	3854	1615	392	0	0	0	0	0	5861	134.51	9.13	3.29	16.14	16.84	16.30	30.33	1.90	25.42	26.90
7/30/2020 2:25:23 PM	7.62	1.75	1.15	0.00	0.00	0.00	0.00	0.36	10.52	87.82	9.21	11.08	4039	1754	518	0	0	0	0	0	6310	133.28	10.04	3.91	17.30	17.73	17.44	32.58	1.90	25.36	26.84
7/30/2020 2:25:26 PM	7.36	1.75	0.93	0.00	0.00	0.00	0.00	0.42	10.03	88.37	9.23	11.12	3899	1746	418	0	0	0	0	0	6064	134.11	9.53	3.69	16.96	17.58	16.89	31.24	1.90	25.31	26.81
7/30/2020 2:25:28 PM	8.05	1.85	0.94	0.00	0.00	0.00	0.00	0.39	10.85	88.55	9.32	11.38	4267	1854	425	0	0	0	0	0	6546	134.38	10.03	3.80	18.37	18.39	17.59	33.33	1.91	25.24	26.81
7/30/2020 2:25:30 PM	8.08	1.79	1.08	0.00	0.00	0.00	0.00	0.33	10.95	88.06	9.40	11.54	4281	1793	488	0	0	0	0	0	6562	133.64	10.13	3.78	17.81	17.98	17.91	33.52	1.92	25.20	26.74
7/30/2020 2:25:33 PM	6.90	1.66	0.93	0.00	0.00	0.00	0.00	0.42	9.49	88.53	9.54	11.41	3658	1656	419	0	0	0	0	0	5734	134.35	9.20	3.40	16.10	16.91	16.23	29.79	1.93	25.13	26.73
7/30/2020 2:25:35 PM	9.92	4.29	3.06	0.00	0.00	0.00	0.00	0.00	17.27	87.66	9.70	11.27	5259	4287	1375	0	0	0	0	0	10921	133.02	16.97	7.23	32.39	21.51	32.07	46.79	1.95	25.08	26.69
