Date/Time	Green Algae	Bluegreen	Diatoms	Cryptophyta	#5	#6	#7	Yellow substances	Total conc.	Transmission	Depth	Temp. Sample	Green Algae	Bluegreen	Diatoms	Cryptophyta	#5	#6	#7	Yellow substances	Total cell count	Trans. 700 nm	LED 3 [525 nm]	LED 4 [570 nm]	LED 5 [610 nm]	LED 6 [370 nm]	LED 7 [590 nm]	LED 8 [470 nm]	Pressure	Temp. LEDs	Temp. Sensor
date	µg/l	µg/l	µg/l	µg/l	µg/l	µg/l	µg/l	r.u.	µg/l	%	m	°C	cells/ml	cells/ml	cells/ml	cells/ml	cells/ml	cells/ml	cells/ml	r.u.	cells/ml	digits	digits	digits	digits	digits	digits	digits	bar	°C	°C
9/2/2020 4:12:16 PM	0.78	1.72	0.00	0.00	0.00	0.00	0.00	0.00	2.50	62.25	-1.02	29.28	416	1718	0	0	0	0	0	0	2134	94.45	0.99	5.36	12.00	1.18	7.84	3.31	0.90	29.69	29.94
9/2/2020 4:12:18 PM	0.00	2.00	0.00	0.00	0.00	0.00	0.00	0.00	2.00	62.27	-1.02	29.26	0	2000	0	0	0	0	0	0	2000	94.49	-0.46	0.58	10.45	2.69	11.55	-2.05	0.90	29.75	30.10
9/2/2020 4:12:21 PM	0.00	2.05	0.00	0.00	0.00	0.00	0.00	0.00	2.05	63.24	-1.02	29.26	0	2054	0	0	0	0	0	0	2054	95.95	1.44	4.13	10.47	1.33	11.12	-0.26	0.90	29.80	30.10
9/2/2020 4:12:23 PM	0.23	1.66	0.00	0.00	0.00	0.00	0.00	0.00	1.88	63.27	-1.03	29.26	121	1656	0	0	0	0	0	0	1777	96.00	0.61	-0.79	9.96	-0.50	9.69	1.86	0.90	29.86	30.09
9/2/2020 4:12:25 PM	0.00	1.56	0.00	0.00	0.00	0.00	0.00	0.00	1.56	63.89	-1.01	29.27	0	1562	0	0	0	0	0	0	1562	96.95	1.04	0.42	10.02	1.48	7.74	-0.64	0.90	29.92	30.08
9/2/2020 4:12:28 PM	0.00	1.23	0.00	0.00	0.00	0.00	0.00	0.00	1.23	64.89	-1.01	29.26	0	1229	0	0	0	0	0	0	1229	98.47	-0.07	1.54	7.10	-1.88	8.10	1.23	0.90	29.97	30.04
9/2/2020 4:12:30 PM	0.00	1.38	0.00	0.00	0.00	0.00	0.00	0.00	1.38	63.83	-1.02	29.26	0	1376	0	0	0	0	0	0	1376	96.85	1.05	0.96	9.65	-1.15	6.64	0.72	0.90	30.00	30.12
9/2/2020 4:12:33 PM	0.00	1.78	0.00	0.06	0.00	0.00	0.00	0.00	1.84	64.77	-1.01	29.25	0	1783	0	2	0	0	0	0	1784	98.29	3.50	2.98	9.69	0.16	9.83	-0.19	0.90	30.06	30.08
9/2/2020 4:12:35 PM	0.09	1.72	0.00	0.00	0.00	0.00	0.00	0.00	1.81	63.38	-1.02	29.24	48	1718	0	0	0	0	0	0	1766	96.18	-1.66	1.50	10.70	1.51	8.90	0.86	0.90	30.11	30.13
9/2/2020 4:12:37 PM	1.02	1.32	0.00	0.00	0.00	0.00	0.00	0.00	2.34	63.25	-1.03	29.22	541	1320	0	0	0	0	0	0	1861	95.97	1.49	-0.04	9.25	-0.20	8.59	4.43	0.90	30.15	30.18
9/2/2020 4:12:40 PM	0.23	1.10	0.00	0.00	0.00	0.00	0.00	0.00	1.33	64.49	-1.02	29.16	123	1097	0	0	0	0	0	0	1221	97.86	-0.27	-0.15	6.99	-1.38	7.75	1.93	0.90	30.19	30.17
9/2/2020 4:12:42 PM	0.13	1.88	0.00	0.00	0.00	0.00	0.00	0.00	2.00	63.87	-1.02	29.08	67	1877	0	0	0	0	0	0	1944	96.91	0.29	1.77	12.27	0.84	8.52	1.13	0.90	30.24	30.15
9/2/2020 4:12:44 PM	0.00	1.64	0.00	0.00	0.00	0.00	0.00	0.00	1.64	64.61	-1.02	29.05	0	1642	0	0	0	0	0	0	1642	98.04	-0.26	1.41	8.55	0.49	10.21	-0.06	0.90	30.30	30.19
9/2/2020 4:12:47 PM	0.00	1.17	0.00	0.00	0.00	0.00	0.00	0.00	1.17	65.60	-0.99	29.02	0	1168	0	0	0	0	0	0	1168	99.54	1.17	-1.63	8.23	-1.31	6.81	-1.25	0.90	30.33	30.23
9/2/2020 4:12:49 PM	13.76	18.24	2.11	0.00	0.00	0.00	0.00	0.00	34.11	100.00	-0.81	27.68	7291	18244	951	0	0	0	0	0	26486	152.80	28.89	17.25	99.91	35.69	90.93	59.66	0.92	30.38	30.23
9/2/2020 4:12:52 PM	15.91	18.92	2.17	0.00	0.00	0.00	0.00	0.00	37.00	100.00	-0.76	26.33	8430	18919	978	0	0	0	0	0	28327	161.34	30.92	17.26	105.31	38.83	95.37	67.28	0.93	30.43	30.20
9/2/2020 4:12:54 PM	15.52	18.87	2.48	0.00	0.00	0.00	0.00	0.00	36.87	100.00	-0.68	26.47	8225	18874	1117	0	0	0	0	0	28215	162.72	31.25	18.06	104.51	38.69	95.69	67.42	0.93	30.45	30.25
9/2/2020 4:12:56 PM	16.83	19.22	1.96	0.00	0.00	0.00	0.00	0.00	38.01	100.00	-0.61	26.59	8922	19219	881	0	0	0	0	0	29023	161.20	31.07	19.10	107.39	40.04	96.77	69.41	0.94	30.50	30.27
9/2/2020 4:12:59 PM	17.55	19.21	1.48	0.00	0.00	0.00	0.00	0.00	38.24	100.00	-0.49	26.29	9303	19209	665	0	0	0	0	0	29177	162.31	30.30	19.44	106.79	40.67	97.36	69.42	0.95	30.51	30.27
9/2/2020 4:13:01 PM	16.91	19.58	2.26	0.00	0.00	0.00	0.00	0.00	38.76	100.00	-0.43	25.94	8961	19583	1019	0	0	0	0	0	29563	161.93	32.17	18.86	108.34	41.26	99.86	70.98	0.96	30.56	30.29
9/2/2020 4:13:04 PM	17.70	19.72	1.74	0.00	0.00	0.00	0.00	0.00	39.16	100.00	-0.35	25.94	9380	19722	783	0	0	0	0	0	29885	162.50	31.54	18.90	109.43	41.73	100.18	71.20	0.97	30.60	30.28
9/2/2020 4:13:06 PM	17.32	19.84	1.85	0.00	0.00	0.00	0.00	0.00	39.01	100.00	-0.29	25.96	9181	19837	834	0	0	0	0	0	29852	161.89	31.76	19.19	110.46	41.68	99.64	70.44	0.97	30.61	30.33
9/2/2020 4:13:08 PM	16.12	20.04	1.79	0.00	0.00	0.00	0.00	0.00	37.95	100.00	-0.23	25.94	8545	20039	805	0	0	0	0	0	29390	162.21	31.10	18.86	109.48	40.57	100.23	66.14	0.98	30.66	30.30
9/2/2020 4:13:11 PM	16.46	19.84	1.89	0.00	0.00	0.00	0.00	0.00	38.19	100.00	-0.17	25.94	8724	19842	852	0	0	0	0	0	29417	160.78	31.14	20.07	109.02	40.26	99.68	67.97	0.98	30.68	30.35
9/2/2020 4:13:13 PM	16.72	20.03	1.28	0.00	0.00	0.00	0.00	0.00	38.03	100.00	-0.12	25.92	8862	20035	575	0	0	0	0	0	29471	161.61	30.40	17.80	109.77	40.95	99.90	65.61	0.99	30.71	30.37
9/2/2020 4:13:15 PM	15.48	19.61	1.89	0.00	0.00	0.00	0.00	0.06	36.98	100.00	-0.06	25.97	8203	19608	850	0	0	0	0	0	28661	162.20	30.82	18.28	106.74	40.66	98.36	64.66	0.99	30.74	30.33
9/2/2020 4:13:18 PM	14.90	20.27	1.55	0.00	0.00	0.00	0.00	0.13	36.72	100.00	-0.03	26.12	7896	20274	697	0	0	0	0	0	28867	162.69	30.30	19.85	109.31	40.45	99.76	62.05	1.00	30.77	30.38
9/2/2020 4:13:20 PM	15.33	20.52	1.60	0.00	0.00	0.00	0.00	0.00	37.45	100.00	0.01	26.13	8126	20519	718	0	0	0	0	0	29363	161.32	30.74	18.04	111.69	39.46	100.58	62.89	1.00	30.79	30.35
9/2/2020 4:13:23 PM	15.01	21.07	1.17	0.00	0.00	0.00	0.00	0.00	37.25	100.00	0.06	25.73	7955	21069	528	0	0	0	0	0	29552	162.30	29.95	19.35	113.82	38.90	101.59	60.09	1.01	30.81	30.39
9/2/2020 4:13:25 PM	13.98	21.72	1.55	0.00	0.00	0.00	0.00	0.00	37.26	100.00	0.12	25.10	7410	21722	698	0	0	0	0	0	29831	161.28	30.64	20.15	115.30	38.39	104.91	58.77	1.01	30.85	30.43
9/2/2020 4:13:27 PM	13.65	22.07	1.42	0.00	0.00	0.00	0.00	0.10	37.14	100.00	0.16	24.99	7235	22070	637	0	0	0	0	0	29942	161.81	30.84	19.99	117.05	39.54	105.41	57.84	1.02	30.86	30.42
9/2/2020 4:13:30 PM	14.97	21.71	1.01	0.00	0.00	0.00	0.00	0.04	37.69	100.00	0.21	25.10	7932	21710	455	0	0	0	0	0	30097	161.72	30.03	20.55	115.26	39.81	105.27	59.67	1.02	30.89	30.42
9/2/2020 4:13:32 PM	13.85	22.46	1.63	0.00	0.00	0.00	0.00	0.06	37.94	100.00	0.26	25.24	7338	22456	735	0	0	0	0	0	30529	161.68	31.73	20.15	119.24	40.06	107.36	59.22	1.03	30.90	30.44
9/2/2020 4:13:34 PM	14.13	22.50	1.18	0.00	0.00	0.00	0.00	0.09	37.81	100.00	0.33	25.39	7491	22496	532	0	0	0	0	0	30519	162.36	30.84	20.55	119.01	39.95	107.43	58.35	1.03	30.93	30.44
9/2/2020 4:13:37 PM	14.04	22.58	1.08	0.00	0.00	0.00	0.00	0.13	37.71	100.00	0.40	25.41	7442	22581	487	0	0	0	0	0	30510	161.16	30.71	20.65	119.03	40.20	107.84	58.03	1.04	30.95	30.45
9/2/2020 4:13:39 PM	14.28	22.67	0.92	0.00	0.00	0.00	0.00	0.05	37.88	100.00	0.44	25.06	7569	22673	416	0	0	0	0	0	30658	161.86	30.41	20.10	119.79	39.44	107.94	57.42	1.04	30.97	30.45
9/2/2020 4:13:42 PM	13.92	23.23	0.98	0.00	0.00	0.00	0.00	0.11	38.13	100.00	0.49	24.88	7380	23231	439	0	0	0	0	0	31050	161.59	30.98	20.69	122.62	40.10	109.49	57.19	1.05	30.97	30.47
9/2/2020 4:13:44 PM	12.92	22.57	1.69	0.00	0.00	0.00	0.00	0.09	37.19	100.00	0.55	25.10	6848	22571	762	0	0	0	0	0	30181	161.94	31.49	19.91	118.80	39.20	107.45	56.77	1.05	31.01	30.45
9/2/2020 4:13:46 PM	13.44	22.59	1.45	0.00	0.00	0.00	0.00	0.08	37.48	100.00	0.59	25.19	7124	22589	652	0	0	0	0	0	30365	162.24	31.10	20.67	118.83	39.43	107.82	57.29	1.06	31.02	30.45
9/2/2020 4:13:49 PM	13.60	23.42	1.27	0.00	0.00	0.00	0.00	0.11	38.29	100.00	0.63	25.30	7210	23419	571	0	0	0	0	0	31200	161.43	31.65	21.02	123.39	40.34	110.43	57.56	1.06	31.03	30.50
9/2/2020 4:13:51 PM	14.52	23.65	1.34	0.00	0.00	0.00	0.00	0.01	39.51	100.00	0.67	25.32	7695	23650	602	0	0	0	0	0	31947	161.49	32.25	20.99	124.66	40.83	112.84	60.02	1.07	31.06	30.48
9/2/2020 4:13:53 PM	14.93	23.06	1.99	0.00	0.00	0.00	0.00	0.00	39.98	100.00	0.69	25.26	7910	23062	898	0	0	0	0	0	31871	161.79	33.50	21.27	122.95	41.89	111.43	64.03	1.07	31.05	30.48
9/2/2020 4:13:56 PM	15.69	23.33	2.10	0.00	0.00	0.00	0.00	0.00	41.12	100.00	0.75	25.31	8314	23331	945	0	0	0	0	0	32591	162.13	34.52	21.53	125.79	43.40	112.40	67.01	1.07	31.07	30.49
9/2/2020 4:13:58 PM	13.93	22.18	2.96	0.00	0.00	0.00	0.00	0.06	39.07	100.00	0.82	25.04	7385	22179	1331	0	0	0	0	0	30895	161.93	34.58	21.09	118.50	42.22	108.56	65.25	1.08	31.08	30.50
9/2/2020 4:14:01 PM	14.14	22.14	3.93	0.00	0.00	0.00	0.00	0.00	40.20	100.00	0.88	24.88	7494	22139	1767	0	0	0	0	0	31399	161.78	36.85	21.02	119.78	43.14	109.36	69.83	1.09	31.10	30.54
9/2/2020 4:14:03 PM	14.76	22.54	3.71	0.00	0.00	0.00	0.00	0.00	41.01	100.00	0.92	24.89	7824	22541	1668	0	0	0	0	0	32033	161.73	37.06	21.23	122.37	43.78	110.90	71.07	1.09	31.10	30.57
9/2/2020 4:14:05 PM	14.17	21.57	6.16	0.00	0.00	0.00	0.00	0.00	41.91	100.00	0.97	24.79	7511	21573	2774	0	0	0	0	0	31858	161.58	41.80	21.58	119.76	46.75	109.14	79.55	1.09	31.12	30.54
9/2/2020 4:14:08 PM	14.23	21.44	6.07	0.00	0.00	0.00	0.00	0.00	41.73	100.00	1.02	24.83	7541	21437	2731	0	0	0	0	0	31709	161.85	41.48	21.41	118.86	46.54	108.77	79.28	1.10	31.13	30.54
9/2/2020 4:14:10 PM	14.15	21.56	5.71	0.00	0.00	0.00	0.00	0.02	41.42	100.00	1.05	24.71	7499	21562	2568	0	0	0	0	0	31629	162.21	40.73	21.37	118.89	46.33	108.92	77.49	1.10	31.13	30.53
9/2/2020 4:14:13 PM	12.70	20.03	6.10	0.00	0.00	0.00	0.00	0.07	38.83	100.00	1.07	24.70	6732	20035	2743	0	0	0	0	0	29510	162.20	39.67	19.74	110.73	44.32	102.28	74.48	1.10	31.14	30.55
9/2/2020 4:14:15 PM	13.16	20.02	6.33	0.00	0.00	0.00	0.00	0.03	39.51	100.00	1.10	24.93	6975	20021	2849	0	0	0	0	0	29845	162.38	40.38	20.37	111.68	44.98	102.33	76.67	1.11	31.15	30.55
9/2/2020 4:14:17 PM	13.30	20.10	6.19	0.00	0.00	0.00	0.00	0.01	39.59	100.00	1.12	24.92	7047	20105	2787	0	0	0	0	0	29939	162.18	40.18	20.33	112.40	44.77	102.24	76.33	1.11	31.15	30.52
9/2/2020 4:14:20 PM	13.06	19.83	6.07	0.00	0.00	0.00	0.00	0.11	38.96	100.00	1.16	24.81	6923	19827	2730	0	0	0	0	0	29481	162.68	39.76	20.26	110.82	45.09	100.83	75.78	1.11	31.16	30.54
9/2/2020 4:14:22 PM	13.05	19.53	6.54	0.00	0.00	0.00	0.00	0.00	39.12	100.00	1.19	24.86	6915	19530	2943	0	0	0	0	0	29388	163.06	40.32	20.27	109.74	44.47	100.15	76.83	1.12	31.16	30.54
9/2/2020 4:14:24 PM	12.66	19.27	6.38	0.00	0.00	0.00	0.00	0.07	38.31	100.00	1.23	24.81	6708	19274	2873	0	0	0	0	0	28854	163.52	39.62	19.84	107.12	44.22	99.71	75.39	1.12	31.17	30.57
9/2/2020 4:14:27 PM	11.63	18.67	6.70	0.00	0.00	0.00	0.00	0.09	36.99	100.00	1.26	24.68	6162	18668	3013	0	0	0	0	0	27843	163.52	39.27	19.73	103.97	43.01	96.43	73.39	1.12	31.17	30.57
9/2/2020 4:14:29 PM	11.18	18.41	6.46	0.00	0.00	0.00	0.00	0.14	36.05	100.00	1.29	24.62	5926	18406	2907	0	0	0	0	0	27239	163.24	38.35	19.56	102.56	42.25	94.31	71.19	1.13	31.17	30.59
9/2/2020 4:14:32 PM	11.40	18.08	6.52	0.00	0.00	0.00	0.00	0.14	35.99	100.00	1.34	24.59	6040	18077	2934	0	0	0	0	0	27051	164.21	38.38	19.22	101.33	42.47	93.19	72.09	1.13	31.17	30.59
9/2/2020 4:14:34 PM	11.29	17.88	6.56	0.00	0.00	0.00	0.00	0.08	35.73	100.00	1.39	24.45	5982	17884	2951	0	0	0	0	0	26817	163.43	38.04	18.95	99.85	41.55	92.85	71.32	1.14	31.17	30.58
9/2/2020 4:14:36 PM	11.12	17.79	6.01	0.00	0.00	0.00	0.00	0.15	34.92	100.00	1.42	24.33	5895	17793	2703	0	0	0	0	0	26391	163.63	36.79	18.30	98.91	41.10	91.70	68.95	1.14	31.17	30.58
9/2/2020 4:14:39 PM	10.34	17.05	5.83	0.00	0.00	0.00	0.00	0.27	33.21	100.00	1.47	24.42	5478	17047	2623	0	0	0	0	0	25148	164.17	35.53	18.05	94.76	40.29	87.69	66.32	1.14	31.17	30.57
9/2/2020 4:14:41 PM	9.97	15.63	6.23	0.00	0.00	0.00	0.00	0.27	31.83	100.00	1.51	24.56	5286	15626	2805	0	0	0	0	0	23717	164.47	35.12	16.63	88.17	39.41	82.21	66.48	1.15	31.18	30.57
9/2/2020 4:14:43 PM	8.55	13.93	6.40	0.00	0.00	0.00	0.00	0.35	28.88	100.00	1.56	24.54	4531	13930	2881	0	0	0	0	0	21341	165.57	33.43	15.15	78.84	37.25	74.81	62.76	1.15	31.17	30.58
9/2/2020 4:14:46 PM	7.77	11.75	5.47	0.00	0.00	0.00	0.00	0.42	24.99	100.00	1.64	24.24	4119	11752	2460	0	0	0	0	0	18331	167.00	29.05	13.09	67.13	33.60	64.33	55.98	1.16	31.17	30.57
9/2/2020 4:14:48 PM	5.07	7.13	5.10	0.00	0.00	0.00	0.00	0.70	17.29	100.00	1.72	23.82	2685	7127	2295	0	0	0	0	0	12107	169.48	23.31	9.65	43.11	28.44	42.88	46.34	1.17	31.17	30.58
9/2/2020 4:14:51 PM	4.91	7.18	5.19	0.22	0.00	0.00	0.00	0.72	17.50	100.00	1.80	23.62	2602	7182	2338	6	0	0	0	0	12128	169.68	24.16	10.61	43.73	29.01	43.97	47.39	1.18	31.17	30.57
9/2/2020 4:14:53 PM	5.37	7.86	6.05	0.10	0.00	0.00	0.00	0.58	19.38	100.00	1.87	23.51	2847	7858	2724	3	0	0	0	0	13432	168.60	26.31	11.41	47.66	30.00	47.62	51.24	1.18	31.17	30.57
9/2/2020 4:14:55 PM	6.26	8.24	6.20	1.01	0.00	0.00	0.00	0.50	21.71	100.00	1.93	23.48	3318	8237	2790	30	0	0	0	0	14375	168.96	30.16	13.10	52.30	32.60	53.75	58.25	1.19	31.17	30.58
9/2/2020 4:14:58 PM	6.81	8.05	5.99	1.46	0.00	0.00	0.00	0.46	22.31	100.00	1.98	23.65	3610	8047	2695	44	0	0	0	0	14397	168.84	31.15	13.31	52.64	33.26	55.06	60.69	1.19	31.16	30.58
9/2/2020 4:15:00 PM	6.80	8.24	6.17	2.10	0.00	0.00	0.00	0.41	23.31	100.00	2.03	23.80	3606	8237	2776	63	0	0	0	0	14683	168.69	33.55	15.73	55.66	34.38	57.81	63.98	1.20	31.16	30.57
9/2/2020 4:15:03 PM	5.75	7.47	6.30	2.46	0.00	0.00	0.00	0.46	21.98	100.00	2.07	23.85	3045	7472	2837	74	0	0	0	0	13428	168.97	33.91	14.72	52.04	33.59	55.71	62.85	1.20	31.17	30.54
9/2/2020 4:15:05 PM	6.15	6.51	5.36	2.73	0.00	0.00	0.00	0.49	20.74	100.00	2.10	23.89	3257	6509	2411	82	0	0	0	0	12259	167.97	32.01	13.74	47.67	32.62	52.09	61.07	1.21	31.15	30.55
9/2/2020 4:15:07 PM	6.11	7.12	6.08	1.93	0.00	0.00	0.00	0.48	21.23	100.00	2.13	23.93	3237	7120	2734	58	0	0	0	0	13149	169.27	31.66	13.82	49.38	32.74	52.07	60.72	1.21	31.14	30.60
9/2/2020 4:15:10 PM	6.46	7.81	6.48	1.34	0.00	0.00	0.00	0.46	22.09	100.00	2.16	23.95	3424	7806	2917	40	0	0	0	0	14187	169.00	31.52	13.58	51.68	33.20	53.52	61.11	1.21	31.15	30.54
9/2/2020 4:15:12 PM	6.77	7.34	6.32	2.12	0.00	0.00	0.00	0.43	22.55	100.00	2.19	23.88	3586	7344	2845	64	0	0	0	0	13839	168.76	33.25	15.20	51.89	34.12	54.14	64.44	1.21	31.14	30.57
9/2/2020 4:15:14 PM	7.43	6.37	5.30	4.54	0.00	0.00	0.00	0.38	23.63	100.00	2.22	23.71	3939	6365	2383	136	0	0	0	0	12823	168.71	37.83	17.62	52.74	36.31	58.81	71.96	1.22	31.13	30.55
9/2/2020 4:15:17 PM	7.73	6.17	5.76	4.83	0.00	0.00	0.00	0.39	24.48	100.00	2.26	23.63	4097	6166	2591	145	0	0	0	0	13000	169.52	39.91	17.58	53.04	37.92	60.17	76.21	1.22	31.13	30.58
9/2/2020 4:15:19 PM	7.84	6.33	5.26	5.13	0.00	0.00	0.00	0.41	24.57	100.00	2.29	23.58	4156	6334	2369	154	0	0	0	0	13013	168.67	39.93	18.07	54.15	38.12	61.59	75.95	1.22	31.12	30.54
9/2/2020 4:15:22 PM	8.26	6.34	5.53	6.68	0.00	0.00	0.00	0.45	26.80	100.00	2.33	23.31	4377	6338	2488	200	0	0	0	0	13403	169.52	45.75	21.15	58.69	42.34	67.98	85.62	1.23	31.13	30.55
9/2/2020 4:15:24 PM	9.52	7.05	6.20	10.62	0.00	0.00	0.00	0.54	33.40	100.00	2.36	23.00	5048	7055	2789	319	0	0	0	0	15211	167.62	61.27	28.17	73.00	53.63	88.23	110.89	1.23	31.11	30.53
9/2/2020 4:15:26 PM	8.01	7.41	6.66	8.80	0.00	0.00	0.00	0.59	30.88	100.00	2.40	22.98	4246	7411	2997	264	0	0	0	0	14918	168.14	56.15	26.80	69.93	49.95	81.29	100.65	1.23	31.10	30.57
9/2/2020 4:15:29 PM	8.58	10.74	8.92	8.34	0.00	0.00	0.00	0.64	36.58	100.00	2.43	22.83	4545	10743	4013	250	0	0	0	0	19552	167.00	63.25	31.42	87.06	56.89	95.83	111.93	1.24	31.09	30.55
9/2/2020 4:15:31 PM	8.24	11.53	9.17	8.91	0.00	0.00	0.00	0.76	37.84	100.00	2.47	22.40	4367	11528	4125	267	0	0	0	0	20288	164.41	66.41	32.50	91.71	59.63	101.75	115.65	1.24	31.08	30.55
9/2/2020 4:15:33 PM	7.93	9.60	7.86	9.20	0.00	0.00	0.00	0.74	34.59	100.00	2.50	22.25	4202	9601	3538	276	0	0	0	0	17617	165.58	62.46	29.66	81.81	55.82	93.61	109.41	1.25	31.06	30.55
9/2/2020 4:15:36 PM	8.95	13.52	10.62	8.03	0.00	0.00	0.00	0.68	41.12	100.00	2.53	22.20	4745	13517	4778	241	0	0	0	0	23281	163.27	68.92	34.89	101.06	62.32	108.15	120.52	1.25	31.06	30.57
9/2/2020 4:15:38 PM	9.77	15.56	11.35	11.96	0.00	0.00	0.00	0.91	48.63	100.00	2.55	22.13	5177	15560	5106	359	0	0	0	0	26201	161.84	85.75	42.83	120.94	75.51	133.88	146.15	1.25	31.05	30.58
9/2/2020 4:15:41 PM	10.17	15.41	11.30	13.30	0.00	0.00	0.00	1.03	50.17	100.00	2.58	22.16	5389	15410	5084	399	0	0	0	0	26281	159.22	90.30	44.15	123.53	79.48	139.19	154.03	1.25	31.04	30.52
9/2/2020 4:15:43 PM	11.59	19.02	17.58	14.59	0.00	0.00	0.00	1.17	62.79	100.00	2.61	21.89	6144	19024	7911	438	0	0	0	0	33517	154.98	113.50	53.67	150.93	98.76	166.83	194.33	1.26	31.03	30.57
9/2/2020 4:15:45 PM	17.20	22.82	20.11	18.65	0.00	0.00	0.00	1.48	78.79	98.11	2.65	21.42	9118	22818	9050	560	0	0	0	0	41546	148.90	139.49	66.48	185.48	124.34	205.65	245.18	1.26	31.01	30.52
9/2/2020 4:15:48 PM	16.65	20.74	18.87	24.59	0.00	0.00	0.00	1.96	80.85	97.27	2.70	21.19	8826	20742	8490	738	0	0	0	0	38796	147.62	154.55	69.66	187.40	135.15	220.45	267.19	1.26	31.00	30.53
9/2/2020 4:15:50 PM	15.22	23.70	22.71	16.32	0.00	0.00	0.00	1.48	77.96	97.19	2.71	21.02	8069	23700	10220	490	0	0	0	0	42479	147.50	137.88	65.44	185.20	122.51	200.94	240.27	1.27	30.97	30.54
9/2/2020 4:15:53 PM	14.06	21.12	19.69	21.05	0.00	0.00	0.00	1.79	75.91	98.68	2.75	21.06	7450	21117	8860	632	0	0	0	0	38057	149.76	143.65	65.99	179.82	125.14	206.04	245.62	1.27	30.98	30.50
9/2/2020 4:15:55 PM	16.33	22.66	22.42	21.11	0.00	0.00	0.00	2.07	82.53	97.31	2.78	21.22	8656	22663	10088	633	0	0	0	0	42040	147.68	153.74	69.36	191.80	137.30	217.73	268.06	1.27	30.95	30.55
9/2/2020 4:15:57 PM	16.03	21.61	21.05	21.21	0.00	0.00	0.00	2.25	79.90	97.47	2.81	21.09	8494	21613	9474	636	0	0	0	0	40217	147.92	150.26	66.95	185.36	135.75	212.65	262.60	1.27	30.93	30.52
9/2/2020 4:16:00 PM	15.49	21.08	20.49	21.56	0.00	0.00	0.00	2.21	78.62	97.29	2.84	20.98	8211	21081	9219	647	0	0	0	0	39158	147.65	149.13	66.75	182.80	133.78	210.62	259.39	1.28	30.92	30.53
9/2/2020 4:16:02 PM	17.45	21.15	20.27	20.89	0.00	0.00	0.00	1.95	79.76	97.31	2.86	20.97	9250	21146	9120	627	0	0	0	0	40143	147.68	147.03	66.47	183.03	132.43	209.24	259.74	1.28	30.91	30.50
9/2/2020 4:16:04 PM	16.32	21.44	20.95	20.44	0.00	0.00	0.00	1.96	79.14	97.25	2.90	20.97	8650	21436	9427	613	0	0	0	0	40126	147.58	146.82	66.17	182.99	131.46	208.47	257.25	1.28	30.89	30.48
9/2/2020 4:16:07 PM	15.57	19.22	18.75	18.69	0.00	0.00	0.00	1.98	72.23	97.54	2.94	20.68	8252	19219	8438	561	0	0	0	0	36470	148.02	133.86	60.44	166.04	122.09	189.32	236.88	1.29	30.88	30.54
9/2/2020 4:16:09 PM	13.36	20.57	21.05	17.16	0.00	0.00	0.00	1.99	72.14	97.70	2.98	20.30	7078	20567	9474	515	0	0	0	0	37635	148.27	134.37	60.72	169.21	121.37	189.30	233.75	1.29	30.85	30.50
9/2/2020 4:16:12 PM	13.62	19.54	20.13	15.81	0.00	0.00	0.00	1.98	69.11	97.51	3.01	20.26	7221	19538	9061	474	0	0	0	0	36293	147.98	127.25	57.21	160.62	116.95	179.04	224.23	1.30	30.84	30.48
9/2/2020 4:16:14 PM	14.74	15.47	15.09	14.43	0.00	0.00	0.00	1.73	59.73	97.56	3.05	20.05	7812	15467	6792	433	0	0	0	0	30504	148.07	107.61	47.07	133.90	101.65	153.10	196.03	1.30	30.81	30.47
9/2/2020 4:16:16 PM	16.58	14.77	14.43	5.61	0.00	0.00	0.00	1.34	51.39	96.71	3.07	19.79	8788	14770	6493	168	0	0	0	0	30219	146.77	77.85	33.65	110.80	83.14	116.08	156.89	1.30	30.79	30.49
9/2/2020 4:16:19 PM	17.85	12.92	12.02	5.45	0.00	0.00	0.00	1.30	48.25	96.06	3.10	19.90	9463	12918	5410	164	0	0	0	0	27955	145.79	70.84	29.26	100.11	78.77	107.05	148.78	1.30	30.78	30.43
9/2/2020 4:16:21 PM	17.94	14.37	12.93	7.81	0.00	0.00	0.00	1.33	53.06	96.18	3.13	19.84	9508	14375	5819	234	0	0	0	0	29936	145.97	81.70	34.87	113.36	85.96	123.25	164.12	1.31	30.75	30.45
9/2/2020 4:16:23 PM	18.69	14.13	12.15	10.15	0.00	0.00	0.00	1.37	55.11	96.77	3.15	19.56	9903	14135	5466	304	0	0	0	0	29809	146.86	87.50	37.69	117.57	89.99	131.28	173.57	1.31	30.74	30.44
9/2/2020 4:16:26 PM	19.21	14.56	12.16	8.25	0.00	0.00	0.00	1.43	54.18	95.80	3.17	19.41	10183	14562	5470	248	0	0	0	0	30463	145.38	82.32	36.78	116.06	88.41	125.36	167.60	1.31	30.71	30.44
9/2/2020 4:16:28 PM	20.57	14.62	11.32	5.84	0.00	0.00	0.00	1.32	52.35	95.92	3.21	19.21	10901	14621	5093	175	0	0	0	0	30791	145.57	73.31	33.14	110.90	83.55	116.32	156.77	1.31	30.70	30.44
9/2/2020 4:16:31 PM	19.66	15.59	12.58	1.97	0.00	0.00	0.00	1.30	49.80	95.45	3.23	18.78	10420	15586	5661	59	0	0	0	0	31727	144.86	64.37	29.42	106.88	78.20	105.46	142.60	1.32	30.66	30.44
9/2/2020 4:16:33 PM	19.19	13.26	9.04	2.82	0.00	0.00	0.00	1.42	44.31	93.70	3.26	18.72	10173	13261	4066	84	0	0	0	0	27584	142.20	56.62	27.34	94.66	72.40	94.55	129.35	1.32	30.63	30.44
9/2/2020 4:16:35 PM	19.34	12.98	9.68	0.40	0.00	0.00	0.00	1.23	42.39	92.90	3.27	18.94	10250	12976	4354	12	0	0	0	0	27593	140.98	50.06	21.81	87.60	67.27	85.75	120.40	1.32	30.61	30.40
9/2/2020 4:16:38 PM	19.67	11.62	7.57	1.91	0.00	0.00	0.00	1.22	40.77	92.98	3.31	18.89	10423	11620	3408	57	0	0	0	0	25508	141.11	48.89	20.75	82.75	65.65	84.62	118.31	1.32	30.59	30.40
9/2/2020 4:16:40 PM	19.89	12.29	7.69	0.00	0.00	0.00	0.00	1.25	39.87	92.34	3.33	18.80	10542	12285	3461	0	0	0	0	0	26288	140.13	44.04	19.37	83.50	63.66	78.11	111.58	1.33	30.56	30.43
9/2/2020 4:16:42 PM	19.79	10.81	5.86	0.00	0.00	0.00	0.00	1.39	36.46	92.76	3.35	18.76	10488	10809	2637	0	0	0	0	0	23934	140.78	38.74	16.39	74.13	60.62	70.96	103.77	1.33	30.53	30.38
9/2/2020 4:16:45 PM	19.31	9.93	4.74	0.00	0.00	0.00	0.00	1.37	33.97	93.34	3.38	18.73	10232	9931	2132	0	0	0	0	0	22295	141.65	35.09	14.46	69.09	57.13	65.24	96.81	1.33	30.50	30.40
9/2/2020 4:16:47 PM	18.99	9.51	4.47	0.00	0.00	0.00	0.00	1.33	32.98	94.16	3.39	18.61	10066	9513	2013	0	0	0	0	0	21591	142.89	33.84	13.58	66.39	55.55	63.25	94.21	1.33	30.48	30.38
9/2/2020 4:16:50 PM	19.36	10.10	4.66	0.00	0.00	0.00	0.00	1.35	34.12	93.45	3.40	18.55	10262	10102	2097	0	0	0	0	0	22461	141.82	35.06	14.60	70.09	57.03	65.62	96.56	1.33	30.44	30.35
9/2/2020 4:16:52 PM	19.30	10.66	4.80	0.00	0.00	0.00	0.00	1.37	34.76	94.08	3.43	18.59	10231	10656	2162	0	0	0	0	0	23048	142.78	35.81	16.00	73.00	57.80	67.59	97.33	1.34	30.42	30.33
9/2/2020 4:16:54 PM	17.31	9.41	2.92	0.00	0.00	0.00	0.00	1.58	29.65	95.38	3.46	18.34	9175	9415	1316	0	0	0	0	0	19906	144.74	29.74	13.11	63.85	53.02	59.01	83.97	1.34	30.39	30.33
9/2/2020 4:16:57 PM	15.10	8.41	1.84	0.00	0.00	0.00	0.00	1.67	25.34	97.86	3.50	17.97	8002	8409	826	0	0	0	0	0	17237	148.51	25.22	11.20	56.19	48.14	52.04	72.44	1.34	30.35	30.32
9/2/2020 4:16:59 PM	14.85	8.10	1.58	0.00	0.00	0.00	0.00	1.67	24.53	98.75	3.52	17.68	7870	8096	712	0	0	0	0	0	16677	149.86	24.20	10.69	54.09	47.12	50.49	70.42	1.35	30.33	30.32
9/2/2020 4:17:02 PM	15.09	8.17	1.81	0.00	0.00	0.00	0.00	1.62	25.07	99.01	3.55	17.75	7999	8174	814	0	0	0	0	0	16987	150.27	24.81	10.88	54.74	47.40	51.37	71.83	1.35	30.29	30.33
9/2/2020 4:17:04 PM	16.23	8.80	2.24	0.00	0.00	0.00	0.00	1.57	27.27	97.57	3.57	17.92	8600	8798	1009	0	0	0	0	0	18408	148.07	26.94	12.11	59.65	49.74	54.56	77.19	1.35	30.26	30.29
9/2/2020 4:17:06 PM	15.86	8.81	2.29	0.00	0.00	0.00	0.00	1.66	26.95	98.67	3.60	17.83	8403	8806	1032	0	0	0	0	0	18241	149.75	27.05	12.12	59.20	50.18	54.67	76.92	1.35	30.22	30.29
9/2/2020 4:17:09 PM	15.40	8.47	2.13	0.00	0.00	0.00	0.00	1.66	26.01	98.77	3.65	17.77	8163	8474	960	0	0	0	0	0	17597	149.90	26.10	11.53	56.66	49.04	53.28	74.68	1.36	30.19	30.29
9/2/2020 4:17:11 PM	14.86	8.23	1.87	0.00	0.00	0.00	0.00	1.68	24.96	99.20	3.69	17.67	7878	8228	842	0	0	0	0	0	16948	150.55	25.03	11.14	55.04	47.86	51.32	71.89	1.36	30.16	30.20
9/2/2020 4:17:13 PM	14.02	8.06	1.70	0.00	0.00	0.00	0.00	1.71	23.78	100.00	3.71	17.36	7432	8063	764	0	0	0	0	0	16259	152.33	24.06	10.69	53.51	46.50	49.66	68.56	1.36	30.13	30.23
9/2/2020 4:17:16 PM	12.20	7.65	1.43	0.00	0.00	0.00	0.00	1.78	21.27	100.00	3.74	16.97	6465	7647	643	0	0	0	0	0	14755	153.85	22.16	10.10	49.86	43.86	46.10	61.95	1.37	30.10	30.23
9/2/2020 4:17:18 PM	12.40	7.45	1.15	0.00	0.00	0.00	0.00	1.72	21.01	100.00	3.77	16.81	6572	7453	519	0	0	0	0	0	14544	153.90	21.30	9.95	49.03	42.87	44.90	60.80	1.37	30.07	30.23
9/2/2020 4:17:21 PM	12.34	7.47	1.39	0.00	0.00	0.00	0.00	1.72	21.19	100.00	3.80	16.91	6540	7467	625	0	0	0	0	0	14631	155.38	21.85	9.78	48.93	43.25	45.59	61.70	1.37	30.03	30.17
9/2/2020 4:17:23 PM	11.93	7.07	1.31	0.00	0.00	0.00	0.00	1.68	20.31	100.00	3.83	16.95	6323	7067	589	0	0	0	0	0	13979	157.29	20.93	9.27	46.31	41.74	43.84	59.53	1.38	29.99	30.18
9/2/2020 4:17:25 PM	10.79	6.69	0.92	0.00	0.00	0.00	0.00	1.67	18.40	100.00	3.89	16.55	5720	6691	412	0	0	0	0	0	12823	158.10	19.03	8.58	43.52	39.15	40.60	54.00	1.38	29.95	30.18
9/2/2020 4:17:28 PM	7.23	4.98	0.58	0.00	0.00	0.00	0.00	1.41	12.80	100.00	3.93	16.10	3832	4982	263	0	0	0	0	0	9077	162.90	13.98	6.42	31.99	29.53	30.25	38.43	1.39	29.91	30.18
9/2/2020 4:17:30 PM	7.51	4.90	0.54	0.00	0.00	0.00	0.00	1.27	12.95	100.00	3.96	16.02	3978	4902	242	0	0	0	0	0	9122	164.83	13.57	6.44	31.78	28.30	29.95	37.92	1.39	29.89	30.13
9/2/2020 4:17:33 PM	7.77	5.16	0.62	0.00	0.00	0.00	0.00	1.34	13.56	100.00	4.00	16.18	4119	5161	280	0	0	0	0	0	9560	165.12	14.35	6.74	33.30	29.80	31.40	39.85	1.39	29.84	30.14
9/2/2020 4:17:35 PM	8.56	5.37	0.72	0.00	0.00	0.00	0.00	1.41	14.64	100.00	4.03	16.24	4538	5365	323	0	0	0	0	0	10226	164.43	15.39	7.12	34.91	31.94	33.18	43.42	1.40	29.80	30.05
9/2/2020 4:17:37 PM	9.17	5.76	0.75	0.00	0.00	0.00	0.00	1.44	15.68	100.00	4.06	16.14	4861	5757	338	0	0	0	0	0	10956	164.47	16.23	7.58	37.49	33.40	35.12	45.84	1.40	29.76	30.09
9/2/2020 4:17:40 PM	7.90	5.05	1.03	0.00	0.00	0.00	0.00	1.36	13.98	100.00	4.10	16.16	4189	5048	465	0	0	0	0	0	9701	163.57	15.29	6.58	32.42	30.70	32.49	42.14	1.40	29.71	30.08
9/2/2020 4:17:42 PM	7.66	4.96	0.81	0.00	0.00	0.00	0.00	1.24	13.43	100.00	4.14	16.06	4058	4956	366	0	0	0	0	0	9380	164.55	14.29	6.54	32.23	28.76	30.80	39.43	1.41	29.68	30.07
9/2/2020 4:17:44 PM	6.56	4.53	0.81	0.00	0.00	0.00	0.00	1.23	11.90	100.00	4.17	15.74	3478	4529	364	0	0	0	0	0	8372	164.58	13.22	6.17	29.24	26.75	28.19	35.67	1.41	29.65	30.00
9/2/2020 4:17:47 PM	6.13	4.12	0.61	0.00	0.00	0.00	0.00	1.08	10.86	100.00	4.20	15.69	3250	4118	273	0	0	0	0	0	7641	166.01	11.78	5.36	26.81	23.94	25.75	32.05	1.41	29.59	30.03
9/2/2020 4:17:49 PM	5.70	4.05	0.76	0.00	0.00	0.00	0.00	1.07	10.51	100.00	4.22	15.96	3019	4047	344	0	0	0	0	0	7409	166.32	11.77	5.37	26.04	23.39	25.48	31.20	1.41	29.55	30.03
9/2/2020 4:17:52 PM	6.79	4.54	0.61	0.00	0.00	0.00	0.00	1.11	11.93	100.00	4.25	15.94	3596	4535	274	0	0	0	0	0	8406	166.50	12.61	6.08	29.63	25.52	27.65	34.55	1.42	29.51	29.99
9/2/2020 4:17:54 PM	6.27	4.23	0.46	0.00	0.00	0.00	0.00	1.12	10.96	100.00	4.29	15.75	3324	4228	209	0	0	0	0	0	7760	165.24	11.73	5.44	27.58	24.36	25.89	32.19	1.42	29.47	29.97
9/2/2020 4:17:56 PM	4.98	3.70	0.61	0.00	0.00	0.00	0.00	0.92	9.29	100.00	4.33	15.67	2640	3699	273	0	0	0	0	0	6612	164.73	10.29	4.97	23.86	20.28	22.89	26.87	1.42	29.44	29.95
9/2/2020 4:17:59 PM	3.77	3.18	0.69	0.00	0.00	0.00	0.00	0.80	7.64	100.00	4.36	15.44	1996	3179	312	0	0	0	0	0	5487	162.93	9.05	4.17	20.30	17.15	19.96	22.27	1.43	29.40	29.95
9/2/2020 4:18:01 PM	3.55	2.82	0.61	0.00	0.00	0.00	0.00	0.60	6.99	100.00	4.39	15.24	1883	2822	275	0	0	0	0	0	4979	163.35	7.88	3.76	18.32	14.29	18.06	19.43	1.43	29.34	29.95
9/2/2020 4:18:03 PM	3.08	2.46	0.53	0.00	0.00	0.00	0.00	0.47	6.07	100.00	4.41	15.33	1630	2465	239	0	0	0	0	0	4334	162.19	6.77	3.10	15.98	11.87	16.22	16.39	1.43	29.31	29.92
9/2/2020 4:18:06 PM	4.20	3.43	0.62	0.00	0.00	0.00	0.00	0.66	8.25	100.00	4.44	15.32	2226	3428	278	0	0	0	0	0	5932	162.88	8.98	4.55	22.09	16.37	20.70	22.26	1.43	29.26	29.84
9/2/2020 4:18:08 PM	4.34	3.41	0.50	0.00	0.00	0.00	0.00	0.76	8.25	100.00	4.46	15.11	2298	3406	227	0	0	0	0	0	5931	163.81	9.06	4.38	22.18	17.35	20.55	22.98	1.44	29.21	29.84
9/2/2020 4:18:11 PM	3.70	2.86	0.57	0.00	0.00	0.00	0.00	0.65	7.13	100.00	4.48	15.09	1963	2862	255	0	0	0	0	0	5080	163.15	8.02	3.88	18.41	15.05	18.55	20.20	1.44	29.16	29.87
9/2/2020 4:18:13 PM	3.07	2.63	0.45	0.00	0.00	0.00	0.00	0.56	6.16	100.00	4.51	15.04	1628	2635	202	0	0	0	0	0	4466	163.84	6.97	3.40	17.00	12.82	16.56	16.82	1.44	29.12	29.84
9/2/2020 4:18:15 PM	2.68	2.34	0.35	0.00	0.00	0.00	0.00	0.50	5.37	100.00	4.54	14.92	1422	2336	158	0	0	0	0	0	3916	163.32	6.10	3.01	15.06	11.28	14.99	14.57	1.44	29.08	29.83
9/2/2020 4:18:18 PM	2.27	2.09	0.43	0.00	0.00	0.00	0.00	0.41	4.79	100.00	4.58	14.97	1205	2091	194	0	0	0	0	0	3490	163.40	5.56	2.79	13.42	9.66	13.86	12.76	1.45	29.02	29.82
9/2/2020 4:18:20 PM	2.36	2.16	0.48	0.00	0.00	0.00	0.00	0.40	5.00	100.00	4.65	14.81	1249	2164	214	0	0	0	0	0	3627	164.25	5.75	2.99	13.92	9.80	14.20	13.16	1.46	28.97	29.79
9/2/2020 4:18:22 PM	1.82	1.76	0.35	0.00	0.00	0.00	0.00	0.40	3.93	100.00	4.71	14.56	966	1757	159	0	0	0	0	0	2883	164.82	4.82	2.33	11.45	8.56	12.00	10.81	1.46	28.93	29.78
9/2/2020 4:18:25 PM	1.68	1.62	0.28	0.00	0.00	0.00	0.00	0.36	3.58	100.00	4.81	14.58	892	1620	126	0	0	0	0	0	2638	165.20	4.34	2.23	10.61	7.75	11.21	9.69	1.47	28.90	29.67
9/2/2020 4:18:27 PM	1.02	1.26	0.19	0.00	0.00	0.00	0.00	0.37	2.47	100.00	4.90	14.21	539	1264	84	0	0	0	0	0	1887	167.07	3.43	1.77	8.20	6.41	9.22	7.06	1.48	28.85	29.68
9/2/2020 4:18:30 PM	1.07	1.23	0.10	0.00	0.00	0.00	0.00	0.37	2.40	100.00	5.00	13.33	568	1231	43	0	0	0	0	0	1842	167.72	3.24	1.78	8.12	6.39	8.90	6.87	1.49	28.79	29.73
9/2/2020 4:18:32 PM	1.18	1.30	0.19	0.00	0.00	0.00	0.00	0.35	2.67	100.00	5.10	12.76	625	1302	85	0	0	0	0	0	2011	167.58	3.53	1.90	8.60	6.54	9.38	7.49	1.50	28.76	29.67
9/2/2020 4:18:34 PM	1.02	1.21	0.17	0.00	0.00	0.00	0.00	0.35	2.41	100.00	5.20	12.72	542	1211	78	0	0	0	0	0	1831	167.14	3.32	1.76	8.06	6.20	8.84	6.87	1.51	28.71	29.58
9/2/2020 4:18:37 PM	1.01	1.22	0.17	0.00	0.00	0.00	0.00	0.35	2.40	100.00	5.29	12.62	536	1219	77	0	0	0	0	0	1833	167.36	3.29	1.82	8.02	6.13	8.92	6.79	1.52	28.65	29.56
9/2/2020 4:18:39 PM	1.10	1.21	0.14	0.00	0.00	0.00	0.00	0.35	2.45	100.00	5.39	12.35	581	1215	62	0	0	0	0	0	1857	166.17	3.29	1.72	8.16	6.24	8.82	6.94	1.53	28.62	29.54
9/2/2020 4:18:42 PM	1.01	1.17	0.07	0.00	0.00	0.00	0.00	0.36	2.24	100.00	5.48	12.19	533	1168	31	0	0	0	0	0	1733	167.32	3.05	1.70	7.80	6.04	8.47	6.40	1.54	28.54	29.54
9/2/2020 4:18:44 PM	1.20	1.22	0.19	0.00	0.00	0.00	0.00	0.33	2.61	100.00	5.57	12.48	636	1220	86	0	0	0	0	0	1942	166.90	3.41	1.88	8.29	6.24	8.97	7.33	1.55	28.52	29.53
9/2/2020 4:18:46 PM	0.94	1.22	0.14	0.00	0.00	0.00	0.00	0.37	2.30	100.00	5.67	13.14	498	1223	61	0	0	0	0	0	1782	167.32	3.23	1.80	8.07	6.18	8.71	6.57	1.56	28.42	29.57
9/2/2020 4:18:49 PM	1.02	1.16	0.10	0.00	0.00	0.00	0.00	0.35	2.29	100.00	5.74	12.98	543	1160	46	0	0	0	0	0	1748	167.29	3.09	1.72	7.70	5.98	8.59	6.50	1.56	28.38	29.47
9/2/2020 4:18:51 PM	0.89	1.13	0.06	0.00	0.00	0.00	0.00	0.37	2.08	100.00	5.80	12.44	473	1128	27	0	0	0	0	0	1628	167.37	2.96	1.57	7.49	5.94	8.25	6.07	1.57	28.33	29.53
9/2/2020 4:18:53 PM	1.13	1.15	0.11	0.00	0.00	0.00	0.00	0.33	2.39	100.00	5.84	12.48	599	1148	51	0	0	0	0	0	1798	165.91	3.13	1.74	7.82	5.98	8.54	6.75	1.57	28.30	29.41
9/2/2020 4:18:56 PM	0.96	1.16	0.02	0.00	0.00	0.00	0.00	0.36	2.15	100.00	5.89	12.98	510	1162	10	0	0	0	0	0	1682	167.26	2.91	1.65	7.67	5.92	8.39	6.07	1.58	28.25	29.39
9/2/2020 4:18:58 PM	0.93	1.14	0.03	0.00	0.00	0.00	0.00	0.37	2.11	100.00	5.96	13.19	495	1143	15	0	0	0	0	0	1654	167.09	2.92	1.68	7.53	5.98	8.35	6.10	1.58	28.18	29.43
9/2/2020 4:19:01 PM	1.08	1.19	0.07	0.00	0.00	0.00	0.00	0.35	2.34	100.00	6.03	12.93	571	1193	30	0	0	0	0	0	1795	166.58	3.08	1.75	7.97	6.05	8.63	6.55	1.59	28.11	29.34
9/2/2020 4:19:03 PM	1.18	1.22	0.01	0.00	0.00	0.00	0.00	0.35	2.41	100.00	6.10	13.08	626	1219	6	0	0	0	0	0	1851	166.78	3.04	1.79	8.19	6.14	8.69	6.66	1.60	28.08	29.29
9/2/2020 4:19:05 PM	1.25	1.34	0.05	0.00	0.00	0.00	0.00	0.33	2.63	100.00	6.17	12.96	663	1335	21	0	0	0	0	0	2019	166.62	3.26	1.78	9.15	6.22	8.91	6.93	1.61	28.02	29.34
9/2/2020 4:19:08 PM	1.01	1.17	0.03	0.00	0.00	0.00	0.00	0.36	2.21	100.00	6.21	12.90	537	1169	11	0	0	0	0	0	1717	166.95	2.96	1.53	7.76	5.98	8.47	6.23	1.61	27.98	29.36
9/2/2020 4:19:10 PM	0.93	1.12	0.00	0.00	0.00	0.00	0.00	0.36	2.05	100.00	6.32	12.87	493	1123	0	0	0	0	0	0	1616	166.80	2.80	1.58	7.43	5.78	8.19	5.84	1.62	27.92	29.22
9/2/2020 4:19:12 PM	0.75	1.11	0.01	0.00	0.00	0.00	0.00	0.38	1.87	100.00	6.42	12.45	395	1114	5	0	0	0	0	0	1514	167.20	2.76	1.49	7.17	5.74	8.12	5.46	1.63	27.87	29.22
9/2/2020 4:19:15 PM	0.89	1.13	0.04	0.00	0.00	0.00	0.00	0.36	2.07	100.00	6.52	12.21	474	1130	19	0	0	0	0	0	1623	166.77	2.89	1.60	7.48	5.83	8.24	5.93	1.64	27.84	29.16
9/2/2020 4:19:17 PM	0.92	1.14	0.00	0.00	0.00	0.00	0.00	0.36	2.06	100.00	6.57	12.10	486	1144	0	0	0	0	0	0	1630	166.98	2.79	1.59	7.50	5.80	8.29	5.82	1.64	27.75	29.12
9/2/2020 4:19:20 PM	0.94	1.14	0.03	0.00	0.00	0.00	0.00	0.36	2.12	100.00	6.62	12.29	500	1142	14	0	0	0	0	0	1656	166.91	2.88	1.64	7.47	5.85	8.40	6.01	1.65	27.71	29.22
9/2/2020 4:19:22 PM	0.88	1.16	0.05	0.00	0.00	0.00	0.00	0.36	2.09	100.00	6.64	12.58	465	1160	24	0	0	0	0	0	1648	166.65	2.94	1.63	7.62	5.88	8.35	5.96	1.65	27.68	29.08
9/2/2020 4:19:24 PM	0.79	1.13	0.02	0.00	0.00	0.00	0.00	0.37	1.94	100.00	6.74	12.54	418	1131	8	0	0	0	0	0	1557	166.76	2.80	1.55	7.33	5.76	8.18	5.58	1.66	27.60	29.08
9/2/2020 4:19:27 PM	0.85	1.18	0.05	0.00	0.00	0.00	0.00	0.38	2.08	100.00	6.85	12.10	453	1176	21	0	0	0	0	0	1651	166.87	2.97	1.66	7.70	5.99	8.38	5.97	1.67	27.54	29.06
9/2/2020 4:19:29 PM	1.01	1.11	0.07	0.00	0.00	0.00	0.00	0.35	2.19	100.00	6.88	11.97	535	1106	33	0	0	0	0	0	1673	166.92	2.98	1.55	7.37	5.90	8.39	6.33	1.67	27.47	29.04
9/2/2020 4:19:32 PM	0.88	1.13	0.03	0.00	0.00	0.00	0.00	0.38	2.04	100.00	6.90	12.23	465	1129	15	0	0	0	0	0	1608	166.62	2.89	1.60	7.35	5.93	8.33	5.95	1.68	27.45	28.93
9/2/2020 4:19:34 PM	0.80	1.14	0.00	0.00	0.00	0.00	0.00	0.39	1.94	100.00	6.92	12.58	423	1142	0	0	0	0	0	0	1565	166.84	2.81	1.54	7.39	5.91	8.22	5.66	1.68	27.41	28.96
9/2/2020 4:19:36 PM	0.87	1.15	0.00	0.00	0.00	0.00	0.00	0.37	2.02	100.00	7.08	12.52	460	1154	0	0	0	0	0	0	1614	166.82	2.80	1.52	7.63	5.78	8.17	5.69	1.69	27.35	28.92
9/2/2020 4:19:39 PM	1.00	1.17	0.01	0.00	0.00	0.00	0.00	0.36	2.18	100.00	7.28	12.17	529	1172	3	0	0	0	0	0	1704	166.94	2.90	1.64	7.78	5.91	8.39	6.09	1.71	27.28	28.99
9/2/2020 4:19:41 PM	0.93	1.13	0.00	0.00	0.00	0.00	0.00	0.37	2.06	100.00	7.46	11.91	495	1126	0	0	0	0	0	0	1621	166.63	2.81	1.53	7.37	5.88	8.31	5.92	1.73	27.24	28.86
9/2/2020 4:19:43 PM	0.77	1.11	0.00	0.00	0.00	0.00	0.00	0.38	1.87	100.00	7.57	11.88	406	1109	0	0	0	0	0	0	1515	166.82	2.74	1.55	7.25	5.75	7.99	5.47	1.74	27.16	28.86
9/2/2020 4:19:46 PM	0.85	1.15	0.00	0.00	0.00	0.00	0.00	0.38	2.00	100.00	7.64	11.97	450	1147	0	0	0	0	0	0	1597	166.04	2.82	1.57	7.51	5.88	8.21	5.74	1.75	27.12	28.78
9/2/2020 4:19:48 PM	1.00	1.16	0.02	0.00	0.00	0.00	0.00	0.35	2.18	100.00	7.76	12.31	531	1157	9	0	0	0	0	0	1698	166.45	2.91	1.60	7.74	5.86	8.33	6.10	1.76	27.07	28.77
9/2/2020 4:19:51 PM	1.00	1.17	0.00	0.00	0.00	0.00	0.00	0.37	2.17	100.00	7.85	12.63	532	1166	0	0	0	0	0	0	1698	166.15	2.90	1.60	7.77	6.07	8.37	6.20	1.77	27.03	28.76
9/2/2020 4:19:53 PM	0.82	1.13	0.08	0.00	0.00	0.00	0.00	0.37	2.03	100.00	7.93	12.60	433	1134	38	0	0	0	0	0	1605	166.54	2.97	1.65	7.44	5.87	8.27	5.93	1.78	26.97	28.70
9/2/2020 4:19:55 PM	0.90	1.15	0.00	0.00	0.00	0.00	0.00	0.38	2.05	100.00	7.96	12.24	478	1149	0	0	0	0	0	0	1627	166.52	2.86	1.62	7.56	5.96	8.25	5.91	1.78	26.90	28.77
9/2/2020 4:19:58 PM	1.54	1.24	0.06	0.00	0.00	0.00	0.00	0.33	2.85	100.00	7.96	12.33	818	1243	28	0	0	0	0	0	2088	165.64	3.35	1.69	8.58	6.56	9.23	7.89	1.78	26.86	28.67
9/2/2020 4:20:00 PM	0.82	1.15	0.01	0.00	0.00	0.00	0.00	0.39	1.97	100.00	8.09	12.51	434	1145	4	0	0	0	0	0	1583	166.20	2.84	1.61	7.37	5.94	8.30	5.75	1.79	26.81	28.68
9/2/2020 4:20:02 PM	1.00	1.16	0.00	0.00	0.00	0.00	0.00	0.37	2.16	100.00	8.28	12.20	529	1163	0	0	0	0	0	0	1693	166.72	2.84	1.57	7.77	6.02	8.35	6.15	1.81	26.75	28.56
9/2/2020 4:20:05 PM	0.98	1.15	0.00	0.00	0.00	0.00	0.00	0.38	2.13	100.00	8.46	12.00	519	1147	0	0	0	0	0	0	1666	166.43	2.90	1.52	7.60	6.04	8.35	6.13	1.83	26.71	28.56
9/2/2020 4:20:07 PM	0.87	1.13	0.02	0.00	0.00	0.00	0.00	0.39	2.02	100.00	8.61	11.98	462	1129	10	0	0	0	0	0	1601	165.21	2.92	1.53	7.44	6.08	8.24	6.02	1.84	26.65	28.51
9/2/2020 4:20:10 PM	0.93	1.15	0.01	0.00	0.00	0.00	0.00	0.38	2.08	100.00	8.77	11.98	492	1146	3	0	0	0	0	0	1641	165.40	2.90	1.60	7.56	6.03	8.29	6.05	1.86	26.61	28.52
9/2/2020 4:20:12 PM	1.03	1.18	0.03	0.00	0.00	0.00	0.00	0.37	2.24	100.00	8.83	11.97	545	1179	13	0	0	0	0	0	1737	165.04	3.00	1.58	7.76	6.10	8.60	6.37	1.87	26.53	28.43
9/2/2020 4:20:14 PM	1.01	1.16	0.08	0.00	0.00	0.00	0.00	0.37	2.24	100.00	8.87	11.95	533	1162	34	0	0	0	0	0	1728	165.00	3.09	1.56	7.77	6.12	8.50	6.48	1.87	26.48	28.43
9/2/2020 4:20:17 PM	0.93	1.17	0.03	0.00	0.00	0.00	0.00	0.39	2.13	100.00	9.02	11.96	494	1174	11	0	0	0	0	0	1679	165.00	3.00	1.62	7.73	6.20	8.43	6.23	1.88	26.44	28.51
9/2/2020 4:20:19 PM	1.10	1.17	0.02	0.00	0.00	0.00	0.00	0.37	2.29	100.00	9.13	11.95	585	1166	11	0	0	0	0	0	1761	165.38	3.04	1.62	7.76	6.26	8.60	6.64	1.89	26.39	28.38
9/2/2020 4:20:21 PM	1.12	1.27	0.03	0.00	0.00	0.00	0.00	0.37	2.43	100.00	9.22	12.01	595	1271	14	0	0	0	0	0	1880	165.25	3.17	1.74	8.55	6.32	8.75	6.72	1.90	26.34	28.45
9/2/2020 4:20:24 PM	1.20	1.18	0.10	0.00	0.00	0.00	0.00	0.35	2.48	100.00	9.34	12.11	633	1184	47	0	0	0	0	0	1865	164.65	3.24	1.67	7.97	6.30	8.85	7.10	1.92	26.27	28.47
9/2/2020 4:20:26 PM	0.99	1.16	0.02	0.00	0.00	0.00	0.00	0.38	2.17	100.00	9.42	12.27	523	1162	8	0	0	0	0	0	1692	164.56	2.97	1.53	7.70	6.11	8.42	6.26	1.92	26.23	28.31
9/2/2020 4:20:29 PM	1.02	1.17	0.05	0.00	0.00	0.00	0.00	0.38	2.24	100.00	9.49	12.30	540	1169	24	0	0	0	0	0	1733	165.24	3.08	1.62	7.72	6.25	8.60	6.55	1.93	26.19	28.28
9/2/2020 4:20:31 PM	1.14	1.20	0.09	0.00	0.00	0.00	0.00	0.38	2.43	100.00	9.55	12.22	606	1202	39	0	0	0	0	0	1848	164.92	3.27	1.65	8.09	6.52	8.80	7.11	1.94	26.12	28.23
9/2/2020 4:20:33 PM	1.12	1.16	0.02	0.00	0.00	0.00	0.00	0.37	2.29	100.00	9.57	12.04	591	1156	9	0	0	0	0	0	1756	164.78	3.02	1.54	7.76	6.19	8.53	6.60	1.94	26.07	28.30
9/2/2020 4:20:36 PM	1.04	1.19	0.02	0.00	0.00	0.00	0.00	0.37	2.25	100.00	9.59	12.14	550	1185	10	0	0	0	0	0	1746	164.94	3.02	1.66	7.87	6.18	8.54	6.43	1.94	26.04	28.16
9/2/2020 4:20:38 PM	0.90	1.22	0.10	0.00	0.00	0.00	0.00	0.38	2.22	100.00	9.75	12.13	478	1218	47	0	0	0	0	0	1743	165.60	3.19	1.65	8.02	6.23	8.63	6.42	1.96	26.00	28.11
9/2/2020 4:20:41 PM	5.02	8.65	5.33	0.00	0.00	0.00	0.00	0.00	19.00	74.58	9.82	11.91	2661	8645	2399	0	0	0	0	0	13705	113.18	21.90	9.35	52.43	10.82	48.56	47.15	1.96	25.90	28.10
9/2/2020 4:20:43 PM	1.30	7.98	4.25	0.00	0.00	0.00	0.00	0.00	13.53	7.21	9.83	12.04	689	7979	1912	0	0	0	0	0	10580	10.91	16.64	8.06	44.62	4.38	41.79	29.69	1.96	25.87	28.16
9/2/2020 4:20:45 PM	1.35	5.02	0.59	0.00	0.00	0.00	0.00	0.00	6.96	0.48	9.82	12.21	716	5021	266	0	0	0	0	0	6004	0.69	6.61	4.38	31.94	1.49	19.87	10.35	1.96	25.82	28.15
9/2/2020 4:20:48 PM	1.99	9.17	2.25	0.00	0.00	0.00	0.00	0.00	13.42	-0.11	9.81	12.31	1055	9173	1014	0	0	0	0	0	11241	-0.20	14.05	8.04	55.20	4.06	38.07	22.94	1.96	25.77	28.10
9/2/2020 4:20:50 PM	2.99	5.88	3.12	0.00	0.00	0.00	0.00	0.00	11.99	22.86	9.29	12.13	1583	5879	1404	0	0	0	0	0	8866	34.67	13.79	6.26	37.16	6.38	30.76	28.10	1.91	25.71	28.03
9/2/2020 4:20:52 PM	4.20	2.69	1.47	0.00	0.00	0.00	0.00	0.00	8.35	91.61	8.13	11.84	2228	2686	659	0	0	0	0	0	5573	139.03	8.60	3.61	19.49	9.62	18.08	20.78	1.80	25.67	27.98
9/2/2020 4:20:55 PM	1.28	1.77	0.00	0.00	0.00	0.00	0.00	0.31	3.05	98.30	7.05	11.84	680	1770	0	0	0	0	0	0	2449	149.19	3.45	1.99	11.09	6.29	10.72	6.80	1.69	25.60	27.92
9/2/2020 4:20:57 PM	0.93	1.55	0.00	0.00	0.00	0.00	0.00	0.38	2.48	100.00	5.93	11.82	493	1548	0	0	0	0	0	0	2041	155.17	3.22	1.78	9.63	6.29	9.73	6.12	1.58	25.60	27.90
9/2/2020 4:21:00 PM	0.63	1.28	0.00	0.00	0.00	0.00	0.00	0.44	1.91	100.00	4.53	11.85	333	1282	0	0	0	0	0	0	1616	165.14	2.87	1.56	7.98	6.27	8.64	5.54	1.44	25.55	27.85
9/2/2020 4:21:02 PM	7.50	5.12	1.26	0.00	0.00	0.00	0.00	1.32	13.87	100.00	3.30	13.41	3975	5116	566	0	0	0	0	0	9657	157.08	15.61	6.77	33.27	30.22	31.93	41.57	1.32	25.48	27.80
9/2/2020 4:21:04 PM	10.63	12.32	9.33	6.76	0.00	0.00	0.00	2.18	39.04	100.00	2.13	17.57	5635	12316	4201	203	0	0	0	0	22354	152.57	65.98	29.36	92.40	74.76	100.73	126.35	1.21	25.42	27.81
9/2/2020 4:21:07 PM	7.98	13.53	8.79	2.09	0.00	0.00	0.00	1.42	32.39	100.00	1.20	21.52	4229	13530	3955	63	0	0	0	0	21776	161.36	47.49	21.76	83.33	54.89	84.81	89.14	1.12	25.38	27.79
9/2/2020 4:21:09 PM	9.01	16.85	6.08	0.00	0.00	0.00	0.00	1.09	31.94	100.00	0.44	23.04	4774	16854	2736	0	0	0	0	0	24364	161.43	37.21	18.87	92.81	47.13	87.06	69.71	1.04	25.35	27.70
9/2/2020 4:21:12 PM	7.83	13.78	1.05	0.00	0.00	0.00	0.00	0.63	22.66	91.95	-0.37	23.70	4149	13778	474	0	0	0	0	0	18401	139.55	20.93	12.45	73.76	29.75	66.42	39.00	0.96	25.32	27.72
9/2/2020 4:21:14 PM	0.11	0.58	0.00	0.00	0.00	0.00	0.00	0.00	0.69	93.67	-0.63	23.41	59	580	0	0	0	0	0	0	639	142.16	0.49	1.09	4.57	0.29	4.58	0.27	0.94	25.29	27.66
9/2/2020 4:21:16 PM	0.01	0.52	0.00	0.00	0.00	0.00	0.00	0.00	0.53	93.49	-0.63	22.41	3	522	0	0	0	0	0	0	525	141.88	-0.75	0.10	4.60	0.28	4.21	0.01	0.94	25.26	27.62
9/2/2020 4:21:19 PM	0.00	0.45	0.00	0.00	0.00	0.00	0.00	0.05	0.45	94.53	-0.63	21.48	0	455	0	0	0	0	0	0	455	143.46	0.18	-0.61	4.43	1.01	3.78	0.15	0.94	25.23	27.59
9/2/2020 4:21:21 PM	0.05	0.43	0.00	0.00	0.00	0.00	0.00	0.00	0.48	98.46	-0.63	20.58	27	429	0	0	0	0	0	0	456	149.42	0.13	0.28	3.70	0.34	4.16	-0.04	0.94	25.21	27.60
9/2/2020 4:21:23 PM	0.14	0.41	0.00	0.00	0.00	0.00	0.00	0.00	0.55	97.45	-0.63	19.86	73	410	0	0	0	0	0	0	482	147.89	-0.18	-0.41	3.78	0.37	4.26	0.31	0.94	25.19	27.59
9/2/2020 4:21:26 PM	0.09	0.54	0.01	0.00	0.00	0.00	0.00	0.00	0.64	96.98	-0.62	19.28	48	538	5	0	0	0	0	0	591	147.18	0.94	0.15	4.23	0.08	4.66	0.25	0.94	25.15	27.51
9/2/2020 4:21:28 PM	0.04	0.71	0.00	0.00	0.00	0.00	0.00	0.00	0.76	96.48	-0.63	18.87	23	714	0	0	0	0	0	0	737	146.42	-0.11	0.04	5.18	0.17	5.38	0.25	0.94	25.12	27.49
9/2/2020 4:21:31 PM	0.01	0.76	0.00	0.00	0.00	0.00	0.00	0.00	0.77	97.07	-0.63	18.55	5	763	0	0	0	0	0	0	768	147.31	0.95	0.22	5.08	0.12	5.65	0.02	0.94	25.10	27.46
9/2/2020 4:21:33 PM	0.00	0.64	0.00	0.00	0.00	0.00	0.00	0.00	0.64	99.62	-0.63	18.33	0	640	0	0	0	0	0	0	640	151.18	0.00	0.13	4.56	-0.27	5.31	-0.25	0.94	25.08	27.45
