Date/Time	Green Algae	Bluegreen	Diatoms	Cryptophyta	#5	#6	#7	Yellow substances	Total conc.	Transmission	Depth	Temp. Sample	Green Algae	Bluegreen	Diatoms	Cryptophyta	#5	#6	#7	Yellow substances	Total cell count	Trans. 700 nm	LED 3 [525 nm]	LED 4 [570 nm]	LED 5 [610 nm]	LED 6 [370 nm]	LED 7 [590 nm]	LED 8 [470 nm]	Pressure	Temp. LEDs	Temp. Sensor
date	µg/l	µg/l	µg/l	µg/l	µg/l	µg/l	µg/l	r.u.	µg/l	%	m	°C	cells/ml	cells/ml	cells/ml	cells/ml	cells/ml	cells/ml	cells/ml	r.u.	cells/ml	digits	digits	digits	digits	digits	digits	digits	bar	°C	°C
9/23/2020 12:35:29 PM	0.30	2.36	1.35	0.00	0.00	0.00	0.00	0.46	4.01	100.00	0.12	21.57	161	2358	606	0	0	0	0	0	3124	180.19	6.92	3.50	13.92	9.21	14.28	11.01	1.01	21.86	20.67
9/23/2020 12:35:32 PM	1.43	2.20	0.99	0.00	0.00	0.00	0.00	0.37	4.63	100.00	0.19	21.47	760	2201	446	0	0	0	0	0	3407	175.70	6.75	-0.29	13.90	9.14	14.60	12.29	1.02	21.88	20.72
9/23/2020 12:35:34 PM	3.36	1.93	0.00	0.62	0.00	0.00	0.00	0.23	5.92	100.00	0.19	21.47	1782	1932	0	19	0	0	0	0	3733	180.44	6.21	2.41	13.38	9.68	17.45	15.66	1.02	21.88	20.75
9/23/2020 12:35:36 PM	4.56	2.07	0.49	0.05	0.00	0.00	0.00	0.00	7.17	100.00	0.19	21.52	2418	2071	218	1	0	0	0	0	4709	178.69	6.01	4.59	15.49	8.95	15.18	17.32	1.02	21.90	20.75
9/23/2020 12:35:39 PM	2.37	1.52	0.00	0.59	0.00	0.00	0.00	0.55	4.47	100.00	0.20	21.52	1256	1515	0	18	0	0	0	0	2789	177.68	6.05	5.15	12.30	11.17	12.70	14.72	1.02	21.93	20.72
9/23/2020 12:35:41 PM	2.95	2.28	0.61	0.00	0.00	0.00	0.00	0.28	5.84	100.00	0.25	21.40	1563	2278	276	0	0	0	0	0	4117	179.86	6.53	0.24	15.19	9.77	15.57	14.78	1.02	21.95	20.73
9/23/2020 12:35:43 PM	1.43	2.16	1.23	0.34	0.00	0.00	0.00	0.44	5.16	100.00	0.26	21.33	757	2160	554	10	0	0	0	0	3482	179.47	8.27	2.00	13.69	10.79	16.96	15.38	1.03	21.96	20.73
9/23/2020 12:35:46 PM	3.98	2.11	0.00	0.00	0.00	0.00	0.00	0.40	6.09	100.00	0.30	21.42	2109	2113	0	0	0	0	0	0	4222	180.22	5.55	0.34	13.46	11.32	16.50	16.34	1.03	21.99	20.74
9/23/2020 12:35:48 PM	2.82	1.66	1.22	0.37	0.00	0.00	0.00	0.12	6.07	100.00	0.44	21.46	1493	1661	551	11	0	0	0	0	3716	178.19	7.86	2.09	12.67	9.08	15.67	17.13	1.04	22.02	20.73
9/23/2020 12:35:51 PM	2.22	1.83	2.46	0.00	0.00	0.00	0.00	0.04	6.51	100.00	0.60	21.36	1177	1832	1106	0	0	0	0	0	4114	177.99	9.07	5.14	14.51	9.10	13.92	18.47	1.06	22.04	20.78
9/23/2020 12:35:53 PM	2.73	2.26	0.67	0.11	0.00	0.00	0.00	0.38	5.77	100.00	0.63	21.35	1446	2258	302	3	0	0	0	0	4009	177.17	6.69	4.97	15.38	10.80	14.98	15.62	1.06	22.06	20.84
9/23/2020 12:35:55 PM	4.11	1.97	0.00	0.53	0.00	0.00	0.00	0.13	6.60	100.00	0.65	21.42	2179	1967	0	16	0	0	0	0	4161	176.66	6.16	4.05	14.74	9.49	16.59	16.78	1.06	22.07	20.84
9/23/2020 12:35:58 PM	1.20	1.91	1.88	0.22	0.00	0.00	0.00	0.38	5.22	100.00	0.66	21.48	638	1911	845	7	0	0	0	0	3401	179.40	8.78	4.58	13.81	10.62	14.30	16.42	1.06	22.09	20.82
9/23/2020 12:36:00 PM	3.57	2.36	0.78	0.00	0.00	0.00	0.00	0.08	6.71	100.00	0.70	21.53	1891	2359	351	0	0	0	0	0	4601	179.70	6.88	-0.34	15.81	8.94	16.97	15.93	1.07	22.11	20.83
9/23/2020 12:36:03 PM	1.05	2.38	1.74	0.01	0.00	0.00	0.00	0.35	5.18	100.00	0.71	21.54	556	2382	784	0	0	0	0	0	3723	177.49	7.96	5.42	15.47	9.89	14.68	14.34	1.07	22.14	20.84
9/23/2020 12:36:05 PM	3.45	1.86	0.00	0.86	0.00	0.00	0.00	0.16	6.17	100.00	0.72	21.53	1830	1857	0	26	0	0	0	0	3713	179.91	6.65	4.43	14.33	9.46	17.11	16.41	1.07	22.15	20.85
9/23/2020 12:36:07 PM	0.74	2.44	2.48	0.00	0.00	0.00	0.00	0.23	5.65	100.00	0.72	21.52	390	2439	1116	0	0	0	0	0	3945	179.19	9.37	3.20	15.15	9.39	16.77	15.52	1.07	22.17	20.87
9/23/2020 12:36:10 PM	3.35	1.29	0.00	1.23	0.00	0.00	0.00	0.17	5.87	100.00	0.73	21.50	1775	1287	0	37	0	0	0	0	3099	180.67	7.40	5.00	12.93	9.63	15.57	17.59	1.07	22.19	20.89
9/23/2020 12:36:12 PM	3.74	2.06	0.83	0.00	0.00	0.00	0.00	0.27	6.63	100.00	0.73	21.46	1981	2059	374	0	0	0	0	0	4414	178.77	7.18	1.88	15.46	10.97	14.86	18.08	1.07	22.21	20.90
9/23/2020 12:36:14 PM	3.00	2.29	0.00	0.77	0.00	0.00	0.00	0.26	6.06	100.00	0.73	21.45	1589	2291	0	23	0	0	0	0	3903	177.09	7.12	3.50	15.68	9.88	18.43	15.42	1.07	22.22	20.93
9/23/2020 12:36:17 PM	0.00	2.72	2.29	0.29	0.00	0.00	0.00	0.51	5.29	100.00	0.76	21.39	0	2718	1028	9	0	0	0	0	3755	179.54	10.41	3.48	16.28	11.66	18.61	15.95	1.07	22.24	20.95
9/23/2020 12:36:19 PM	2.17	1.35	0.00	1.53	0.00	0.00	0.00	0.25	5.06	100.00	0.74	21.37	1151	1354	0	46	0	0	0	0	2551	177.15	8.13	2.82	12.08	9.26	17.44	15.76	1.07	22.28	20.92
9/23/2020 12:36:22 PM	2.81	2.05	1.87	0.00	0.00	0.00	0.00	0.22	6.73	100.00	0.79	21.40	1491	2047	840	0	0	0	0	0	4378	176.53	8.96	1.14	14.26	10.95	16.78	19.33	1.08	22.29	20.94
9/23/2020 12:36:24 PM	0.22	2.61	2.00	0.00	0.00	0.00	0.00	0.53	4.82	100.00	0.81	21.38	114	2607	899	0	0	0	0	0	3620	177.95	8.99	2.94	16.57	11.05	15.22	14.18	1.08	22.30	20.99
9/23/2020 12:36:26 PM	1.68	1.90	0.00	1.48	0.00	0.00	0.00	0.34	5.07	100.00	0.83	21.32	892	1904	0	44	0	0	0	0	2840	177.37	8.31	4.84	14.75	9.86	18.20	14.89	1.08	22.33	20.98
9/23/2020 12:36:29 PM	1.30	2.08	1.67	0.28	0.00	0.00	0.00	0.33	5.33	100.00	0.88	21.29	688	2084	750	9	0	0	0	0	3531	178.40	8.56	4.39	14.44	10.13	15.29	15.73	1.09	22.34	21.00
9/23/2020 12:36:31 PM	1.47	2.08	1.62	0.52	0.00	0.00	0.00	0.46	5.69	100.00	0.92	21.27	780	2085	728	15	0	0	0	0	3608	177.96	9.63	4.50	15.03	12.05	16.54	18.15	1.09	22.37	21.02
9/23/2020 12:36:33 PM	3.15	2.16	1.55	0.00	0.00	0.00	0.00	0.20	6.87	100.00	0.95	21.25	1671	2163	698	0	0	0	0	0	4533	177.54	8.39	2.55	15.71	10.77	15.93	18.89	1.09	22.37	21.05
9/23/2020 12:36:36 PM	3.54	2.01	0.62	0.00	0.00	0.00	0.00	0.39	6.16	100.00	0.96	21.25	1876	2006	278	0	0	0	0	0	4160	177.98	6.77	1.85	14.41	11.53	14.82	17.47	1.09	22.41	21.05
9/23/2020 12:36:38 PM	1.81	2.30	2.07	0.00	0.00	0.00	0.00	0.35	6.18	100.00	0.99	21.22	959	2295	933	0	0	0	0	0	4187	179.28	9.18	4.49	15.86	11.39	15.62	18.11	1.10	22.42	21.08
9/23/2020 12:36:41 PM	1.86	2.68	2.10	0.00	0.00	0.00	0.00	0.25	6.65	100.00	0.99	21.23	988	2683	946	0	0	0	0	0	4617	177.34	9.43	3.28	16.87	10.79	18.34	17.77	1.10	22.45	21.04
9/23/2020 12:36:43 PM	3.55	1.47	0.00	1.16	0.00	0.00	0.00	0.34	6.18	100.00	0.98	21.25	1880	1470	0	35	0	0	0	0	3385	176.81	8.15	4.32	13.75	11.61	16.53	19.32	1.10	22.47	21.08
9/23/2020 12:36:45 PM	3.15	2.34	1.36	0.00	0.00	0.00	0.00	0.26	6.86	100.00	0.97	21.26	1672	2342	614	0	0	0	0	0	4627	177.78	8.14	4.56	17.36	11.19	15.13	18.57	1.09	22.49	21.09
9/23/2020 12:36:48 PM	2.32	2.17	1.10	0.00	0.00	0.00	0.00	0.54	5.60	100.00	0.97	21.28	1231	2173	496	0	0	0	0	0	3900	178.59	7.63	3.19	14.53	12.35	15.11	17.01	1.09	22.51	21.07
9/23/2020 12:36:50 PM	1.12	2.10	2.25	0.44	0.00	0.00	0.00	0.27	5.91	100.00	0.96	21.32	593	2104	1012	13	0	0	0	0	3722	178.12	10.19	4.47	15.15	10.47	16.63	17.86	1.09	22.53	21.10
9/23/2020 12:36:53 PM	2.89	2.60	1.74	0.14	0.00	0.00	0.00	0.30	7.36	100.00	0.96	21.32	1531	2601	782	4	0	0	0	0	4918	178.49	9.49	5.41	18.00	12.26	17.98	20.36	1.09	22.54	21.08
9/23/2020 12:36:55 PM	2.95	3.24	1.68	0.00	0.00	0.00	0.00	0.23	7.87	100.00	0.96	21.29	1563	3241	757	0	0	0	0	0	5561	177.57	9.51	5.28	22.00	11.88	18.62	19.41	1.09	22.56	21.15
9/23/2020 12:36:57 PM	2.74	2.41	1.70	0.12	0.00	0.00	0.00	0.18	6.97	100.00	0.96	21.27	1451	2415	763	4	0	0	0	0	4633	179.20	8.84	4.78	16.77	10.66	17.11	18.68	1.09	22.58	21.17
9/23/2020 12:37:00 PM	3.13	2.03	1.14	0.00	0.00	0.00	0.00	0.43	6.31	100.00	0.96	21.23	1661	2035	512	0	0	0	0	0	4208	176.27	7.76	4.10	15.23	12.34	14.33	18.83	1.09	22.60	21.18
9/23/2020 12:37:02 PM	1.75	2.39	1.99	0.00	0.00	0.00	0.00	0.29	6.12	100.00	0.95	21.23	927	2387	894	0	0	0	0	0	4209	178.38	8.91	3.28	15.47	10.57	16.71	17.08	1.09	22.61	21.15
9/23/2020 12:37:04 PM	1.99	2.55	1.74	0.00	0.00	0.00	0.00	0.48	6.28	100.00	0.97	21.25	1055	2552	782	0	0	0	0	0	4388	177.81	9.13	2.83	16.06	12.54	17.75	18.32	1.09	22.63	21.17
9/23/2020 12:37:07 PM	0.89	2.04	2.81	0.00	0.00	0.00	0.00	0.25	5.74	100.00	0.97	21.29	471	2036	1265	0	0	0	0	0	3772	178.26	10.04	3.53	14.95	10.13	14.29	17.51	1.10	22.65	21.22
9/23/2020 12:37:09 PM	2.41	1.73	1.73	0.00	0.00	0.00	0.00	0.48	5.86	100.00	0.96	21.32	1275	1730	776	0	0	0	0	0	3782	178.73	8.56	4.30	13.67	12.59	13.25	19.38	1.09	22.67	21.17
9/23/2020 12:37:12 PM	3.29	2.19	1.02	0.00	0.00	0.00	0.00	0.22	6.49	100.00	0.99	21.31	1743	2188	458	0	0	0	0	0	4389	177.15	7.16	2.81	14.87	10.22	16.08	17.11	1.10	22.68	21.23
9/23/2020 12:37:14 PM	2.26	2.26	1.30	0.00	0.00	0.00	0.00	0.39	5.82	100.00	1.05	21.28	1200	2256	585	0	0	0	0	0	4040	178.29	7.74	2.47	14.40	11.02	16.28	16.44	1.10	22.71	21.25
9/23/2020 12:37:16 PM	0.00	2.39	2.73	0.00	0.00	0.00	0.00	0.53	5.12	100.00	1.09	21.24	0	2393	1228	0	0	0	0	0	3621	177.34	10.49	3.28	14.75	11.88	16.37	16.58	1.11	22.72	21.23
9/23/2020 12:37:19 PM	3.74	2.48	1.12	0.00	0.00	0.00	0.00	0.23	7.34	100.00	1.11	21.21	1983	2477	505	0	0	0	0	0	4965	177.01	7.93	3.39	16.73	11.38	17.69	19.22	1.11	22.74	21.24
9/23/2020 12:37:21 PM	0.93	2.31	1.28	0.63	0.00	0.00	0.00	0.43	5.15	100.00	1.17	21.20	494	2311	576	19	0	0	0	0	3400	176.78	8.95	4.66	15.52	10.75	17.06	15.25	1.11	22.76	21.28
9/23/2020 12:37:23 PM	3.20	2.20	1.42	0.00	0.00	0.00	0.00	0.43	6.82	100.00	1.26	21.20	1695	2203	639	0	0	0	0	0	4537	178.22	8.49	6.05	16.98	13.03	14.42	20.30	1.12	22.78	21.29
9/23/2020 12:37:26 PM	2.17	2.39	2.28	0.00	0.00	0.00	0.00	0.41	6.84	100.00	1.32	21.22	1152	2389	1028	0	0	0	0	0	4568	177.78	10.30	3.86	17.56	13.02	15.97	20.75	1.13	22.80	21.30
9/23/2020 12:37:28 PM	2.85	2.22	1.44	0.38	0.00	0.00	0.00	0.27	6.88	100.00	1.37	21.21	1509	2216	647	11	0	0	0	0	4383	176.69	9.10	5.79	16.70	11.57	16.63	19.64	1.13	22.81	21.29
9/23/2020 12:37:31 PM	1.66	2.31	2.38	0.00	0.00	0.00	0.00	0.62	6.35	100.00	1.42	21.19	880	2312	1072	0	0	0	0	0	4264	176.79	10.64	3.29	15.56	14.52	17.05	21.22	1.14	22.83	21.35
9/23/2020 12:37:33 PM	2.51	2.26	1.74	0.00	0.00	0.00	0.00	0.45	6.51	100.00	1.44	21.17	1333	2256	785	0	0	0	0	0	4373	177.20	9.07	4.01	15.74	12.85	16.10	19.74	1.14	22.85	21.35
9/23/2020 12:37:35 PM	2.38	1.73	1.26	0.88	0.00	0.00	0.00	0.31	6.26	100.00	1.48	21.15	1259	1734	569	26	0	0	0	0	3588	177.52	9.85	3.37	14.14	11.48	17.53	19.74	1.14	22.87	21.34
9/23/2020 12:37:38 PM	2.55	1.91	1.03	0.82	0.00	0.00	0.00	0.45	6.31	100.00	1.51	21.15	1350	1913	463	25	0	0	0	0	3750	178.71	9.65	4.64	15.26	12.87	17.30	20.21	1.15	22.88	21.34
9/23/2020 12:37:40 PM	0.16	2.84	2.63	0.00	0.00	0.00	0.00	0.84	5.63	100.00	1.55	21.17	85	2835	1185	0	0	0	0	0	4105	179.98	11.32	4.41	17.41	15.47	17.86	19.44	1.15	22.90	21.38
9/23/2020 12:37:43 PM	3.00	2.29	1.66	0.00	0.00	0.00	0.00	0.40	6.95	100.00	1.60	21.18	1590	2294	745	0	0	0	0	0	4628	176.82	9.11	2.78	15.65	12.85	17.35	20.50	1.16	22.92	21.40
9/23/2020 12:37:45 PM	1.49	1.85	2.46	0.77	0.00	0.00	0.00	0.43	6.57	100.00	1.64	21.16	788	1850	1106	23	0	0	0	0	3767	176.75	12.18	5.04	15.44	13.44	17.45	22.69	1.16	22.92	21.39
9/23/2020 12:37:47 PM	2.82	2.37	1.91	0.34	0.00	0.00	0.00	0.26	7.43	100.00	1.69	21.15	1495	2372	858	10	0	0	0	0	4734	176.69	10.25	4.65	17.18	12.22	18.43	21.38	1.17	22.96	21.40
9/23/2020 12:37:50 PM	2.03	2.06	2.01	0.29	0.00	0.00	0.00	0.56	6.39	100.00	1.76	21.16	1077	2060	904	9	0	0	0	0	4049	178.09	10.45	3.92	15.09	14.10	16.79	21.44	1.17	22.96	21.47
9/23/2020 12:37:52 PM	3.23	1.63	1.00	0.84	0.00	0.00	0.00	0.37	6.70	100.00	1.80	21.17	1710	1628	452	25	0	0	0	0	3815	178.42	9.62	4.19	14.43	12.77	16.83	21.61	1.18	22.98	21.43
9/23/2020 12:37:54 PM	3.11	2.41	2.29	0.02	0.00	0.00	0.00	0.35	7.83	100.00	1.84	21.18	1649	2408	1029	1	0	0	0	0	5086	176.38	10.64	4.17	17.16	13.69	18.25	23.36	1.18	22.99	21.45
9/23/2020 12:37:57 PM	3.38	2.14	1.65	0.00	0.00	0.00	0.00	0.39	7.18	100.00	1.88	21.17	1793	2137	744	0	0	0	0	0	4675	178.22	9.22	3.63	16.73	13.20	15.29	21.57	1.18	23.01	21.44
9/23/2020 12:37:59 PM	2.94	1.81	1.24	1.26	0.00	0.00	0.00	0.31	7.25	100.00	1.91	21.16	1559	1812	557	38	0	0	0	0	3966	175.49	11.34	4.49	16.00	12.97	19.52	23.12	1.19	23.03	21.48
9/23/2020 12:38:02 PM	1.28	1.96	1.92	0.73	0.00	0.00	0.00	0.50	5.89	100.00	1.95	21.15	680	1955	865	22	0	0	0	0	3521	177.36	11.00	3.58	14.64	12.98	17.76	20.12	1.19	23.04	21.48
9/23/2020 12:38:04 PM	2.83	1.97	2.60	0.00	0.00	0.00	0.00	0.24	7.40	100.00	1.97	21.15	1498	1967	1171	0	0	0	0	0	4636	176.03	10.60	2.61	14.92	12.31	16.77	22.70	1.19	23.06	21.52
9/23/2020 12:38:06 PM	2.38	2.02	1.61	0.60	0.00	0.00	0.00	0.53	6.61	100.00	2.01	21.13	1261	2022	726	18	0	0	0	0	4027	177.12	10.56	4.48	15.64	14.15	17.55	21.95	1.20	23.07	21.50
9/23/2020 12:38:09 PM	3.30	2.49	0.80	1.08	0.00	0.00	0.00	0.37	7.67	100.00	2.04	21.12	1749	2490	359	32	0	0	0	0	4631	177.98	10.52	7.09	19.44	13.62	20.17	22.29	1.20	23.09	21.52
9/23/2020 12:38:11 PM	2.80	2.13	1.35	0.78	0.00	0.00	0.00	0.28	7.05	100.00	2.07	21.11	1483	2125	608	23	0	0	0	0	4240	176.60	10.17	4.77	16.53	12.06	18.56	20.92	1.20	23.11	21.54
9/23/2020 12:38:13 PM	3.58	1.73	1.07	0.62	0.00	0.00	0.00	0.41	6.99	100.00	2.09	21.10	1898	1726	481	19	0	0	0	0	4124	178.00	9.47	4.14	14.76	13.48	16.72	22.41	1.21	23.12	21.53
9/23/2020 12:38:16 PM	2.03	1.31	0.47	1.85	0.00	0.00	0.00	0.53	5.67	100.00	2.14	21.09	1076	1310	212	56	0	0	0	0	2654	177.93	10.87	6.64	14.56	13.32	17.02	21.04	1.21	23.12	21.55
9/23/2020 12:38:18 PM	2.29	2.13	3.43	0.00	0.00	0.00	0.00	0.12	7.85	100.00	2.19	21.10	1214	2130	1545	0	0	0	0	0	4889	178.24	12.05	3.83	16.41	11.89	17.24	23.73	1.21	23.15	21.55
9/23/2020 12:38:21 PM	2.71	2.36	1.51	0.62	0.00	0.00	0.00	0.53	7.19	100.00	2.23	21.12	1437	2355	680	19	0	0	0	0	4490	179.68	10.81	5.18	17.50	14.67	18.98	22.71	1.22	23.17	21.54
9/23/2020 12:38:23 PM	2.53	2.30	2.53	0.17	0.00	0.00	0.00	0.33	7.53	100.00	2.26	21.12	1343	2297	1140	5	0	0	0	0	4785	177.53	11.28	3.18	16.32	13.26	18.77	23.05	1.22	23.18	21.57
9/23/2020 12:38:25 PM	4.32	2.37	1.71	0.00	0.00	0.00	0.00	0.17	8.40	100.00	2.31	21.08	2289	2374	770	0	0	0	0	0	5433	178.09	9.52	3.82	18.35	12.52	17.21	23.12	1.23	23.18	21.58
9/23/2020 12:38:28 PM	2.73	2.11	1.42	1.03	0.00	0.00	0.00	0.33	7.29	100.00	2.36	21.09	1447	2108	639	31	0	0	0	0	4226	176.99	11.14	5.81	17.33	13.01	19.12	22.48	1.23	23.21	21.58
9/23/2020 12:38:30 PM	4.19	1.37	0.69	1.53	0.00	0.00	0.00	0.15	7.78	100.00	2.39	21.09	2218	1370	312	46	0	0	0	0	3946	175.39	10.89	3.62	14.77	12.29	19.53	24.47	1.23	23.20	21.63
9/23/2020 12:38:32 PM	3.78	2.00	1.02	0.70	0.00	0.00	0.00	0.29	7.50	100.00	2.44	21.10	2005	2001	458	21	0	0	0	0	4484	178.00	9.59	4.91	16.41	12.79	17.97	22.30	1.24	23.22	21.66
9/23/2020 12:38:35 PM	3.22	1.88	1.36	0.65	0.00	0.00	0.00	0.38	7.11	100.00	2.48	21.08	1707	1876	614	19	0	0	0	0	4216	176.78	10.15	3.48	15.13	13.27	17.99	22.46	1.24	23.25	21.66
9/23/2020 12:38:37 PM	3.86	1.81	2.31	0.00	0.00	0.00	0.00	0.18	7.98	100.00	2.53	21.09	2044	1814	1039	0	0	0	0	0	4897	177.82	10.28	3.16	15.87	12.63	15.38	24.22	1.25	23.25	21.61
9/23/2020 12:38:40 PM	2.71	2.00	2.53	0.38	0.00	0.00	0.00	0.22	7.62	100.00	2.58	21.09	1437	2003	1140	11	0	0	0	0	4591	178.11	11.45	4.02	15.91	12.51	17.95	23.53	1.25	23.27	21.71
9/23/2020 12:38:42 PM	1.57	2.12	2.92	0.10	0.00	0.00	0.00	0.54	6.72	100.00	2.61	21.08	833	2122	1313	3	0	0	0	0	4272	176.30	11.79	3.89	15.41	14.50	17.02	23.02	1.26	23.29	21.74
9/23/2020 12:38:44 PM	2.84	2.37	2.52	0.00	0.00	0.00	0.00	0.34	7.72	100.00	2.66	21.08	1504	2365	1133	0	0	0	0	0	5003	177.60	11.06	3.06	17.35	13.57	17.72	23.33	1.26	23.30	21.66
9/23/2020 12:38:47 PM	2.22	2.50	2.42	0.00	0.00	0.00	0.00	0.42	7.14	100.00	2.73	21.08	1176	2502	1087	0	0	0	0	0	4764	178.50	10.73	4.15	18.01	13.49	16.86	21.60	1.27	23.29	21.73
9/23/2020 12:38:49 PM	2.63	2.34	2.49	0.03	0.00	0.00	0.00	0.37	7.49	100.00	2.76	21.08	1394	2337	1121	1	0	0	0	0	4852	178.83	10.87	4.04	16.63	13.52	17.87	22.88	1.27	23.31	21.73
9/23/2020 12:38:52 PM	2.98	2.36	2.41	0.00	0.00	0.00	0.00	0.21	7.75	100.00	2.80	21.08	1579	2362	1086	0	0	0	0	0	5027	177.80	10.48	3.61	17.38	12.20	17.41	22.23	1.27	23.32	21.74
9/23/2020 12:38:54 PM	3.67	2.36	2.11	0.00	0.00	0.00	0.00	0.26	8.14	100.00	2.85	21.06	1945	2361	949	0	0	0	0	0	5255	177.21	10.17	4.96	17.58	13.25	17.58	23.57	1.28	23.35	21.73
9/23/2020 12:38:56 PM	2.79	2.47	2.86	0.00	0.00	0.00	0.00	0.21	8.11	100.00	2.91	21.06	1477	2466	1287	0	0	0	0	0	5230	177.53	11.49	4.07	17.82	12.83	18.48	23.67	1.29	23.36	21.81
9/23/2020 12:38:59 PM	3.01	2.58	2.33	0.00	0.00	0.00	0.00	0.44	7.93	100.00	2.97	21.07	1598	2585	1050	0	0	0	0	0	5233	177.96	11.06	3.88	17.94	14.69	18.98	23.97	1.29	23.37	21.81
9/23/2020 12:39:01 PM	3.01	2.28	2.37	0.00	0.00	0.00	0.00	0.32	7.66	100.00	3.03	21.06	1594	2284	1065	0	0	0	0	0	4943	177.21	10.58	3.79	16.88	13.26	17.28	23.00	1.30	23.38	21.81
9/23/2020 12:39:03 PM	2.30	2.51	3.00	0.00	0.00	0.00	0.00	0.35	7.80	100.00	3.06	21.06	1217	2507	1349	0	0	0	0	0	5073	177.35	11.87	4.55	17.71	13.78	18.50	23.80	1.30	23.40	21.81
9/23/2020 12:39:06 PM	2.45	2.20	2.19	0.68	0.00	0.00	0.00	0.35	7.51	100.00	3.11	21.07	1298	2196	984	20	0	0	0	0	4498	177.00	11.88	4.97	17.16	13.56	19.15	23.59	1.30	23.40	21.83
9/23/2020 12:39:08 PM	2.98	2.22	2.00	0.23	0.00	0.00	0.00	0.34	7.44	100.00	3.16	21.05	1580	2222	900	7	0	0	0	0	4709	177.31	10.37	3.98	16.35	13.16	17.96	22.47	1.31	23.40	21.81
9/23/2020 12:39:11 PM	3.43	2.28	2.47	0.00	0.00	0.00	0.00	0.22	8.17	100.00	3.21	21.08	1818	2277	1110	0	0	0	0	0	5205	177.85	10.88	3.73	17.84	13.05	17.07	24.01	1.31	23.43	21.83
9/23/2020 12:39:13 PM	2.44	2.40	2.87	0.00	0.00	0.00	0.00	0.33	7.71	100.00	3.26	21.07	1294	2400	1292	0	0	0	0	0	4985	176.73	11.66	3.51	17.88	13.49	17.47	23.49	1.32	23.43	21.86
9/23/2020 12:39:15 PM	2.88	1.94	1.88	0.58	0.00	0.00	0.00	0.43	7.28	100.00	3.29	21.06	1525	1944	847	17	0	0	0	0	4334	176.43	11.10	4.78	15.98	14.16	17.65	23.79	1.32	23.43	21.88
9/23/2020 12:39:18 PM	1.47	2.79	2.97	0.00	0.00	0.00	0.00	0.49	7.22	100.00	3.33	21.06	777	2787	1336	0	0	0	0	0	4899	177.13	12.12	2.71	18.54	14.21	19.13	22.23	1.33	23.46	21.85
9/23/2020 12:39:20 PM	3.01	2.56	1.98	0.00	0.00	0.00	0.00	0.44	7.55	100.00	3.36	21.05	1595	2561	891	0	0	0	0	0	5047	177.26	10.20	3.48	17.18	14.07	18.85	22.40	1.33	23.47	21.88
9/23/2020 12:39:22 PM	2.09	2.31	2.65	0.04	0.00	0.00	0.00	0.40	7.09	100.00	3.42	21.05	1110	2313	1192	1	0	0	0	0	4616	177.59	11.11	2.48	15.65	13.33	18.44	22.14	1.33	23.48	21.90
9/23/2020 12:39:25 PM	2.84	2.19	2.89	0.00	0.00	0.00	0.00	0.29	7.93	100.00	3.44	21.05	1507	2191	1301	0	0	0	0	0	5000	176.76	11.67	3.45	17.17	13.58	17.04	24.53	1.34	23.49	21.91
9/23/2020 12:39:27 PM	1.87	2.38	2.94	0.00	0.00	0.00	0.00	0.41	7.19	100.00	3.47	21.06	989	2383	1325	0	0	0	0	0	4697	177.43	11.67	3.01	16.50	13.66	18.11	22.68	1.34	23.50	21.96
9/23/2020 12:39:30 PM	3.03	2.14	2.56	0.00	0.00	0.00	0.00	0.28	7.73	100.00	3.49	21.05	1606	2143	1153	0	0	0	0	0	4902	176.74	10.79	4.16	16.32	13.13	16.95	23.58	1.34	23.51	21.91
9/23/2020 12:39:32 PM	2.51	2.60	2.28	0.00	0.00	0.00	0.00	0.41	7.39	100.00	3.52	21.05	1329	2600	1027	0	0	0	0	0	4955	178.11	10.61	4.02	18.28	13.56	17.68	21.83	1.34	23.52	21.93
9/23/2020 12:39:34 PM	2.27	2.52	2.34	0.00	0.00	0.00	0.00	0.50	7.13	100.00	3.57	21.05	1204	2523	1053	0	0	0	0	0	4780	176.48	10.86	3.58	18.15	14.24	17.03	22.06	1.35	23.53	21.96
9/23/2020 12:39:37 PM	2.81	2.19	2.36	0.00	0.00	0.00	0.00	0.38	7.37	100.00	3.62	21.04	1492	2194	1061	0	0	0	0	0	4747	178.04	10.49	4.41	16.72	13.51	16.24	22.77	1.35	23.55	21.94
9/23/2020 12:39:39 PM	2.36	2.52	2.60	0.00	0.00	0.00	0.00	0.41	7.48	100.00	3.65	21.05	1251	2516	1170	0	0	0	0	0	4936	177.16	11.16	3.86	17.35	13.81	18.37	22.74	1.36	23.54	21.95
9/23/2020 12:39:42 PM	3.11	2.09	1.75	0.33	0.00	0.00	0.00	0.32	7.29	100.00	3.69	21.04	1649	2089	790	10	0	0	0	0	4537	177.45	10.02	3.93	15.84	12.83	17.60	22.07	1.36	23.56	21.98
9/23/2020 12:39:44 PM	2.66	2.30	2.72	0.00	0.00	0.00	0.00	0.28	7.68	100.00	3.71	21.04	1411	2299	1224	0	0	0	0	0	4935	176.66	11.23	3.35	17.55	12.96	16.92	23.11	1.36	23.56	21.96
9/23/2020 12:39:46 PM	3.57	2.14	1.97	0.00	0.00	0.00	0.00	0.20	7.68	100.00	3.74	21.05	1894	2141	886	0	0	0	0	0	4921	177.58	9.56	3.25	16.19	12.07	16.78	22.08	1.37	23.58	22.00
9/23/2020 12:39:49 PM	3.10	2.40	2.36	0.00	0.00	0.00	0.00	0.25	7.86	100.00	3.73	21.04	1643	2398	1061	0	0	0	0	0	5102	177.61	10.51	4.03	17.34	12.79	17.87	22.77	1.37	23.58	22.00
9/23/2020 12:39:51 PM	2.81	2.52	2.07	0.00	0.00	0.00	0.00	0.42	7.39	100.00	3.73	21.06	1487	2515	932	0	0	0	0	0	4935	178.16	10.27	3.38	17.68	13.68	17.72	21.94	1.37	23.60	22.01
9/23/2020 12:39:53 PM	2.99	2.64	2.19	0.00	0.00	0.00	0.00	0.28	7.82	100.00	3.74	21.04	1585	2643	986	0	0	0	0	0	5214	177.24	10.33	3.70	17.84	12.81	19.10	22.00	1.37	23.60	22.03
9/23/2020 12:39:56 PM	1.92	2.34	2.68	0.00	0.00	0.00	0.00	0.48	6.94	100.00	3.76	21.04	1016	2340	1206	0	0	0	0	0	4562	177.68	11.18	3.22	16.07	13.98	17.73	22.24	1.37	23.62	22.05
9/23/2020 12:39:58 PM	1.97	2.46	2.70	0.00	0.00	0.00	0.00	0.37	7.13	100.00	3.78	21.04	1045	2457	1214	0	0	0	0	0	4716	177.34	11.06	3.06	16.58	12.97	18.28	21.59	1.37	23.62	22.05
9/23/2020 12:40:01 PM	2.20	2.25	2.85	0.00	0.00	0.00	0.00	0.33	7.30	100.00	3.82	21.03	1164	2255	1284	0	0	0	0	0	4703	177.69	11.25	3.83	16.36	13.01	17.22	22.61	1.37	23.63	22.10
9/23/2020 12:40:03 PM	3.65	2.75	1.74	0.00	0.00	0.00	0.00	0.35	8.14	100.00	3.84	21.03	1934	2746	784	0	0	0	0	0	5464	176.50	9.92	4.13	19.01	13.77	18.97	22.70	1.38	23.65	22.05
9/23/2020 12:40:05 PM	2.66	2.49	2.03	0.15	0.00	0.00	0.00	0.46	7.32	100.00	3.89	21.04	1411	2489	913	4	0	0	0	0	4817	177.25	10.53	3.89	17.08	14.04	18.71	22.25	1.38	23.66	22.13
9/23/2020 12:40:08 PM	2.25	2.59	2.61	0.00	0.00	0.00	0.00	0.39	7.44	100.00	3.93	21.04	1191	2590	1173	0	0	0	0	0	4954	177.22	11.13	4.16	17.76	13.59	18.37	22.33	1.38	23.67	22.10
9/23/2020 12:40:10 PM	2.45	2.32	2.38	0.00	0.00	0.00	0.00	0.38	7.15	100.00	3.97	21.04	1298	2318	1073	0	0	0	0	0	4689	177.24	10.46	3.99	16.56	13.20	17.04	21.82	1.39	23.67	22.10
9/23/2020 12:40:12 PM	2.31	2.17	2.69	0.00	0.00	0.00	0.00	0.30	7.18	100.00	4.06	21.05	1226	2174	1212	0	0	0	0	0	4612	177.12	10.84	3.64	16.31	12.58	16.39	22.04	1.40	23.67	22.13
9/23/2020 12:40:15 PM	2.21	2.40	2.52	0.00	0.00	0.00	0.00	0.38	7.13	100.00	4.09	21.05	1173	2403	1133	0	0	0	0	0	4709	177.88	10.76	3.97	17.47	13.08	16.73	21.61	1.40	23.68	22.10
9/23/2020 12:40:17 PM	3.22	2.12	1.90	0.00	0.00	0.00	0.00	0.30	7.23	100.00	4.13	21.05	1705	2118	855	0	0	0	0	0	4677	177.32	9.37	3.63	15.81	12.41	16.23	21.38	1.40	23.69	22.14
9/23/2020 12:40:20 PM	3.13	2.34	1.92	0.06	0.00	0.00	0.00	0.34	7.45	100.00	4.16	21.05	1661	2341	863	2	0	0	0	0	4867	177.48	9.80	4.12	16.64	13.02	17.65	21.88	1.41	23.70	22.13
9/23/2020 12:40:22 PM	2.29	2.31	2.47	0.00	0.00	0.00	0.00	0.35	7.07	100.00	4.19	21.05	1215	2314	1109	0	0	0	0	0	4638	178.75	10.45	4.07	16.33	12.76	17.09	21.41	1.41	23.71	22.19
9/23/2020 12:40:24 PM	2.93	2.43	2.05	0.00	0.00	0.00	0.00	0.36	7.41	100.00	4.21	21.05	1553	2428	922	0	0	0	0	0	4903	176.74	9.98	4.69	17.89	13.19	16.59	21.75	1.41	23.71	22.15
9/23/2020 12:40:27 PM	2.08	2.47	2.29	0.00	0.00	0.00	0.00	0.44	6.83	100.00	4.24	21.05	1100	2466	1030	0	0	0	0	0	4596	177.67	10.29	4.37	17.23	13.22	16.81	20.72	1.42	23.73	22.18
9/23/2020 12:40:29 PM	2.39	2.48	2.48	0.00	0.00	0.00	0.00	0.27	7.34	100.00	4.25	21.05	1266	2476	1114	0	0	0	0	0	4856	177.36	10.51	4.01	17.55	12.18	17.38	21.14	1.42	23.73	22.18
9/23/2020 12:40:31 PM	2.40	2.65	2.31	0.00	0.00	0.00	0.00	0.38	7.36	100.00	4.30	21.04	1274	2651	1039	0	0	0	0	0	4964	177.46	10.61	4.01	18.58	13.25	17.69	21.44	1.42	23.75	22.23
9/23/2020 12:40:34 PM	2.65	2.47	1.82	0.46	0.00	0.00	0.00	0.32	7.40	100.00	4.32	21.04	1403	2473	818	14	0	0	0	0	4708	177.31	10.59	4.72	17.66	12.75	19.25	21.52	1.42	23.75	22.20
9/23/2020 12:40:36 PM	3.16	2.59	1.96	0.00	0.00	0.00	0.00	0.31	7.71	100.00	4.36	21.04	1676	2590	880	0	0	0	0	0	5146	177.11	9.92	3.93	17.90	12.97	18.33	21.76	1.43	23.76	22.21
9/23/2020 12:40:39 PM	2.49	2.39	2.12	0.01	0.00	0.00	0.00	0.44	7.00	100.00	4.40	21.04	1319	2387	952	0	0	0	0	0	4659	177.50	10.05	3.85	16.33	13.41	17.53	21.27	1.43	23.76	22.24
9/23/2020 12:40:41 PM	1.50	2.51	2.91	0.03	0.00	0.00	0.00	0.39	6.95	100.00	4.44	21.04	797	2507	1307	1	0	0	0	0	4612	177.44	11.41	4.15	16.86	13.01	18.15	21.36	1.43	23.78	22.25
9/23/2020 12:40:43 PM	2.09	2.66	2.25	0.00	0.00	0.00	0.00	0.42	7.00	100.00	4.47	21.03	1106	2657	1014	0	0	0	0	0	4777	176.97	10.40	4.01	18.57	13.07	17.11	20.46	1.44	23.78	22.29
9/23/2020 12:40:46 PM	2.21	2.55	2.35	0.00	0.00	0.00	0.00	0.39	7.11	100.00	4.50	21.02	1170	2554	1056	0	0	0	0	0	4780	177.98	10.45	4.05	17.27	13.05	17.93	21.03	1.44	23.78	22.26
9/23/2020 12:40:48 PM	1.73	2.41	2.68	0.00	0.00	0.00	0.00	0.35	6.81	100.00	4.54	21.02	919	2406	1204	0	0	0	0	0	4528	177.70	10.81	3.60	16.98	12.43	16.81	20.59	1.44	23.80	22.25
9/23/2020 12:40:51 PM	1.98	2.54	2.31	0.00	0.00	0.00	0.00	0.46	6.83	100.00	4.59	21.03	1052	2543	1037	0	0	0	0	0	4632	177.24	10.40	4.12	17.34	13.36	17.33	20.67	1.45	23.81	22.30
9/23/2020 12:40:53 PM	2.84	2.60	1.73	0.00	0.00	0.00	0.00	0.38	7.17	100.00	4.62	21.02	1505	2600	777	0	0	0	0	0	4883	176.74	9.38	3.89	17.77	12.80	17.57	20.24	1.45	23.82	22.33
9/23/2020 12:40:55 PM	2.33	2.59	1.87	0.00	0.00	0.00	0.00	0.45	6.79	100.00	4.64	21.02	1236	2585	842	0	0	0	0	0	4663	176.83	9.64	3.76	17.84	13.05	16.89	19.81	1.45	23.82	22.31
9/23/2020 12:40:58 PM	2.89	2.63	1.60	0.00	0.00	0.00	0.00	0.40	7.12	100.00	4.66	21.01	1533	2631	720	0	0	0	0	0	4884	177.34	9.19	3.62	17.73	12.85	17.76	20.00	1.46	23.83	22.31
9/23/2020 12:41:00 PM	2.67	2.51	1.88	0.00	0.00	0.00	0.00	0.37	7.07	100.00	4.67	21.02	1415	2515	846	0	0	0	0	0	4776	176.76	9.50	4.41	17.33	12.70	17.20	20.30	1.46	23.84	22.33
9/23/2020 12:41:02 PM	2.04	2.32	2.21	0.00	0.00	0.00	0.00	0.40	6.57	100.00	4.71	21.02	1080	2320	996	0	0	0	0	0	4396	177.54	9.86	3.83	16.21	12.45	16.36	19.85	1.46	23.84	22.33
9/23/2020 12:41:05 PM	2.47	2.46	2.01	0.00	0.00	0.00	0.00	0.31	6.93	100.00	4.76	21.01	1307	2460	902	0	0	0	0	0	4669	176.94	9.52	3.83	17.08	11.91	16.90	19.65	1.47	23.85	22.35
9/23/2020 12:41:07 PM	1.86	2.53	1.96	0.00	0.00	0.00	0.00	0.44	6.34	100.00	4.80	21.02	986	2529	880	0	0	0	0	0	4395	178.11	9.47	3.73	17.03	12.37	16.58	18.57	1.47	23.85	22.38
9/23/2020 12:41:10 PM	2.72	2.41	1.51	0.00	0.00	0.00	0.00	0.41	6.64	100.00	4.82	21.02	1441	2410	681	0	0	0	0	0	4533	177.57	8.70	3.22	16.07	12.37	17.09	19.06	1.47	23.86	22.35
9/23/2020 12:41:12 PM	2.44	2.35	1.96	0.00	0.00	0.00	0.00	0.38	6.75	100.00	4.85	21.03	1293	2351	883	0	0	0	0	0	4527	177.82	9.44	3.96	16.23	12.42	16.73	19.90	1.48	23.87	22.36
9/23/2020 12:41:14 PM	2.01	2.57	1.93	0.00	0.00	0.00	0.00	0.47	6.51	100.00	4.86	21.03	1064	2570	869	0	0	0	0	0	4503	177.85	9.57	3.96	17.06	12.90	17.12	19.21	1.48	23.87	22.39
9/23/2020 12:41:17 PM	2.24	2.32	1.97	0.00	0.00	0.00	0.00	0.40	6.54	100.00	4.86	21.02	1188	2320	889	0	0	0	0	0	4397	177.63	9.36	4.12	15.91	12.38	16.47	19.50	1.48	23.89	22.43
9/23/2020 12:41:19 PM	2.39	2.65	1.69	0.00	0.00	0.00	0.00	0.41	6.72	100.00	4.86	21.02	1266	2647	760	0	0	0	0	0	4673	177.40	9.13	3.69	17.39	12.41	17.58	18.87	1.48	23.89	22.44
9/23/2020 12:41:21 PM	2.50	2.56	1.76	0.00	0.00	0.00	0.00	0.39	6.82	100.00	4.88	21.01	1325	2559	793	0	0	0	0	0	4676	178.03	9.23	3.71	17.06	12.42	17.46	19.36	1.48	23.90	22.39
9/23/2020 12:41:24 PM	2.20	2.43	1.94	0.00	0.00	0.00	0.00	0.39	6.57	100.00	4.90	21.03	1166	2427	873	0	0	0	0	0	4467	177.69	9.35	3.94	16.39	12.24	16.80	19.16	1.48	23.91	22.43
9/23/2020 12:41:26 PM	2.28	2.55	1.72	0.00	0.00	0.00	0.00	0.44	6.55	100.00	4.92	21.02	1210	2547	775	0	0	0	0	0	4533	177.70	9.12	4.23	17.10	12.62	16.82	18.93	1.48	23.91	22.41
9/23/2020 12:41:29 PM	2.46	2.73	1.61	0.00	0.00	0.00	0.00	0.41	6.79	100.00	4.98	21.02	1303	2729	722	0	0	0	0	0	4755	177.71	8.99	4.24	17.79	12.43	17.75	18.75	1.49	23.91	22.45
9/23/2020 12:41:31 PM	2.08	2.90	1.60	0.00	0.00	0.00	0.00	0.45	6.58	100.00	5.05	21.00	1105	2903	718	0	0	0	0	0	4726	177.45	9.07	4.06	18.80	12.41	17.67	17.86	1.49	23.91	22.45
9/23/2020 12:41:33 PM	1.91	2.71	1.60	0.18	0.00	0.00	0.00	0.44	6.40	100.00	5.08	21.00	1015	2714	718	5	0	0	0	0	4452	177.26	9.27	3.95	17.13	12.27	18.60	18.01	1.50	23.91	22.49
9/23/2020 12:41:36 PM	2.55	2.81	1.62	0.09	0.00	0.00	0.00	0.29	7.06	100.00	5.16	20.99	1352	2806	727	3	0	0	0	0	4888	176.92	9.11	3.78	17.75	11.56	19.20	18.56	1.51	23.94	22.46
9/23/2020 12:41:38 PM	2.16	2.74	1.68	0.00	0.00	0.00	0.00	0.40	6.58	100.00	5.23	20.99	1145	2742	757	0	0	0	0	0	4644	178.11	9.05	3.77	17.79	12.07	17.58	18.07	1.51	23.94	22.48
9/23/2020 12:41:41 PM	2.32	2.76	1.32	0.00	0.00	0.00	0.00	0.49	6.40	100.00	5.30	20.99	1228	2761	593	0	0	0	0	0	4583	177.48	8.53	3.79	17.93	12.59	17.19	17.69	1.52	23.94	22.49
9/23/2020 12:41:43 PM	2.50	2.56	1.39	0.00	0.00	0.00	0.00	0.42	6.45	100.00	5.36	20.97	1326	2564	625	0	0	0	0	0	4514	178.36	8.44	3.60	16.95	12.11	16.85	17.97	1.52	23.94	22.52
9/23/2020 12:41:45 PM	2.24	2.96	1.58	0.00	0.00	0.00	0.00	0.41	6.78	100.00	5.42	20.96	1188	2958	712	0	0	0	0	0	4858	177.80	9.05	4.38	19.00	12.33	18.11	18.08	1.53	23.95	22.48
9/23/2020 12:41:48 PM	2.04	2.77	1.47	0.00	0.00	0.00	0.00	0.47	6.28	100.00	5.48	20.95	1083	2769	662	0	0	0	0	0	4513	177.40	8.67	3.40	17.36	12.24	17.75	17.31	1.54	23.95	22.52
9/23/2020 12:41:50 PM	2.11	2.54	1.59	0.00	0.00	0.00	0.00	0.44	6.24	100.00	5.53	20.94	1118	2542	715	0	0	0	0	0	4375	177.97	8.68	3.64	16.30	12.06	17.12	17.73	1.54	23.97	22.59
9/23/2020 12:41:52 PM	1.98	2.83	1.66	0.00	0.00	0.00	0.00	0.43	6.47	100.00	5.57	20.93	1050	2827	747	0	0	0	0	0	4624	177.79	9.00	4.09	17.84	12.16	17.92	17.68	1.55	23.97	22.54
9/23/2020 12:41:55 PM	1.92	3.04	1.57	0.00	0.00	0.00	0.00	0.43	6.53	100.00	5.61	20.94	1020	3038	705	0	0	0	0	0	4763	177.60	9.03	3.72	19.56	12.04	17.78	17.11	1.55	23.98	22.54
9/23/2020 12:41:57 PM	2.19	2.88	1.53	0.00	0.00	0.00	0.00	0.42	6.60	100.00	5.64	20.93	1161	2880	690	0	0	0	0	0	4731	177.32	8.83	4.16	18.06	12.21	18.24	17.76	1.55	23.98	22.60
9/23/2020 12:42:00 PM	2.49	2.83	1.28	0.00	0.00	0.00	0.00	0.40	6.59	100.00	5.66	20.93	1318	2829	575	0	0	0	0	0	4721	177.36	8.31	4.18	18.12	11.92	17.64	17.37	1.55	23.99	22.56
9/23/2020 12:42:02 PM	1.96	2.85	1.70	0.04	0.00	0.00	0.00	0.42	6.55	100.00	5.70	20.93	1039	2848	765	1	0	0	0	0	4653	177.74	9.19	3.87	17.53	12.17	18.81	17.91	1.56	23.99	22.59
9/23/2020 12:42:04 PM	1.34	2.96	1.92	0.00	0.00	0.00	0.00	0.50	6.21	100.00	5.74	20.92	709	2958	862	0	0	0	0	0	4529	177.00	9.54	3.94	18.09	12.49	18.40	17.34	1.56	23.99	22.59
9/23/2020 12:42:07 PM	2.43	2.94	1.59	0.00	0.00	0.00	0.00	0.36	6.95	100.00	5.77	20.90	1289	2935	713	0	0	0	0	0	4937	177.31	8.96	4.22	18.41	12.00	18.83	18.25	1.57	24.00	22.57
9/23/2020 12:42:09 PM	2.01	2.99	1.55	0.00	0.00	0.00	0.00	0.43	6.55	100.00	5.81	20.90	1064	2994	699	0	0	0	0	0	4756	177.17	8.92	3.82	18.35	12.15	18.77	17.36	1.57	24.01	22.59
9/23/2020 12:42:11 PM	2.09	2.99	1.56	0.00	0.00	0.00	0.00	0.42	6.64	100.00	5.86	20.89	1109	2989	701	0	0	0	0	0	4799	177.31	8.94	3.71	18.34	12.10	18.88	17.52	1.57	24.02	22.59
9/23/2020 12:42:14 PM	1.97	2.93	1.70	0.00	0.00	0.00	0.00	0.44	6.59	100.00	5.91	20.88	1041	2926	765	0	0	0	0	0	4732	178.00	9.16	4.24	18.05	12.38	18.65	17.92	1.58	24.02	22.60
9/23/2020 12:42:16 PM	1.73	3.34	1.66	0.00	0.00	0.00	0.00	0.47	6.73	100.00	5.96	20.89	914	3339	748	0	0	0	0	0	5001	177.35	9.45	4.28	20.61	12.59	19.24	17.33	1.58	24.03	22.64
9/23/2020 12:42:19 PM	1.86	3.39	1.04	0.57	0.00	0.00	0.00	0.50	6.86	100.00	6.02	20.88	985	3395	469	17	0	0	0	0	4867	176.70	9.87	4.78	20.48	13.09	22.46	17.85	1.59	24.02	22.62
9/23/2020 12:42:21 PM	1.75	4.21	1.54	0.00	0.00	0.00	0.00	0.49	7.50	100.00	6.06	20.86	927	4212	692	0	0	0	0	0	5831	176.85	9.83	5.31	23.68	13.22	23.57	17.30	1.59	24.03	22.64
9/23/2020 12:42:23 PM	1.89	3.57	1.52	0.00	0.00	0.00	0.00	0.48	6.98	100.00	6.11	20.85	1003	3568	684	0	0	0	0	0	5255	176.99	9.36	4.68	20.98	12.90	20.86	17.46	1.60	24.03	22.62
9/23/2020 12:42:26 PM	1.54	4.21	1.64	0.00	0.00	0.00	0.00	0.51	7.39	100.00	6.19	20.84	817	4207	738	0	0	0	0	0	5761	177.74	10.15	4.88	24.67	13.36	22.42	17.26	1.61	24.04	22.67
9/23/2020 12:42:28 PM	1.85	3.64	1.51	0.00	0.00	0.00	0.00	0.47	7.00	100.00	6.22	20.74	982	3641	678	0	0	0	0	0	5301	176.93	9.30	5.00	21.37	12.72	20.94	17.17	1.61	24.04	22.70
9/23/2020 12:42:31 PM	1.54	4.59	1.45	0.00	0.00	0.00	0.00	0.51	7.58	100.00	6.27	20.64	816	4593	652	0	0	0	0	0	6061	177.32	9.93	5.46	25.77	13.27	24.25	16.52	1.61	24.05	22.70
9/23/2020 12:42:33 PM	1.16	4.20	1.70	0.00	0.00	0.00	0.00	0.55	7.06	100.00	6.32	20.61	614	4198	765	0	0	0	0	0	5578	176.87	10.08	5.22	23.82	13.33	22.70	16.63	1.62	24.06	22.67
9/23/2020 12:42:35 PM	1.04	4.44	1.66	0.00	0.00	0.00	0.00	0.60	7.14	100.00	6.38	20.54	549	4440	747	0	0	0	0	0	5737	176.56	10.22	5.29	24.38	13.77	24.06	16.55	1.62	24.06	22.70
9/23/2020 12:42:38 PM	1.11	5.70	1.65	0.00	0.00	0.00	0.00	0.55	8.47	100.00	6.41	20.46	589	5705	744	0	0	0	0	0	7038	177.09	11.24	6.52	31.24	14.29	28.18	16.74	1.63	24.07	22.66
9/23/2020 12:42:40 PM	0.17	4.78	2.28	0.00	0.00	0.00	0.00	0.63	7.23	100.00	6.48	20.42	92	4777	1025	0	0	0	0	0	5894	176.93	11.48	6.30	25.69	14.20	25.48	16.88	1.63	24.07	22.71
9/23/2020 12:42:42 PM	0.00	4.83	2.33	0.01	0.00	0.00	0.00	0.64	7.16	100.00	6.53	20.39	0	4832	1047	0	0	0	0	0	5879	176.57	11.89	6.23	25.71	14.20	25.75	16.44	1.64	24.07	22.76
9/23/2020 12:42:45 PM	0.00	5.05	2.00	0.21	0.00	0.00	0.00	0.68	7.26	100.00	6.57	20.35	0	5053	902	6	0	0	0	0	5961	176.78	12.19	6.37	26.80	14.63	27.23	16.24	1.64	24.08	22.71
9/23/2020 12:42:47 PM	0.00	5.30	1.93	0.22	0.00	0.00	0.00	0.71	7.46	100.00	6.60	20.27	0	5300	870	7	0	0	0	0	6176	177.01	12.40	6.10	27.70	15.02	28.56	16.31	1.65	24.07	22.72
9/23/2020 12:42:50 PM	0.00	5.65	2.28	0.00	0.00	0.00	0.00	0.65	7.93	100.00	6.66	20.15	0	5650	1027	0	0	0	0	0	6677	176.62	12.41	7.18	30.75	14.81	27.63	16.64	1.65	24.08	22.76
9/23/2020 12:42:52 PM	0.00	4.36	1.30	0.98	0.00	0.00	0.00	0.74	6.63	100.00	6.71	19.76	0	4356	584	29	0	0	0	0	4970	176.90	13.41	6.73	25.02	15.03	26.17	16.23	1.66	24.07	22.77
9/23/2020 12:42:54 PM	0.00	4.44	1.74	0.48	0.00	0.00	0.00	0.77	6.67	100.00	6.77	19.46	0	4444	785	14	0	0	0	0	5243	176.54	13.24	6.84	24.96	15.35	24.71	16.16	1.66	24.08	22.80
9/23/2020 12:42:57 PM	0.00	3.49	0.20	2.62	0.00	0.00	0.00	0.75	6.31	100.00	6.87	19.20	0	3491	88	79	0	0	0	0	3658	176.22	17.87	8.99	24.77	16.03	26.15	16.80	1.67	24.09	22.79
9/23/2020 12:42:59 PM	0.00	3.31	0.00	3.04	0.00	0.00	0.00	0.71	6.35	100.00	6.93	18.19	0	3306	0	91	0	0	0	0	3398	176.47	18.87	9.75	24.72	16.11	26.64	17.11	1.68	24.08	22.77
9/23/2020 12:43:01 PM	0.00	2.72	0.00	3.18	0.00	0.00	0.00	0.76	5.90	100.00	6.99	17.57	0	2722	0	95	0	0	0	0	2817	176.50	19.21	9.02	21.95	16.59	25.25	17.57	1.68	24.09	22.77
9/23/2020 12:43:04 PM	0.00	2.63	0.00	3.50	0.00	0.00	0.00	0.69	6.13	100.00	7.06	17.76	0	2626	0	105	0	0	0	0	2731	176.61	20.83	9.77	22.44	16.62	25.63	17.86	1.69	24.09	22.80
9/23/2020 12:43:06 PM	0.00	2.47	0.00	3.26	0.00	0.00	0.00	0.76	5.72	100.00	7.14	17.66	0	2467	0	98	0	0	0	0	2564	176.19	19.73	8.97	21.41	16.49	23.94	17.69	1.70	24.08	22.80
9/23/2020 12:43:09 PM	0.00	2.57	0.00	3.62	0.00	0.00	0.00	0.69	6.19	100.00	7.21	17.47	0	2567	0	109	0	0	0	0	2675	176.59	21.53	9.38	22.64	16.69	25.69	18.31	1.71	24.07	22.82
9/23/2020 12:43:11 PM	0.00	2.78	0.00	4.01	0.00	0.00	0.00	0.62	6.79	100.00	7.29	16.41	0	2778	0	120	0	0	0	0	2899	176.07	23.58	11.34	25.09	17.06	27.07	19.04	1.71	24.08	22.84
9/23/2020 12:43:13 PM	0.00	2.34	0.00	4.93	0.00	0.00	0.00	0.46	7.27	100.00	7.37	15.50	0	2339	0	148	0	0	0	0	2487	176.22	27.36	12.96	23.77	17.76	29.69	19.60	1.72	24.07	22.82
9/23/2020 12:43:16 PM	0.00	2.09	0.00	4.19	0.00	0.00	0.00	0.60	6.29	100.00	7.41	15.51	0	2093	0	126	0	0	0	0	2219	176.08	24.01	10.82	21.86	16.93	25.38	18.84	1.73	24.07	22.86
9/23/2020 12:43:18 PM	0.00	2.05	0.00	4.64	0.00	0.00	0.00	0.51	6.69	100.00	7.43	15.93	0	2047	0	139	0	0	0	0	2187	176.38	26.11	11.00	22.25	17.08	27.21	19.32	1.73	24.06	22.86
9/23/2020 12:43:21 PM	0.00	2.22	0.00	4.23	0.00	0.00	0.00	0.54	6.45	100.00	7.51	15.72	0	2216	0	127	0	0	0	0	2343	176.17	24.66	11.26	22.48	16.69	25.86	18.14	1.74	24.06	22.87
9/23/2020 12:43:23 PM	0.00	2.39	0.00	5.02	0.00	0.00	0.00	0.35	7.41	100.00	7.58	14.93	0	2390	0	151	0	0	0	0	2540	176.29	28.46	13.14	24.77	16.93	29.35	18.77	1.74	24.05	22.86
9/23/2020 12:43:25 PM	0.00	2.24	0.00	4.98	0.00	0.00	0.00	0.38	7.23	100.00	7.66	14.34	0	2245	0	150	0	0	0	0	2394	176.17	28.06	12.46	24.39	16.73	28.42	19.21	1.75	24.04	22.85
9/23/2020 12:43:28 PM	0.00	2.09	0.00	4.88	0.00	0.00	0.00	0.35	6.97	100.00	7.74	13.86	0	2091	0	146	0	0	0	0	2238	175.81	27.53	12.14	22.99	16.31	27.82	18.27	1.76	24.03	22.89
9/23/2020 12:43:30 PM	0.00	2.47	0.00	5.12	0.00	0.00	0.00	0.29	7.59	100.00	7.82	13.90	0	2474	0	154	0	0	0	0	2628	175.85	29.00	13.63	25.56	16.59	29.73	18.57	1.77	24.02	22.86
9/23/2020 12:43:32 PM	0.00	2.20	0.00	5.06	0.00	0.00	0.00	0.27	7.27	100.00	7.86	13.93	0	2204	0	152	0	0	0	0	2356	175.92	28.64	12.53	24.15	16.02	28.58	18.19	1.77	24.01	22.89
9/23/2020 12:43:35 PM	0.00	2.34	0.00	4.54	0.00	0.00	0.00	0.30	6.89	100.00	7.91	14.05	0	2345	0	136	0	0	0	0	2481	175.75	26.68	11.85	23.46	15.41	27.37	16.49	1.78	24.00	22.87
9/23/2020 12:43:37 PM	0.00	2.10	0.00	4.59	0.00	0.00	0.00	0.26	6.69	100.00	7.98	14.11	0	2096	0	138	0	0	0	0	2234	175.76	26.51	11.68	22.30	14.96	26.61	16.25	1.78	23.98	22.90
9/23/2020 12:43:40 PM	0.00	2.46	0.00	4.49	0.00	0.00	0.00	0.28	6.95	100.00	7.98	14.01	0	2462	0	135	0	0	0	0	2596	175.41	26.42	11.99	24.19	15.04	27.30	16.35	1.78	23.98	22.89
9/23/2020 12:43:42 PM	0.00	2.07	0.00	4.06	0.00	0.00	0.00	0.31	6.13	100.00	8.00	13.87	0	2075	0	122	0	0	0	0	2196	175.62	23.61	11.15	21.27	14.08	24.38	15.25	1.78	23.96	22.90
9/23/2020 12:43:44 PM	0.00	2.33	0.00	4.24	0.00	0.00	0.00	0.28	6.57	100.00	8.05	14.14	0	2334	0	127	0	0	0	0	2462	175.28	24.82	11.11	22.64	14.38	26.38	15.56	1.79	23.94	22.90
9/23/2020 12:43:47 PM	0.00	1.79	0.00	3.80	0.00	0.00	0.00	0.32	5.59	100.00	8.14	14.25	0	1791	0	114	0	0	0	0	1904	174.99	22.06	10.07	18.81	13.52	22.92	14.26	1.80	23.93	22.90
9/23/2020 12:43:49 PM	0.00	1.55	0.00	3.34	0.00	0.00	0.00	0.37	4.90	100.00	8.22	13.90	0	1551	0	100	0	0	0	0	1651	175.11	19.46	8.34	16.65	12.62	20.60	13.52	1.80	23.91	22.92
9/23/2020 12:43:51 PM	0.00	1.79	0.00	3.46	0.00	0.00	0.00	0.35	5.25	100.00	8.24	13.33	0	1794	0	104	0	0	0	0	1898	174.88	20.50	8.80	18.13	12.87	21.80	13.58	1.81	23.91	22.94
9/23/2020 12:43:54 PM	0.00	1.62	0.00	3.27	0.00	0.00	0.00	0.40	4.88	100.00	8.28	13.16	0	1617	0	98	0	0	0	0	1715	174.95	19.17	8.61	16.91	12.78	20.43	13.52	1.81	23.87	22.90
9/23/2020 12:43:56 PM	0.00	1.61	0.00	3.10	0.00	0.00	0.00	0.41	4.71	100.00	8.32	13.49	0	1610	0	93	0	0	0	0	1703	174.47	18.29	7.96	16.35	12.47	20.04	13.12	1.81	23.87	22.92
9/23/2020 12:43:59 PM	0.00	1.74	0.00	3.29	0.00	0.00	0.00	0.36	5.03	100.00	8.35	13.52	0	1744	0	99	0	0	0	0	1843	174.59	19.26	8.67	17.31	12.54	21.25	13.20	1.82	23.85	22.91
9/23/2020 12:44:01 PM	0.00	1.72	0.00	2.53	0.00	0.00	0.00	0.44	4.25	100.00	8.40	13.55	0	1721	0	76	0	0	0	0	1797	174.28	15.67	7.62	16.08	11.47	17.85	11.77	1.82	23.83	22.90
9/23/2020 12:44:03 PM	0.00	2.85	0.75	1.79	0.00	0.00	0.00	0.38	5.39	100.00	8.46	13.47	0	2855	338	54	0	0	0	0	3246	173.66	16.34	8.43	20.98	11.56	19.46	11.67	1.83	23.82	22.94
9/23/2020 12:44:06 PM	0.00	1.26	0.00	2.65	0.00	0.00	0.00	0.42	3.91	100.00	8.55	13.39	0	1260	0	80	0	0	0	0	1340	172.54	15.51	6.17	12.73	11.43	18.21	11.55	1.84	23.80	22.95
9/23/2020 12:44:08 PM	0.00	1.29	0.00	1.83	0.00	0.00	0.00	0.55	3.12	100.00	8.62	13.20	0	1287	0	55	0	0	0	0	1342	168.31	11.85	5.47	12.19	10.55	14.16	10.42	1.84	23.76	22.94
9/23/2020 12:44:11 PM	0.00	1.22	0.00	2.12	0.00	0.00	0.00	0.52	3.34	100.00	8.67	13.18	0	1222	0	64	0	0	0	0	1285	168.40	12.91	6.05	12.29	10.92	15.16	11.04	1.85	23.74	22.95
9/23/2020 12:44:13 PM	0.00	1.22	0.00	1.94	0.00	0.00	0.00	0.54	3.17	100.00	8.70	13.25	0	1224	0	58	0	0	0	0	1283	167.65	12.14	5.38	11.85	10.71	14.66	10.70	1.85	23.74	22.94
9/23/2020 12:44:15 PM	0.00	1.24	0.00	2.01	0.00	0.00	0.00	0.52	3.25	100.00	8.72	12.95	0	1241	0	60	0	0	0	0	1301	166.92	12.30	5.44	12.11	10.60	14.97	10.86	1.85	23.70	22.91
9/23/2020 12:44:18 PM	0.00	1.40	0.00	2.22	0.00	0.00	0.00	0.47	3.62	100.00	8.73	12.46	0	1401	0	67	0	0	0	0	1468	167.27	13.69	5.78	13.06	10.88	16.59	10.90	1.86	23.67	22.94
9/23/2020 12:44:20 PM	0.00	1.20	0.00	1.71	0.00	0.00	0.00	0.56	2.92	100.00	8.77	12.62	0	1202	0	51	0	0	0	0	1254	166.19	11.05	5.00	11.50	10.33	13.50	10.30	1.86	23.65	22.99
9/23/2020 12:44:22 PM	0.00	1.09	0.00	1.91	0.00	0.00	0.00	0.53	2.99	100.00	8.80	12.93	0	1087	0	57	0	0	0	0	1144	165.91	11.61	5.46	11.14	10.41	13.96	10.52	1.86	23.63	22.90
9/23/2020 12:44:25 PM	0.00	1.33	0.00	1.97	0.00	0.00	0.00	0.54	3.30	100.00	8.84	12.94	0	1331	0	59	0	0	0	0	1390	165.13	12.23	5.72	12.75	10.71	14.82	11.01	1.87	23.60	22.89
9/23/2020 12:44:27 PM	0.00	1.17	0.00	2.08	0.00	0.00	0.00	0.51	3.25	100.00	8.87	13.04	0	1175	0	62	0	0	0	0	1237	164.03	12.83	5.57	12.11	10.62	14.71	10.84	1.87	23.57	22.91
9/23/2020 12:44:30 PM	0.00	1.12	0.00	1.82	0.00	0.00	0.00	0.56	2.94	100.00	8.91	13.18	0	1123	0	55	0	0	0	0	1177	164.91	11.33	4.63	11.32	10.38	13.76	10.79	1.87	23.54	22.92
9/23/2020 12:44:32 PM	0.00	1.47	0.00	2.14	0.00	0.00	0.00	0.50	3.61	100.00	8.98	13.23	0	1468	0	64	0	0	0	0	1532	164.71	13.05	6.45	13.62	10.91	16.09	11.20	1.88	23.52	22.94
9/23/2020 12:44:34 PM	0.00	1.25	0.00	1.84	0.00	0.00	0.00	0.56	3.09	100.00	9.06	12.83	0	1250	0	55	0	0	0	0	1306	165.34	11.40	5.35	12.08	10.51	14.10	10.86	1.89	23.47	22.89
9/23/2020 12:44:37 PM	0.00	1.00	0.00	1.59	0.00	0.00	0.00	0.58	2.59	100.00	9.11	12.60	0	1004	0	48	0	0	0	0	1051	165.96	9.82	4.21	9.96	10.00	12.77	10.22	1.89	23.47	22.92
9/23/2020 12:44:39 PM	0.00	1.01	0.13	1.18	0.00	0.00	0.00	0.62	2.32	100.00	9.16	12.73	0	1011	58	35	0	0	0	0	1104	165.67	8.66	3.84	9.48	9.74	11.11	9.61	1.90	23.43	22.91
9/23/2020 12:44:41 PM	0.00	0.96	0.00	1.53	0.00	0.00	0.00	0.60	2.49	100.00	9.20	12.68	0	962	0	46	0	0	0	0	1008	164.07	9.71	4.26	9.83	9.98	12.12	10.04	1.90	23.40	22.90
9/23/2020 12:44:44 PM	0.00	1.53	0.65	0.89	0.00	0.00	0.00	0.57	3.07	100.00	9.23	12.68	0	1529	293	27	0	0	0	0	1848	162.81	9.57	4.19	11.70	10.05	12.53	10.22	1.90	23.37	22.89
9/23/2020 12:44:46 PM	0.00	1.23	0.29	1.07	0.00	0.00	0.00	0.62	2.59	100.00	9.27	12.91	0	1226	131	32	0	0	0	0	1389	161.36	8.69	4.00	10.34	9.91	11.77	9.96	1.91	23.34	22.86
9/23/2020 12:44:49 PM	0.00	0.85	0.00	1.47	0.00	0.00	0.00	0.62	2.31	100.00	9.30	13.04	0	846	0	44	0	0	0	0	890	162.58	9.12	3.83	9.06	9.92	11.66	10.16	1.91	23.31	22.87
9/23/2020 12:44:51 PM	0.00	1.10	0.00	1.79	0.00	0.00	0.00	0.55	2.89	100.00	9.29	12.52	0	1098	0	54	0	0	0	0	1152	161.39	10.64	5.37	10.98	10.28	13.64	10.69	1.91	23.28	22.86
9/23/2020 12:44:53 PM	0.00	1.08	0.10	1.16	0.00	0.00	0.00	0.63	2.34	100.00	9.27	11.85	0	1080	46	35	0	0	0	0	1161	160.76	8.37	3.94	9.71	9.76	11.32	9.62	1.91	23.25	22.81
9/23/2020 12:44:56 PM	0.00	1.07	0.17	1.10	0.00	0.00	0.00	0.62	2.33	100.00	9.48	11.74	0	1070	76	33	0	0	0	0	1178	160.55	8.27	3.70	9.51	9.63	11.21	9.57	1.93	23.21	22.84
9/23/2020 12:44:58 PM	0.00	0.98	0.13	1.08	0.00	0.00	0.00	0.63	2.19	100.00	9.60	11.62	0	982	58	32	0	0	0	0	1072	161.30	7.93	3.57	9.01	9.58	10.82	9.51	1.94	23.19	22.82
9/23/2020 12:45:01 PM	0.00	1.02	0.13	1.00	0.00	0.00	0.00	0.63	2.15	100.00	9.68	11.43	0	1015	61	30	0	0	0	0	1106	162.01	7.70	3.40	8.94	9.43	10.70	9.17	1.95	23.15	22.85
9/23/2020 12:45:03 PM	0.00	1.05	0.19	0.93	0.00	0.00	0.00	0.64	2.16	100.00	9.72	11.42	0	1046	86	28	0	0	0	0	1160	161.90	7.64	3.44	9.00	9.51	10.54	9.16	1.95	23.12	22.85
9/23/2020 12:45:05 PM	0.00	1.13	0.35	0.97	0.00	0.00	0.00	0.61	2.45	100.00	9.75	11.62	0	1128	158	29	0	0	0	0	1315	161.70	8.21	3.80	9.69	9.69	11.09	9.85	1.96	23.09	22.84
9/23/2020 12:45:08 PM	0.00	1.02	0.37	0.91	0.00	0.00	0.00	0.61	2.30	100.00	9.81	11.84	0	1021	167	27	0	0	0	0	1215	160.62	7.93	3.36	8.97	9.46	10.60	9.63	1.96	23.03	22.77
9/23/2020 12:45:10 PM	0.00	1.12	0.30	0.88	0.00	0.00	0.00	0.63	2.30	100.00	9.87	11.83	0	1118	135	26	0	0	0	0	1279	160.32	7.81	3.63	9.38	9.60	10.69	9.40	1.97	23.01	22.84
9/23/2020 12:45:12 PM	0.00	0.88	0.00	1.26	0.00	0.00	0.00	0.62	2.14	100.00	9.96	11.81	0	885	0	38	0	0	0	0	922	160.34	8.18	3.44	8.75	9.50	11.08	9.52	1.98	22.97	22.79
9/23/2020 12:45:15 PM	0.00	1.07	0.21	1.13	0.00	0.00	0.00	0.63	2.41	100.00	10.06	11.70	0	1066	97	34	0	0	0	0	1197	159.38	8.51	3.94	9.69	9.86	11.27	9.98	1.99	22.93	22.77
9/23/2020 12:45:17 PM	0.00	1.07	0.28	1.00	0.00	0.00	0.00	0.61	2.35	100.00	10.12	11.68	0	1075	127	30	0	0	0	0	1232	159.71	8.09	3.50	9.34	9.57	11.06	9.66	1.99	22.90	22.77
9/23/2020 12:45:20 PM	0.00	1.21	0.42	0.88	0.00	0.00	0.00	0.62	2.51	100.00	10.17	11.81	0	1208	188	27	0	0	0	0	1422	159.08	8.25	3.64	9.87	9.79	11.25	9.83	2.00	22.86	22.76
9/23/2020 12:45:22 PM	0.00	1.15	0.60	0.76	0.00	0.00	0.00	0.62	2.52	100.00	10.23	11.90	0	1154	271	23	0	0	0	0	1447	158.96	7.96	3.33	9.41	9.80	10.95	10.29	2.00	22.82	22.75
9/23/2020 12:45:24 PM	0.00	1.09	0.48	0.75	0.00	0.00	0.00	0.64	2.32	100.00	10.31	11.92	0	1086	217	22	0	0	0	0	1325	158.74	7.57	3.26	8.98	9.71	10.47	9.86	2.01	22.79	22.71
9/23/2020 12:45:27 PM	0.00	1.19	0.56	0.72	0.00	0.00	0.00	0.62	2.47	100.00	10.39	11.84	0	1192	252	21	0	0	0	0	1465	158.55	7.65	3.38	9.46	9.63	10.85	9.93	2.02	22.75	22.72
9/23/2020 12:45:29 PM	0.00	1.06	0.35	0.84	0.00	0.00	0.00	0.65	2.25	100.00	10.48	11.69	0	1058	160	25	0	0	0	0	1243	158.62	7.46	3.26	8.91	9.66	10.65	9.78	2.03	22.72	22.71
9/23/2020 12:45:31 PM	0.00	1.02	0.38	0.70	0.00	0.00	0.00	0.65	2.10	100.00	10.57	11.57	0	1018	172	21	0	0	0	0	1211	158.37	6.93	2.95	8.37	9.49	10.04	9.42	2.04	22.68	22.70
9/23/2020 12:45:34 PM	0.00	1.00	0.47	0.69	0.00	0.00	0.00	0.64	2.17	100.00	10.63	11.54	0	1005	212	21	0	0	0	0	1238	158.36	7.19	3.11	8.46	9.50	9.93	9.60	2.04	22.64	22.67
9/23/2020 12:45:36 PM	0.00	1.02	0.51	0.67	0.00	0.00	0.00	0.64	2.19	100.00	10.68	11.71	0	1018	230	20	0	0	0	0	1268	158.33	6.95	3.08	8.44	9.45	10.02	9.77	2.05	22.60	22.67
9/23/2020 12:45:39 PM	0.00	1.02	0.37	0.82	0.00	0.00	0.00	0.65	2.21	100.00	10.73	12.04	0	1021	165	25	0	0	0	0	1210	158.28	7.27	3.36	8.75	9.60	10.36	9.80	2.05	22.58	22.65
9/23/2020 12:45:41 PM	0.00	1.01	0.31	0.92	0.00	0.00	0.00	0.64	2.24	100.00	10.78	12.28	0	1009	141	28	0	0	0	0	1178	158.86	7.56	3.72	9.00	9.69	10.46	9.92	2.06	22.53	22.66
9/23/2020 12:45:43 PM	0.00	1.00	0.38	0.86	0.00	0.00	0.00	0.65	2.23	100.00	10.84	12.37	0	996	173	26	0	0	0	0	1194	157.97	7.48	3.33	8.72	9.69	10.43	9.98	2.06	22.50	22.64
9/23/2020 12:45:46 PM	0.00	1.21	0.61	0.59	0.00	0.00	0.00	0.64	2.41	100.00	10.88	12.42	0	1209	272	18	0	0	0	0	1499	158.27	7.36	3.33	9.33	9.73	10.49	9.84	2.07	22.45	22.62
9/23/2020 12:45:48 PM	0.00	1.02	0.51	0.66	0.00	0.00	0.00	0.65	2.19	100.00	10.98	11.99	0	1020	229	20	0	0	0	0	1269	158.65	7.01	2.96	8.40	9.60	10.08	9.85	2.08	22.43	22.59
9/23/2020 12:45:51 PM	0.00	1.05	0.50	0.65	0.00	0.00	0.00	0.64	2.20	100.00	11.05	11.34	0	1048	225	19	0	0	0	0	1293	158.75	6.89	2.94	8.47	9.45	10.16	9.70	2.08	22.38	22.60
9/23/2020 12:45:53 PM	0.00	1.19	0.67	0.57	0.00	0.00	0.00	0.63	2.43	100.00	11.10	11.18	0	1185	303	17	0	0	0	0	1505	158.51	7.25	3.28	9.20	9.68	10.44	10.07	2.09	22.35	22.57
9/23/2020 12:45:55 PM	0.00	0.99	0.53	0.57	0.00	0.00	0.00	0.64	2.10	100.00	11.13	11.19	0	994	238	17	0	0	0	0	1250	158.72	6.61	2.84	8.09	9.35	9.68	9.56	2.09	22.32	22.57
9/23/2020 12:45:58 PM	0.00	1.01	0.59	0.63	0.00	0.00	0.00	0.66	2.23	100.00	11.13	11.30	0	1011	263	19	0	0	0	0	1294	158.85	6.95	2.94	8.35	9.70	10.08	10.21	2.09	22.29	22.55
9/23/2020 12:46:00 PM	0.00	0.99	0.48	0.74	0.00	0.00	0.00	0.65	2.21	100.00	11.15	11.51	0	992	214	22	0	0	0	0	1229	158.63	7.12	3.13	8.47	9.65	10.18	10.05	2.09	22.24	22.57
9/23/2020 12:46:02 PM	0.00	1.08	0.37	0.85	0.00	0.00	0.00	0.66	2.30	100.00	11.16	11.75	0	1078	166	26	0	0	0	0	1270	158.81	7.34	3.34	9.02	9.78	10.86	10.12	2.09	22.21	22.51
9/23/2020 12:46:05 PM	0.00	0.82	0.15	1.07	0.00	0.00	0.00	0.68	2.03	100.00	11.18	11.94	0	816	66	32	0	0	0	0	913	158.45	7.38	3.40	8.18	9.89	10.32	10.21	2.10	22.15	22.54
9/23/2020 12:46:07 PM	0.00	0.86	0.31	0.87	0.00	0.00	0.00	0.69	2.04	100.00	11.19	12.04	0	864	139	26	0	0	0	0	1029	158.32	7.04	3.05	7.99	9.85	10.09	10.19	2.10	22.12	22.50
9/23/2020 12:46:10 PM	0.00	1.07	0.64	0.60	0.00	0.00	0.00	0.68	2.31	100.00	11.20	12.16	0	1068	289	18	0	0	0	0	1375	158.99	7.14	3.24	8.71	10.07	10.09	10.50	2.10	22.09	22.48
9/23/2020 12:46:12 PM	0.00	1.06	0.59	0.66	0.00	0.00	0.00	0.66	2.31	100.00	11.21	12.34	0	1062	265	20	0	0	0	0	1347	158.87	7.10	3.33	8.77	9.79	10.20	10.32	2.10	22.05	22.48
9/23/2020 12:46:14 PM	0.00	1.16	0.67	0.65	0.00	0.00	0.00	0.65	2.48	100.00	11.22	12.43	0	1159	300	20	0	0	0	0	1479	158.56	7.55	3.38	9.28	9.95	10.64	10.49	2.10	22.02	22.44
9/23/2020 12:46:17 PM	0.00	1.01	0.43	0.73	0.00	0.00	0.00	0.67	2.17	100.00	11.25	12.42	0	1015	192	22	0	0	0	0	1229	158.79	6.97	2.95	8.42	9.78	10.31	10.02	2.10	21.97	22.45
9/23/2020 12:46:19 PM	0.00	0.98	0.40	0.74	0.00	0.00	0.00	0.68	2.12	100.00	11.29	12.34	0	978	178	22	0	0	0	0	1178	158.73	6.82	3.14	8.33	9.81	10.12	10.09	2.11	21.95	22.44
9/23/2020 12:46:21 PM	0.00	0.88	0.35	0.85	0.00	0.00	0.00	0.68	2.08	100.00	11.35	12.16	0	880	158	25	0	0	0	0	1064	158.55	6.96	3.05	8.04	9.79	10.14	10.28	2.11	21.90	22.43
9/23/2020 12:46:24 PM	0.00	0.92	0.34	0.82	0.00	0.00	0.00	0.68	2.07	100.00	11.37	11.94	0	917	153	24	0	0	0	0	1095	158.93	6.91	3.09	8.15	9.78	10.12	10.11	2.11	21.87	22.39
9/23/2020 12:46:26 PM	0.00	1.29	0.79	0.41	0.00	0.00	0.00	0.64	2.50	100.00	11.38	11.90	0	1295	358	12	0	0	0	0	1664	158.76	7.08	3.07	9.37	9.76	10.50	10.04	2.11	21.84	22.40
9/23/2020 12:46:29 PM	0.00	1.09	0.53	0.60	0.00	0.00	0.00	0.66	2.23	100.00	11.39	12.09	0	1093	240	18	0	0	0	0	1351	158.74	6.66	3.04	8.61	9.58	10.22	9.92	2.12	21.80	22.35
9/23/2020 12:46:31 PM	0.00	0.92	0.39	0.70	0.00	0.00	0.00	0.68	2.02	100.00	11.41	12.28	0	919	177	21	0	0	0	0	1117	158.99	6.66	2.78	7.88	9.69	9.86	9.89	2.12	21.77	22.34
9/23/2020 12:46:33 PM	0.00	1.19	0.98	0.41	0.00	0.00	0.00	0.71	2.57	100.00	11.44	12.36	0	1185	442	12	0	0	0	0	1640	158.78	6.96	2.99	8.96	10.51	10.54	11.69	2.12	21.73	22.38
9/23/2020 12:46:36 PM	0.00	1.18	0.87	0.54	0.00	0.00	0.00	0.73	2.59	100.00	11.47	12.39	0	1182	390	16	0	0	0	0	1588	158.81	7.31	2.99	9.11	10.79	10.97	11.85	2.12	21.70	22.33
9/23/2020 12:46:38 PM	0.00	1.00	0.58	0.62	0.00	0.00	0.00	0.67	2.20	100.00	11.49	12.30	0	1002	262	19	0	0	0	0	1282	158.46	6.84	2.91	8.26	9.74	10.01	10.24	2.13	21.66	22.33
9/23/2020 12:46:40 PM	0.00	1.05	0.58	0.58	0.00	0.00	0.00	0.68	2.21	100.00	11.52	12.29	0	1048	263	17	0	0	0	0	1328	159.00	6.75	3.03	8.43	9.87	9.99	10.23	2.13	21.63	22.29
9/23/2020 12:46:43 PM	0.00	1.10	0.52	0.67	0.00	0.00	0.00	0.68	2.29	100.00	11.56	12.31	0	1103	233	20	0	0	0	0	1356	158.86	6.91	3.48	8.95	9.92	10.36	10.35	2.13	21.59	22.29
9/23/2020 12:46:45 PM	0.00	1.00	0.44	0.74	0.00	0.00	0.00	0.68	2.18	100.00	11.59	12.25	0	997	199	22	0	0	0	0	1219	158.88	7.04	3.15	8.46	9.88	10.20	10.19	2.14	21.55	22.26
9/23/2020 12:46:48 PM	0.00	0.93	0.44	0.68	0.00	0.00	0.00	0.69	2.04	100.00	11.62	12.22	0	927	198	20	0	0	0	0	1145	158.71	6.58	2.93	7.94	9.75	9.80	10.08	2.14	21.52	22.24
9/23/2020 12:46:50 PM	0.00	0.94	0.48	0.57	0.00	0.00	0.00	0.68	1.99	100.00	11.65	12.17	0	943	217	17	0	0	0	0	1177	158.75	6.29	2.70	7.75	9.51	9.54	9.71	2.14	21.48	22.24
9/23/2020 12:46:52 PM	0.00	0.95	0.20	0.86	0.00	0.00	0.00	0.69	2.01	100.00	11.67	12.18	0	946	91	26	0	0	0	0	1063	158.41	6.85	3.32	8.34	9.79	10.12	9.75	2.14	21.45	22.21
9/23/2020 12:46:55 PM	0.00	1.03	0.49	0.66	0.00	0.00	0.00	0.68	2.18	100.00	11.69	12.23	0	1032	222	20	0	0	0	0	1273	158.71	6.86	3.10	8.48	9.81	10.12	10.10	2.15	21.41	22.21
9/23/2020 12:46:57 PM	0.00	0.94	0.36	0.78	0.00	0.00	0.00	0.68	2.08	100.00	11.71	12.27	0	944	160	23	0	0	0	0	1127	158.91	6.80	3.04	8.18	9.69	10.11	9.98	2.15	21.38	22.18
9/23/2020 12:47:00 PM	0.00	1.00	0.41	0.72	0.00	0.00	0.00	0.68	2.14	100.00	11.73	12.27	0	1000	186	22	0	0	0	0	1208	158.77	6.75	3.07	8.36	9.72	10.20	10.04	2.15	21.35	22.19
9/23/2020 12:47:02 PM	0.00	1.13	0.68	0.51	0.00	0.00	0.00	0.67	2.32	100.00	11.77	12.29	0	1134	305	15	0	0	0	0	1454	158.59	6.86	3.11	8.79	9.87	10.15	10.26	2.15	21.31	22.13
9/23/2020 12:47:04 PM	0.00	1.05	0.56	0.60	0.00	0.00	0.00	0.68	2.20	100.00	11.80	12.29	0	1049	251	18	0	0	0	0	1318	158.21	6.71	3.11	8.48	9.79	10.02	10.17	2.16	21.28	22.16
9/23/2020 12:47:07 PM	0.00	0.97	0.46	0.65	0.00	0.00	0.00	0.68	2.08	100.00	11.82	12.25	0	970	208	19	0	0	0	0	1197	158.53	6.59	2.88	8.06	9.68	9.88	9.95	2.16	21.24	22.14
9/23/2020 12:47:09 PM	0.00	0.92	0.38	0.75	0.00	0.00	0.00	0.69	2.05	100.00	11.86	12.24	0	919	170	22	0	0	0	0	1111	158.35	6.71	3.01	8.02	9.81	9.95	10.12	2.16	21.21	22.09
9/23/2020 12:47:11 PM	0.00	0.92	0.23	0.91	0.00	0.00	0.00	0.70	2.06	100.00	11.91	12.18	0	919	105	27	0	0	0	0	1051	158.33	6.94	3.19	8.27	9.97	10.42	10.27	2.17	21.19	22.10
9/23/2020 12:47:14 PM	0.00	0.96	0.32	0.84	0.00	0.00	0.00	0.69	2.12	100.00	11.99	11.91	0	960	143	25	0	0	0	0	1129	158.75	6.97	3.09	8.36	9.87	10.44	10.19	2.17	21.15	22.10
9/23/2020 12:47:16 PM	0.00	1.01	0.44	0.66	0.00	0.00	0.00	0.68	2.11	100.00	12.03	11.65	0	1012	198	20	0	0	0	0	1230	158.75	6.67	3.04	8.32	9.73	10.01	9.91	2.18	21.12	22.05
9/23/2020 12:47:19 PM	0.00	0.94	0.44	0.63	0.00	0.00	0.00	0.69	2.02	100.00	12.06	11.50	0	940	200	19	0	0	0	0	1159	158.86	6.41	2.78	7.85	9.66	9.75	9.93	2.18	21.08	22.01
9/23/2020 12:47:21 PM	0.00	0.99	0.48	0.54	0.00	0.00	0.00	0.69	2.01	100.00	12.09	11.57	0	988	216	16	0	0	0	0	1221	158.56	6.18	2.76	7.90	9.65	9.65	9.81	2.18	21.05	22.01
9/23/2020 12:47:23 PM	0.00	1.23	0.72	0.31	0.00	0.00	0.00	0.67	2.25	100.00	12.12	11.70	0	1225	324	9	0	0	0	0	1559	158.93	6.30	2.76	8.68	9.66	9.91	9.68	2.19	21.02	22.00
9/23/2020 12:47:26 PM	0.00	0.88	0.31	0.75	0.00	0.00	0.00	0.69	1.94	100.00	12.16	11.77	0	879	140	22	0	0	0	0	1041	158.30	6.52	2.63	7.65	9.64	9.90	9.81	2.19	20.99	21.98
9/23/2020 12:47:28 PM	0.00	0.97	0.43	0.69	0.00	0.00	0.00	0.68	2.09	100.00	12.20	11.89	0	970	196	21	0	0	0	0	1186	158.74	6.75	2.96	8.16	9.76	9.98	10.01	2.19	20.97	21.98
9/23/2020 12:47:31 PM	0.00	1.24	0.76	0.43	0.00	0.00	0.00	0.69	2.44	100.00	12.24	11.93	0	1241	344	13	0	0	0	0	1598	158.50	6.89	3.18	9.18	10.09	10.37	10.47	2.20	20.93	21.98
9/23/2020 12:47:33 PM	0.00	1.09	0.45	0.59	0.00	0.00	0.00	0.70	2.12	100.00	12.27	11.93	0	1086	201	18	0	0	0	0	1305	158.74	6.45	3.13	8.53	9.86	10.03	9.90	2.20	20.88	21.98
9/23/2020 12:47:35 PM	0.00	1.04	0.47	0.50	0.00	0.00	0.00	0.70	2.02	100.00	12.30	11.86	0	1043	214	15	0	0	0	0	1272	158.92	6.10	2.86	8.10	9.66	9.66	9.66	2.21	20.86	21.95
9/23/2020 12:47:38 PM	0.00	1.02	0.39	0.66	0.00	0.00	0.00	0.70	2.07	100.00	12.34	11.88	0	1021	177	20	0	0	0	0	1218	158.56	6.42	3.03	8.28	9.85	10.06	10.00	2.21	20.84	21.95
9/23/2020 12:47:40 PM	0.00	1.05	0.46	0.59	0.00	0.00	0.00	0.69	2.09	100.00	12.37	11.87	0	1047	207	18	0	0	0	0	1271	158.80	6.35	2.95	8.28	9.73	9.98	9.89	2.21	20.81	21.90
9/23/2020 12:47:42 PM	0.00	0.96	0.49	0.56	0.00	0.00	0.00	0.72	2.01	100.00	12.43	11.84	0	957	222	17	0	0	0	0	1196	158.62	6.22	2.64	7.76	9.89	9.69	10.14	2.22	20.77	21.90
9/23/2020 12:47:45 PM	0.00	1.10	0.44	0.62	0.00	0.00	0.00	0.71	2.16	100.00	12.50	11.88	0	1100	198	19	0	0	0	0	1316	158.81	6.55	3.12	8.62	9.99	10.25	10.06	2.22	20.74	21.86
9/23/2020 12:47:47 PM	0.00	1.00	0.38	0.66	0.00	0.00	0.00	0.69	2.04	100.00	12.56	11.71	0	1000	171	20	0	0	0	0	1191	158.76	6.46	2.96	8.18	9.66	9.95	9.74	2.23	20.71	21.84
9/23/2020 12:47:50 PM	0.00	1.04	0.51	0.54	0.00	0.00	0.00	0.71	2.09	100.00	12.58	11.43	0	1036	230	16	0	0	0	0	1282	158.53	6.43	2.76	8.15	9.87	9.87	9.98	2.23	20.68	21.80
9/23/2020 12:47:52 PM	0.00	0.90	0.40	0.61	0.00	0.00	0.00	0.69	1.90	100.00	12.61	11.46	0	899	178	18	0	0	0	0	1096	158.59	6.16	2.72	7.57	9.54	9.42	9.65	2.24	20.64	21.84
9/23/2020 12:47:54 PM	0.00	0.88	0.36	0.69	0.00	0.00	0.00	0.69	1.93	100.00	12.62	11.58	0	884	162	21	0	0	0	0	1067	158.92	6.31	2.75	7.64	9.61	9.68	9.85	2.24	20.62	21.84
9/23/2020 12:47:57 PM	0.00	1.02	0.49	0.55	0.00	0.00	0.00	0.69	2.05	100.00	12.68	11.60	0	1021	219	16	0	0	0	0	1256	158.63	6.27	2.91	8.11	9.70	9.73	9.83	2.24	20.59	21.80
9/23/2020 12:47:59 PM	0.00	1.11	0.69	0.40	0.00	0.00	0.00	0.67	2.20	100.00	12.72	11.48	0	1113	311	12	0	0	0	0	1435	158.86	6.34	2.95	8.42	9.68	9.69	9.96	2.25	20.55	21.79
9/23/2020 12:48:01 PM	0.00	0.95	0.39	0.55	0.00	0.00	0.00	0.72	1.89	100.00	12.75	11.45	0	951	175	17	0	0	0	0	1143	158.79	6.00	2.78	7.70	9.71	9.40	9.63	2.25	20.52	21.75
9/23/2020 12:48:04 PM	0.00	0.92	0.29	0.65	0.00	0.00	0.00	0.69	1.86	100.00	12.79	11.60	0	921	131	19	0	0	0	0	1071	158.73	5.98	2.77	7.65	9.46	9.57	9.42	2.25	20.49	21.73
9/23/2020 12:48:06 PM	0.00	0.94	0.27	0.64	0.00	0.00	0.00	0.71	1.85	100.00	12.85	11.72	0	940	121	19	0	0	0	0	1081	158.87	5.99	2.81	7.73	9.57	9.60	9.42	2.26	20.46	21.74
9/23/2020 12:48:09 PM	0.00	0.99	0.44	0.53	0.00	0.00	0.00	0.70	1.95	100.00	12.90	11.64	0	986	198	16	0	0	0	0	1200	158.53	6.01	2.72	7.81	9.58	9.54	9.60	2.26	20.44	21.73
9/23/2020 12:48:11 PM	0.00	1.02	0.48	0.48	0.00	0.00	0.00	0.69	1.99	100.00	12.96	11.50	0	1021	218	15	0	0	0	0	1253	158.83	6.07	2.70	7.92	9.57	9.54	9.53	2.27	20.42	21.70
9/23/2020 12:48:13 PM	0.00	1.01	0.60	0.47	0.00	0.00	0.00	0.69	2.08	100.00	12.98	11.40	0	1012	269	14	0	0	0	0	1295	158.50	6.35	2.70	7.96	9.72	9.59	9.94	2.27	20.38	21.68
9/23/2020 12:48:16 PM	0.00	1.03	0.56	0.52	0.00	0.00	0.00	0.70	2.11	100.00	13.03	11.41	0	1031	252	16	0	0	0	0	1298	158.62	6.44	2.80	8.13	9.84	9.78	10.05	2.28	20.36	21.70
9/23/2020 12:48:18 PM	0.00	1.13	0.69	0.46	0.00	0.00	0.00	0.68	2.28	100.00	13.09	11.37	0	1131	310	14	0	0	0	0	1454	158.76	6.71	2.87	8.59	9.86	10.05	10.16	2.28	20.33	21.64
9/23/2020 12:48:20 PM	0.00	0.91	0.37	0.60	0.00	0.00	0.00	0.71	1.87	100.00	13.13	11.27	0	906	165	18	0	0	0	0	1089	158.80	6.06	2.66	7.53	9.63	9.43	9.62	2.29	20.30	21.64
9/23/2020 12:48:23 PM	0.00	0.96	0.41	0.58	0.00	0.00	0.00	0.71	1.95	100.00	13.18	11.31	0	955	185	17	0	0	0	0	1158	158.06	6.21	2.79	7.80	9.71	9.56	9.73	2.29	20.26	21.61
9/23/2020 12:48:25 PM	0.00	0.90	0.45	0.64	0.00	0.00	0.00	0.70	1.99	100.00	13.24	11.26	0	902	201	19	0	0	0	0	1122	157.97	6.38	2.78	7.70	9.77	9.63	10.08	2.30	20.24	21.63
9/23/2020 12:48:28 PM	0.00	0.99	0.37	0.62	0.00	0.00	0.00	0.70	1.98	100.00	13.30	11.14	0	991	167	19	0	0	0	0	1177	157.98	6.30	2.89	8.03	9.71	9.76	9.65	2.30	20.22	21.60
9/23/2020 12:48:30 PM	0.00	0.98	0.48	0.51	0.00	0.00	0.00	0.70	1.97	100.00	13.40	11.04	0	975	217	15	0	0	0	0	1207	158.16	6.17	2.72	7.79	9.68	9.45	9.70	2.31	20.18	21.60
9/23/2020 12:48:32 PM	0.00	1.00	0.54	0.50	0.00	0.00	0.00	0.71	2.05	100.00	13.47	11.02	0	999	244	15	0	0	0	0	1258	157.79	6.41	2.59	7.89	9.91	9.67	9.99	2.32	20.16	21.55
9/23/2020 12:48:35 PM	0.00	0.95	0.41	0.59	0.00	0.00	0.00	0.71	1.94	100.00	13.50	11.02	0	945	184	18	0	0	0	0	1147	158.01	6.26	2.74	7.76	9.78	9.55	9.77	2.32	20.13	21.53
9/23/2020 12:48:37 PM	0.00	1.00	0.60	0.39	0.00	0.00	0.00	0.70	1.98	100.00	13.52	11.01	0	997	268	12	0	0	0	0	1277	157.70	6.05	2.63	7.73	9.68	9.18	9.69	2.32	20.10	21.54
9/23/2020 12:48:40 PM	0.00	1.08	0.61	0.38	0.00	0.00	0.00	0.71	2.07	100.00	13.52	11.03	0	1080	275	11	0	0	0	0	1367	157.83	6.17	2.67	8.08	9.80	9.49	9.72	2.32	20.07	21.50
9/23/2020 12:48:42 PM	0.00	1.05	0.49	0.51	0.00	0.00	0.00	0.73	2.05	100.00	13.53	11.09	0	1048	222	15	0	0	0	0	1286	158.05	6.31	2.71	8.10	10.02	9.82	9.97	2.33	20.04	21.53
9/23/2020 12:48:44 PM	0.00	1.10	0.71	0.32	0.00	0.00	0.00	0.70	2.13	100.00	13.55	11.17	0	1098	319	10	0	0	0	0	1427	158.01	6.14	2.75	8.15	9.84	9.45	9.98	2.33	20.02	21.52
9/23/2020 12:48:47 PM	0.00	1.01	0.67	0.35	0.00	0.00	0.00	0.72	2.03	100.00	13.58	11.26	0	1014	301	10	0	0	0	0	1325	158.09	6.05	2.58	7.75	9.90	9.25	10.03	2.33	19.98	21.45
9/23/2020 12:48:49 PM	0.00	0.93	0.40	0.56	0.00	0.00	0.00	0.72	1.89	100.00	13.61	11.33	0	933	179	17	0	0	0	0	1129	158.05	6.10	2.77	7.66	9.81	9.37	9.73	2.33	19.97	21.44
9/23/2020 12:48:51 PM	0.00	1.01	0.62	0.43	0.00	0.00	0.00	0.71	2.06	100.00	13.65	11.40	0	1010	281	13	0	0	0	0	1304	157.75	6.31	2.74	7.92	9.94	9.40	10.07	2.34	19.93	21.44
9/23/2020 12:48:54 PM	0.00	1.01	0.56	0.52	0.00	0.00	0.00	0.71	2.09	100.00	13.69	11.43	0	1009	253	15	0	0	0	0	1278	158.13	6.50	2.87	8.08	9.99	9.63	10.13	2.34	19.91	21.42
9/23/2020 12:48:56 PM	0.00	0.94	0.46	0.47	0.00	0.00	0.00	0.71	1.86	100.00	13.73	11.46	0	937	206	14	0	0	0	0	1157	158.23	5.89	2.46	7.42	9.63	9.22	9.52	2.35	19.88	21.39
9/23/2020 12:48:59 PM	0.00	0.88	0.33	0.56	0.00	0.00	0.00	0.72	1.78	100.00	13.77	11.47	0	880	151	17	0	0	0	0	1048	158.20	6.01	2.49	7.29	9.69	9.19	9.41	2.35	19.86	21.37
9/23/2020 12:49:01 PM	0.00	0.99	0.49	0.50	0.00	0.00	0.00	0.72	1.99	100.00	13.83	11.49	0	994	223	15	0	0	0	0	1232	158.11	6.25	2.65	7.85	9.87	9.56	9.84	2.35	19.83	21.34
9/23/2020 12:49:03 PM	0.00	1.12	0.56	0.43	0.00	0.00	0.00	0.70	2.11	100.00	13.88	11.46	0	1119	251	13	0	0	0	0	1383	158.22	6.27	2.76	8.33	9.73	9.80	9.65	2.36	19.81	21.35
9/23/2020 12:49:06 PM	0.00	1.01	0.40	0.55	0.00	0.00	0.00	0.72	1.96	100.00	13.91	11.37	0	1009	182	16	0	0	0	0	1208	158.05	6.22	2.69	7.93	9.82	9.68	9.63	2.36	19.78	21.34
9/23/2020 12:49:08 PM	0.00	0.98	0.45	0.43	0.00	0.00	0.00	0.70	1.87	100.00	13.92	11.30	0	984	205	13	0	0	0	0	1202	157.92	5.92	2.43	7.55	9.52	9.20	9.18	2.36	19.75	21.33
9/23/2020 12:49:10 PM	0.00	0.96	0.37	0.56	0.00	0.00	0.00	0.72	1.89	100.00	13.96	11.30	0	964	167	17	0	0	0	0	1148	157.91	6.15	2.76	7.77	9.73	9.41	9.47	2.37	19.73	21.32
9/23/2020 12:49:13 PM	0.00	0.95	0.32	0.58	0.00	0.00	0.00	0.73	1.84	100.00	13.99	11.37	0	950	143	17	0	0	0	0	1110	158.10	6.13	2.74	7.70	9.79	9.39	9.40	2.37	19.70	21.28
9/23/2020 12:49:15 PM	0.00	0.98	0.44	0.47	0.00	0.00	0.00	0.71	1.90	100.00	14.03	11.45	0	985	199	14	0	0	0	0	1198	157.60	5.98	2.63	7.69	9.60	9.28	9.36	2.37	19.67	21.27
9/23/2020 12:49:18 PM	0.00	1.01	0.50	0.42	0.00	0.00	0.00	0.71	1.93	100.00	14.06	11.51	0	1010	225	13	0	0	0	0	1248	157.46	6.02	2.67	7.78	9.70	9.23	9.46	2.38	19.67	21.24
9/23/2020 12:49:20 PM	0.00	1.07	0.49	0.38	0.00	0.00	0.00	0.72	1.94	100.00	14.11	11.53	0	1070	220	11	0	0	0	0	1302	157.57	5.95	2.60	7.92	9.72	9.32	9.26	2.38	19.63	21.24
9/23/2020 12:49:22 PM	0.00	0.97	0.36	0.53	0.00	0.00	0.00	0.73	1.86	100.00	14.16	11.52	0	969	163	16	0	0	0	0	1148	157.38	5.94	2.56	7.63	9.80	9.47	9.53	2.39	19.61	21.22
9/23/2020 12:49:25 PM	0.00	0.98	0.38	0.47	0.00	0.00	0.00	0.71	1.83	100.00	14.21	11.48	0	978	170	14	0	0	0	0	1162	157.50	5.76	2.49	7.54	9.52	9.29	9.18	2.39	19.59	21.20
9/23/2020 12:49:27 PM	0.00	1.27	0.62	0.29	0.00	0.00	0.00	0.70	2.18	100.00	14.23	11.47	0	1269	279	9	0	0	0	0	1557	156.86	6.13	3.00	8.85	9.81	9.78	9.41	2.39	19.56	21.19
9/23/2020 12:49:30 PM	0.00	1.10	0.41	0.45	0.00	0.00	0.00	0.71	1.96	100.00	14.29	11.49	0	1101	185	13	0	0	0	0	1299	156.90	5.96	2.59	8.10	9.65	9.72	9.21	2.40	19.55	21.20
9/23/2020 12:49:32 PM	0.00	1.04	0.32	0.55	0.00	0.00	0.00	0.71	1.90	100.00	14.33	11.44	0	1037	145	16	0	0	0	0	1198	157.01	6.15	2.63	7.97	9.66	9.69	9.15	2.40	19.51	21.17
9/23/2020 12:49:34 PM	0.00	1.05	0.32	0.52	0.00	0.00	0.00	0.71	1.90	100.00	14.38	11.36	0	1052	146	16	0	0	0	0	1214	156.56	6.03	2.83	8.06	9.64	9.54	9.09	2.41	19.51	21.12
9/23/2020 12:49:37 PM	0.00	1.10	0.53	0.30	0.00	0.00	0.00	0.71	1.93	100.00	14.39	11.30	0	1098	240	9	0	0	0	0	1346	157.01	5.71	2.58	7.90	9.59	9.17	9.12	2.41	19.47	21.14
9/23/2020 12:49:39 PM	0.00	1.07	0.50	0.35	0.00	0.00	0.00	0.72	1.92	100.00	14.44	11.37	0	1069	225	10	0	0	0	0	1305	157.17	5.87	2.45	7.81	9.72	9.29	9.23	2.42	19.45	21.13
9/23/2020 12:49:41 PM	0.00	1.06	0.39	0.38	0.00	0.00	0.00	0.73	1.84	100.00	14.49	11.45	0	1063	178	11	0	0	0	0	1252	156.95	5.72	2.47	7.76	9.69	9.30	9.01	2.42	19.42	21.10
9/23/2020 12:49:44 PM	0.00	1.16	0.52	0.33	0.00	0.00	0.00	0.71	2.01	100.00	14.55	11.48	0	1159	235	10	0	0	0	0	1403	156.75	5.93	2.59	8.22	9.63	9.53	9.10	2.43	19.40	21.09
9/23/2020 12:49:46 PM	0.00	0.99	0.27	0.60	0.00	0.00	0.00	0.73	1.86	100.00	14.59	11.43	0	989	119	18	0	0	0	0	1127	156.24	6.15	2.64	7.83	9.79	9.69	9.30	2.43	19.38	21.07
9/23/2020 12:49:49 PM	0.00	1.01	0.39	0.47	0.00	0.00	0.00	0.73	1.87	100.00	14.63	11.43	0	1007	174	14	0	0	0	0	1195	157.04	5.97	2.48	7.70	9.73	9.42	9.27	2.43	19.36	21.05
9/23/2020 12:49:51 PM	0.00	0.97	0.40	0.42	0.00	0.00	0.00	0.73	1.78	100.00	14.71	11.37	0	967	179	13	0	0	0	0	1158	156.99	5.64	2.50	7.42	9.61	9.03	9.16	2.44	19.34	21.07
9/23/2020 12:49:53 PM	0.00	0.99	0.34	0.47	0.00	0.00	0.00	0.73	1.80	100.00	14.76	11.15	0	994	154	14	0	0	0	0	1161	157.30	5.81	2.54	7.61	9.66	9.26	9.10	2.45	19.31	21.00
9/23/2020 12:49:56 PM	0.00	1.06	0.60	0.28	0.00	0.00	0.00	0.72	1.94	100.00	14.80	11.13	0	1061	271	8	0	0	0	0	1340	157.06	5.77	2.34	7.68	9.75	9.17	9.45	2.45	19.29	21.03
9/23/2020 12:49:58 PM	0.00	1.02	0.34	0.51	0.00	0.00	0.00	0.73	1.86	100.00	14.85	11.24	0	1017	151	15	0	0	0	0	1183	157.11	5.99	2.73	7.86	9.77	9.42	9.24	2.46	19.27	20.97
9/23/2020 12:50:00 PM	0.00	1.02	0.37	0.48	0.00	0.00	0.00	0.73	1.87	100.00	14.93	11.21	0	1019	167	14	0	0	0	0	1200	157.36	5.93	2.59	7.78	9.77	9.44	9.30	2.46	19.24	20.99
9/23/2020 12:50:03 PM	0.00	1.02	0.39	0.40	0.00	0.00	0.00	0.73	1.82	100.00	15.02	11.10	0	1017	178	12	0	0	0	0	1207	157.34	5.73	2.40	7.58	9.69	9.22	9.10	2.47	19.23	20.98
9/23/2020 12:50:05 PM	0.00	1.08	0.44	0.39	0.00	0.00	0.00	0.72	1.91	100.00	15.09	10.96	0	1081	199	12	0	0	0	0	1291	157.10	5.80	2.57	7.92	9.67	9.41	9.18	2.48	19.20	20.97
9/23/2020 12:50:08 PM	0.00	1.04	0.46	0.37	0.00	0.00	0.00	0.73	1.87	100.00	15.20	10.90	0	1038	206	11	0	0	0	0	1255	157.15	5.79	2.56	7.73	9.69	9.17	9.19	2.49	19.18	20.92
9/23/2020 12:50:10 PM	0.00	1.11	0.50	0.36	0.00	0.00	0.00	0.72	1.97	100.00	15.26	10.88	0	1108	226	11	0	0	0	0	1344	156.48	5.85	2.53	8.01	9.75	9.54	9.38	2.49	19.16	20.93
9/23/2020 12:50:12 PM	0.00	0.95	0.35	0.48	0.00	0.00	0.00	0.73	1.78	100.00	15.31	10.91	0	948	159	14	0	0	0	0	1121	157.32	5.78	2.43	7.41	9.63	9.20	9.20	2.50	19.14	20.88
9/23/2020 12:50:15 PM	0.00	1.04	0.39	0.37	0.00	0.00	0.00	0.73	1.80	100.00	15.38	10.94	0	1043	176	11	0	0	0	0	1230	156.65	5.60	2.50	7.66	9.66	9.14	8.99	2.51	19.12	20.84
9/23/2020 12:50:17 PM	0.00	0.97	0.28	0.58	0.00	0.00	0.00	0.74	1.84	100.00	15.44	10.92	0	973	127	18	0	0	0	0	1117	156.80	5.97	2.54	7.67	9.82	9.66	9.45	2.51	19.09	20.84
9/23/2020 12:50:20 PM	0.00	1.11	0.45	0.38	0.00	0.00	0.00	0.73	1.94	100.00	15.45	10.93	0	1113	203	11	0	0	0	0	1327	156.81	5.99	2.63	8.09	9.86	9.46	9.22	2.51	19.08	20.85
9/23/2020 12:50:22 PM	0.00	1.00	0.46	0.34	0.00	0.00	0.00	0.73	1.80	100.00	15.48	10.98	0	996	206	10	0	0	0	0	1213	156.64	5.57	2.34	7.40	9.64	8.98	9.15	2.52	19.05	20.85
9/23/2020 12:50:24 PM	0.00	1.05	0.48	0.40	0.00	0.00	0.00	0.74	1.92	100.00	15.54	11.06	0	1045	216	12	0	0	0	0	1273	157.20	5.85	2.46	7.77	9.92	9.46	9.61	2.52	19.04	20.82
9/23/2020 12:50:27 PM	0.00	1.04	0.37	0.54	0.00	0.00	0.00	0.73	1.94	100.00	15.61	11.05	0	1041	164	16	0	0	0	0	1221	156.58	6.15	2.73	8.03	9.93	9.73	9.56	2.53	19.01	20.82
9/23/2020 12:50:29 PM	0.00	1.06	0.42	0.42	0.00	0.00	0.00	0.73	1.90	100.00	15.66	11.02	0	1062	189	13	0	0	0	0	1264	156.72	5.92	2.52	7.87	9.74	9.46	9.22	2.53	19.00	20.79
9/23/2020 12:50:31 PM	0.00	0.95	0.34	0.50	0.00	0.00	0.00	0.74	1.78	100.00	15.73	11.05	0	949	151	15	0	0	0	0	1115	156.67	5.78	2.45	7.43	9.75	9.28	9.33	2.54	18.97	20.75
9/23/2020 12:50:34 PM	0.00	1.04	0.45	0.34	0.00	0.00	0.00	0.73	1.82	100.00	15.81	10.97	0	1038	202	10	0	0	0	0	1250	156.92	5.59	2.46	7.60	9.61	9.06	9.05	2.55	18.96	20.70
9/23/2020 12:50:36 PM	0.00	0.93	0.32	0.43	0.00	0.00	0.00	0.72	1.68	100.00	15.81	10.89	0	935	144	13	0	0	0	0	1091	157.53	5.58	2.50	7.27	9.47	8.77	8.76	2.55	18.93	20.70
9/23/2020 12:50:39 PM	0.00	1.08	0.45	0.33	0.00	0.00	0.00	0.71	1.85	100.00	15.85	10.93	0	1080	201	10	0	0	0	0	1291	158.05	5.74	2.57	7.83	9.54	9.07	8.80	2.55	18.91	20.72
9/23/2020 12:50:41 PM	0.00	1.01	0.36	0.34	0.00	0.00	0.00	0.73	1.71	100.00	15.89	10.99	0	1014	162	10	0	0	0	0	1186	157.61	5.47	2.32	7.39	9.48	8.88	8.60	2.56	18.90	20.74
9/23/2020 12:50:43 PM	0.00	0.99	0.34	0.42	0.00	0.00	0.00	0.73	1.75	100.00	15.93	11.04	0	988	154	13	0	0	0	0	1154	157.69	5.61	2.46	7.47	9.59	9.08	8.95	2.56	18.87	20.70
9/23/2020 12:50:46 PM	0.00	1.05	0.54	0.23	0.00	0.00	0.00	0.72	1.82	100.00	15.96	11.02	0	1048	241	7	0	0	0	0	1296	157.13	5.36	2.20	7.42	9.51	8.92	9.00	2.56	18.86	20.68
9/23/2020 12:50:48 PM	0.00	1.00	0.40	0.29	0.00	0.00	0.00	0.72	1.69	100.00	15.99	11.01	0	1001	182	9	0	0	0	0	1192	157.36	5.25	2.26	7.25	9.39	8.72	8.63	2.57	18.83	20.67
9/23/2020 12:50:50 PM	0.00	1.02	0.42	0.37	0.00	0.00	0.00	0.72	1.80	100.00	16.05	11.01	0	1015	187	11	0	0	0	0	1214	157.58	5.63	2.52	7.58	9.54	9.02	8.96	2.57	18.81	20.66
9/23/2020 12:50:53 PM	0.00	0.95	0.33	0.39	0.00	0.00	0.00	0.72	1.67	100.00	16.11	10.98	0	947	146	12	0	0	0	0	1105	157.97	5.36	2.27	7.15	9.33	8.85	8.66	2.58	18.81	20.63
9/23/2020 12:50:55 PM	0.00	0.95	0.30	0.39	0.00	0.00	0.00	0.73	1.64	100.00	16.15	10.96	0	954	135	12	0	0	0	0	1100	158.30	5.29	2.24	7.13	9.37	8.84	8.60	2.58	18.78	20.62
9/23/2020 12:50:58 PM	0.00	0.99	0.50	0.24	0.00	0.00	0.00	0.72	1.73	100.00	16.21	10.98	0	988	225	7	0	0	0	0	1220	158.31	5.27	2.25	7.17	9.43	8.56	8.84	2.59	18.76	20.62
9/23/2020 12:51:00 PM	0.00	0.95	0.37	0.34	0.00	0.00	0.00	0.74	1.67	100.00	16.28	11.02	0	954	168	10	0	0	0	0	1132	157.86	5.31	2.30	7.13	9.56	8.71	8.87	2.59	18.73	20.62
9/23/2020 12:51:02 PM	0.00	0.96	0.38	0.34	0.00	0.00	0.00	0.72	1.68	100.00	16.33	11.04	0	963	173	10	0	0	0	0	1146	158.20	5.35	2.29	7.17	9.41	8.73	8.73	2.60	18.72	20.58
9/23/2020 12:51:05 PM	0.00	0.97	0.24	0.39	0.00	0.00	0.00	0.74	1.60	100.00	16.38	11.06	0	974	107	12	0	0	0	0	1093	158.37	5.18	2.40	7.23	9.43	8.81	8.48	2.61	18.69	20.54
9/23/2020 12:51:07 PM	0.00	0.96	0.40	0.33	0.00	0.00	0.00	0.72	1.68	100.00	16.44	11.05	0	960	179	10	0	0	0	0	1149	158.51	5.32	2.27	7.14	9.41	8.69	8.75	2.61	18.69	20.53
9/23/2020 12:51:09 PM	0.00	1.02	0.47	0.22	0.00	0.00	0.00	0.74	1.70	100.00	16.50	11.03	0	1016	211	7	0	0	0	0	1233	158.05	5.15	2.32	7.25	9.52	8.55	8.77	2.62	18.67	20.54
9/23/2020 12:51:12 PM	0.00	1.00	0.31	0.41	0.00	0.00	0.00	0.72	1.71	100.00	16.58	11.03	0	999	138	12	0	0	0	0	1149	158.78	5.46	2.53	7.48	9.41	8.95	8.63	2.62	18.65	20.52
9/23/2020 12:51:14 PM	0.00	0.94	0.32	0.37	0.00	0.00	0.00	0.73	1.63	100.00	16.66	10.97	0	943	144	11	0	0	0	0	1098	158.67	5.24	2.30	7.09	9.38	8.72	8.65	2.63	18.63	20.49
9/23/2020 12:51:17 PM	0.00	1.01	0.46	0.21	0.00	0.00	0.00	0.73	1.67	100.00	16.73	10.90	0	1006	205	6	0	0	0	0	1217	158.83	5.00	2.26	7.15	9.35	8.50	8.63	2.64	18.61	20.47
9/23/2020 12:51:19 PM	0.00	0.96	0.36	0.34	0.00	0.00	0.00	0.73	1.65	100.00	16.78	10.89	0	959	161	10	0	0	0	0	1130	159.02	5.14	2.35	7.13	9.36	8.68	8.71	2.64	18.59	20.44
9/23/2020 12:51:21 PM	0.00	0.98	0.34	0.33	0.00	0.00	0.00	0.72	1.64	100.00	16.88	10.87	0	975	151	10	0	0	0	0	1136	159.06	5.03	2.26	7.13	9.25	8.77	8.57	2.65	18.58	20.43
9/23/2020 12:51:24 PM	0.00	0.95	0.33	0.37	0.00	0.00	0.00	0.72	1.65	100.00	16.93	10.88	0	955	148	11	0	0	0	0	1113	158.39	5.16	2.33	7.14	9.29	8.79	8.66	2.66	18.57	20.44
9/23/2020 12:51:26 PM	0.00	0.92	0.31	0.38	0.00	0.00	0.00	0.72	1.60	100.00	16.99	10.88	0	917	138	11	0	0	0	0	1066	158.35	5.12	2.22	6.94	9.24	8.68	8.59	2.66	18.55	20.46
9/23/2020 12:51:29 PM	0.00	0.97	0.38	0.28	0.00	0.00	0.00	0.72	1.63	100.00	17.03	10.87	0	968	173	8	0	0	0	0	1149	158.28	5.05	2.22	7.04	9.29	8.54	8.54	2.67	18.53	20.42
9/23/2020 12:51:31 PM	0.00	1.05	0.27	0.40	0.00	0.00	0.00	0.72	1.72	100.00	17.05	10.89	0	1048	124	12	0	0	0	0	1184	158.55	5.25	2.46	7.60	9.35	9.22	8.60	2.67	18.51	20.39
9/23/2020 12:51:33 PM	0.00	0.96	0.35	0.43	0.00	0.00	0.00	0.72	1.73	100.00	17.11	10.90	0	961	157	13	0	0	0	0	1130	157.85	5.40	2.49	7.35	9.39	9.00	8.95	2.68	18.49	20.38
9/23/2020 12:51:36 PM	0.00	1.03	0.43	0.33	0.00	0.00	0.00	0.73	1.80	100.00	17.19	10.92	0	1034	193	10	0	0	0	0	1237	158.18	5.39	2.42	7.53	9.55	9.07	9.03	2.68	18.49	20.36
9/23/2020 12:51:38 PM	0.00	1.02	0.46	0.29	0.00	0.00	0.00	0.72	1.77	100.00	17.27	10.91	0	1022	207	9	0	0	0	0	1238	157.31	5.17	2.31	7.36	9.43	8.94	9.00	2.69	18.45	20.36
9/23/2020 12:51:40 PM	0.00	0.97	0.40	0.30	0.00	0.00	0.00	0.73	1.66	100.00	17.34	10.91	0	968	178	9	0	0	0	0	1155	156.85	5.15	2.15	7.06	9.38	8.71	8.72	2.70	18.44	20.36
9/23/2020 12:51:43 PM	0.00	0.95	0.38	0.35	0.00	0.00	0.00	0.74	1.68	100.00	17.39	10.91	0	953	172	10	0	0	0	0	1135	155.12	5.22	2.30	7.13	9.56	8.80	9.02	2.70	18.43	20.32
9/23/2020 12:51:45 PM	0.00	0.99	0.44	0.33	0.00	0.00	0.00	0.73	1.76	100.00	17.45	10.93	0	986	199	10	0	0	0	0	1194	157.11	5.22	2.39	7.30	9.56	8.93	9.21	2.71	18.41	20.33
9/23/2020 12:51:48 PM	0.00	1.07	0.56	0.24	0.00	0.00	0.00	0.73	1.87	100.00	17.51	10.96	0	1067	253	7	0	0	0	0	1327	156.20	5.35	2.43	7.61	9.69	9.02	9.36	2.72	18.40	20.29
9/23/2020 12:51:50 PM	0.00	1.08	0.66	0.30	0.00	0.00	0.00	0.74	2.04	100.00	17.60	10.98	0	1077	299	9	0	0	0	0	1385	154.82	5.87	2.58	7.90	10.07	9.34	10.06	2.72	18.38	20.31
9/23/2020 12:51:52 PM	0.00	1.16	0.86	0.20	0.00	0.00	0.00	0.76	2.23	100.00	17.68	10.96	0	1158	389	6	0	0	0	0	1553	153.43	6.23	2.53	8.23	10.54	9.59	10.71	2.73	18.37	20.28
9/23/2020 12:51:55 PM	0.00	1.12	0.84	0.32	0.00	0.00	0.00	0.75	2.28	100.00	17.78	10.93	0	1123	376	10	0	0	0	0	1509	153.03	6.55	2.61	8.31	10.58	9.86	10.96	2.74	18.35	20.24
9/23/2020 12:51:57 PM	0.00	1.15	0.98	0.27	0.00	0.00	0.00	0.78	2.39	100.00	17.85	10.91	0	1146	440	8	0	0	0	0	1594	152.01	6.77	2.70	8.47	10.97	9.90	11.57	2.75	18.34	20.24
9/23/2020 12:51:59 PM	0.00	1.12	0.93	0.28	0.00	0.00	0.00	0.77	2.32	99.96	17.92	10.92	0	1117	417	8	0	0	0	0	1542	151.70	6.59	2.61	8.27	10.81	9.79	11.35	2.76	18.33	20.21
9/23/2020 12:52:02 PM	0.00	1.26	1.14	0.10	0.00	0.00	0.00	0.77	2.50	99.71	18.03	10.91	0	1263	514	3	0	0	0	0	1780	151.32	6.68	2.72	8.79	11.00	9.84	11.56	2.77	18.31	20.21
9/23/2020 12:52:04 PM	0.00	1.29	1.06	0.09	0.00	0.00	0.00	0.78	2.44	99.78	18.11	10.88	0	1286	478	3	0	0	0	0	1767	151.43	6.53	2.57	8.75	10.97	9.90	11.25	2.77	18.29	20.21
9/23/2020 12:52:07 PM	0.00	1.19	1.12	0.15	0.00	0.00	0.00	0.77	2.46	99.54	18.14	10.87	0	1190	505	5	0	0	0	0	1700	151.06	6.82	2.55	8.51	11.01	9.81	11.66	2.78	18.29	20.14
9/23/2020 12:52:09 PM	0.00	1.17	1.02	0.35	0.00	0.00	0.00	0.78	2.54	99.63	18.27	10.83	0	1172	459	11	0	0	0	0	1641	151.20	7.29	2.82	8.83	11.24	10.35	12.05	2.79	18.26	20.16
9/23/2020 12:52:11 PM	0.00	1.49	1.43	0.00	0.00	0.00	0.00	0.79	2.92	99.40	18.33	10.82	0	1492	644	0	0	0	0	0	2136	150.86	7.46	3.00	9.98	11.73	10.62	12.55	2.80	18.25	20.17
9/23/2020 12:52:14 PM	0.00	1.25	1.20	0.14	0.00	0.00	0.00	0.80	2.60	99.21	18.38	10.85	0	1255	542	4	0	0	0	0	1801	150.56	7.16	2.74	8.92	11.45	10.05	12.13	2.80	18.23	20.16
9/23/2020 12:52:16 PM	0.00	1.37	1.36	0.00	0.00	0.00	0.00	0.79	2.73	99.30	18.43	10.88	0	1371	613	0	0	0	0	0	1985	150.69	7.03	2.68	9.33	11.44	10.13	12.28	2.81	18.22	20.13
9/23/2020 12:52:19 PM	0.00	1.21	1.19	0.11	0.00	0.00	0.00	0.80	2.51	99.34	18.50	10.89	0	1209	537	3	0	0	0	0	1750	150.76	6.83	2.55	8.57	11.33	9.86	12.08	2.81	18.21	20.09
9/23/2020 12:52:21 PM	0.00	1.19	1.17	0.21	0.00	0.00	0.00	0.79	2.57	99.12	18.59	10.89	0	1194	527	6	0	0	0	0	1727	150.43	7.14	2.70	8.73	11.38	10.09	12.26	2.82	18.18	20.09
9/23/2020 12:52:23 PM	0.00	1.38	1.37	0.08	0.00	0.00	0.00	0.84	2.83	98.58	18.68	10.87	0	1375	618	2	0	0	0	0	1996	149.61	7.58	2.77	9.47	12.16	10.58	13.00	2.83	18.17	20.07
9/23/2020 12:52:26 PM	0.00	1.32	1.29	0.12	0.00	0.00	0.00	0.79	2.73	98.29	18.77	10.87	0	1318	583	4	0	0	0	0	1904	149.17	7.31	2.74	9.21	11.57	10.38	12.46	2.84	18.16	20.09
9/23/2020 12:52:28 PM	0.00	1.33	1.42	0.11	0.00	0.00	0.00	0.81	2.86	97.79	18.88	10.88	0	1332	641	3	0	0	0	0	1976	148.40	7.72	2.85	9.42	11.94	10.48	13.03	2.85	18.14	20.07
9/23/2020 12:52:30 PM	0.00	1.36	1.53	0.06	0.00	0.00	0.00	0.81	2.95	96.83	19.00	10.85	0	1357	688	2	0	0	0	0	2048	146.95	7.81	2.72	9.48	12.11	10.65	13.41	2.86	18.14	20.03
9/23/2020 12:52:33 PM	0.00	1.31	1.49	0.08	0.00	0.00	0.00	0.82	2.88	95.84	19.10	10.82	0	1309	670	2	0	0	0	0	1981	145.45	7.82	2.72	9.28	12.13	10.41	13.29	2.87	18.10	20.04
9/23/2020 12:52:35 PM	0.00	1.35	1.46	0.18	0.00	0.00	0.00	0.83	2.98	95.99	19.18	10.83	0	1348	656	5	0	0	0	0	2009	145.68	8.24	3.00	9.73	12.39	10.83	13.60	2.88	18.10	20.01
9/23/2020 12:52:38 PM	0.00	1.36	1.51	0.13	0.00	0.00	0.00	0.86	3.00	95.63	19.27	10.83	0	1365	680	4	0	0	0	0	2049	145.13	8.29	2.87	9.71	12.74	10.84	13.90	2.89	18.10	19.94
9/23/2020 12:52:40 PM	0.00	1.50	1.82	0.00	0.00	0.00	0.00	0.85	3.32	94.32	19.35	10.82	0	1499	821	0	0	0	0	0	2320	143.14	8.58	3.02	10.34	12.97	11.24	14.72	2.90	18.07	20.01
9/23/2020 12:52:42 PM	0.00	1.41	1.80	0.01	0.00	0.00	0.00	0.84	3.22	94.12	19.42	10.79	0	1411	811	0	0	0	0	0	2222	142.84	8.46	2.83	9.88	12.82	10.93	14.57	2.90	18.06	19.98
9/23/2020 12:52:45 PM	0.00	1.51	2.03	0.00	0.00	0.00	0.00	0.87	3.54	93.43	19.48	10.79	0	1514	914	0	0	0	0	0	2427	141.79	9.15	2.96	10.77	13.59	11.42	15.85	2.91	18.05	19.96
9/23/2020 12:52:47 PM	0.00	1.57	2.19	0.00	0.00	0.00	0.00	0.89	3.76	91.43	19.56	10.80	0	1570	986	0	0	0	0	0	2556	138.75	9.68	3.18	11.24	14.16	11.77	16.73	2.92	18.02	19.92
9/23/2020 12:52:49 PM	0.00	1.47	2.03	0.00	0.00	0.00	0.00	0.86	3.50	91.72	19.67	10.82	0	1469	915	0	0	0	0	0	2384	139.19	9.13	2.97	10.39	13.45	11.39	15.71	2.93	18.02	19.91
9/23/2020 12:52:52 PM	0.00	1.44	1.83	0.02	0.00	0.00	0.00	0.84	3.28	91.96	19.81	10.80	0	1437	823	1	0	0	0	0	2261	139.56	8.64	2.90	10.07	12.91	11.09	14.71	2.94	18.00	19.88
9/23/2020 12:52:54 PM	0.00	1.41	1.58	0.00	0.00	0.00	0.00	0.83	2.98	92.05	19.90	10.73	0	1407	710	0	0	0	0	0	2117	139.69	7.81	2.65	9.73	12.27	10.55	13.49	2.95	17.99	19.86
9/23/2020 12:52:57 PM	0.00	1.46	1.66	0.00	0.00	0.00	0.00	0.84	3.12	92.12	19.98	10.73	0	1460	746	0	0	0	0	0	2206	139.80	8.11	2.84	10.00	12.56	10.89	13.91	2.96	17.98	19.89
9/23/2020 12:52:59 PM	0.00	1.52	1.58	0.00	0.00	0.00	0.00	0.84	3.10	91.39	20.08	10.77	0	1521	711	0	0	0	0	0	2232	138.70	7.96	2.88	10.31	12.55	10.96	13.67	2.97	17.97	19.86
9/23/2020 12:53:01 PM	0.00	1.55	1.65	0.00	0.00	0.00	0.00	0.84	3.20	89.70	20.18	10.76	0	1550	744	0	0	0	0	0	2294	136.13	8.17	2.83	10.67	12.62	11.01	13.93	2.98	17.94	19.88
9/23/2020 12:53:04 PM	0.00	1.65	1.62	0.00	0.00	0.00	0.00	0.85	3.27	86.51	20.28	10.74	0	1654	729	0	0	0	0	0	2384	131.28	8.13	2.86	11.16	12.78	11.40	14.01	2.99	17.94	19.84
9/23/2020 12:53:06 PM	0.00	1.75	1.72	0.00	0.00	0.00	0.00	0.85	3.47	83.30	20.36	10.68	0	1749	773	0	0	0	0	0	2522	126.41	8.37	3.06	11.75	12.97	11.82	14.48	3.00	17.94	19.83
9/23/2020 12:53:09 PM	0.00	1.78	1.88	0.00	0.00	0.00	0.00	0.88	3.66	80.14	20.46	10.63	0	1782	845	0	0	0	0	0	2627	121.61	8.94	3.09	11.98	13.62	12.25	15.41	3.00	17.92	19.81
9/23/2020 12:53:11 PM	0.00	1.91	1.93	0.00	0.00	0.00	0.00	0.89	3.84	78.53	20.59	10.59	0	1908	868	0	0	0	0	0	2777	119.17	9.19	3.29	12.80	13.85	12.63	15.70	3.02	17.90	19.83
9/23/2020 12:53:13 PM	0.00	1.94	1.96	0.00	0.00	0.00	0.00	0.91	3.90	73.89	20.69	10.56	0	1937	884	0	0	0	0	0	2821	112.13	9.30	3.25	12.97	14.21	12.84	16.15	3.03	17.90	19.78
9/23/2020 12:53:16 PM	0.00	1.97	1.90	0.00	0.00	0.00	0.00	0.90	3.87	75.22	20.74	10.57	0	1975	854	0	0	0	0	0	2829	114.15	9.32	3.45	13.03	14.00	12.88	15.61	3.03	17.87	19.76
9/23/2020 12:53:18 PM	0.00	2.01	1.95	0.00	0.00	0.00	0.00	0.90	3.96	73.69	20.82	10.60	0	2007	878	0	0	0	0	0	2884	111.83	9.30	3.33	13.31	14.13	13.07	16.03	3.04	17.86	19.77
9/23/2020 12:53:20 PM	0.00	2.04	1.91	0.00	0.00	0.00	0.00	0.89	3.95	73.08	20.86	10.60	0	2035	861	0	0	0	0	0	2897	110.89	9.30	3.37	13.41	13.99	13.10	15.73	3.04	17.86	19.71
9/23/2020 12:53:23 PM	0.00	2.07	1.92	0.00	0.00	0.00	0.00	0.88	3.99	71.86	20.91	10.63	0	2069	864	0	0	0	0	0	2934	109.05	9.25	3.41	13.59	13.90	13.22	15.72	3.05	17.84	19.71
9/23/2020 12:53:25 PM	0.00	2.17	2.28	0.00	0.00	0.00	0.00	0.91	4.45	71.99	20.99	10.64	0	2172	1025	0	0	0	0	0	3196	109.24	10.19	3.69	14.50	14.90	14.00	17.63	3.06	17.83	19.70
9/23/2020 12:53:28 PM	0.00	2.34	2.75	0.00	0.00	0.00	0.00	0.93	5.09	63.92	21.03	10.60	0	2338	1238	0	0	0	0	0	3576	96.99	11.62	3.92	15.94	16.08	15.02	19.90	3.06	17.82	19.67
9/23/2020 12:53:30 PM	0.00	2.38	2.79	0.00	0.00	0.00	0.00	0.88	5.17	65.77	20.98	10.57	0	2383	1254	0	0	0	0	0	3637	99.80	11.55	3.99	16.21	15.64	15.16	19.70	3.06	17.78	19.73
9/23/2020 12:53:32 PM	0.00	2.34	2.84	0.00	0.00	0.00	0.00	0.91	5.18	64.10	20.98	10.60	0	2336	1279	0	0	0	0	0	3615	97.27	11.59	3.94	15.87	15.94	15.27	20.21	3.06	17.78	19.68
9/23/2020 12:53:35 PM	0.00	2.49	2.87	0.00	0.00	0.00	0.00	0.86	5.36	64.21	20.97	10.62	0	2492	1290	0	0	0	0	0	3782	97.44	11.92	4.59	16.62	15.65	15.73	19.77	3.06	17.77	19.62
9/23/2020 12:53:37 PM	0.00	2.36	2.84	0.00	0.00	0.00	0.00	0.89	5.20	65.24	20.96	10.64	0	2363	1277	0	0	0	0	0	3640	98.99	11.58	3.96	15.93	15.72	15.42	19.98	3.05	17.74	19.71
9/23/2020 12:53:39 PM	0.00	2.40	2.73	0.00	0.00	0.00	0.00	0.90	5.13	65.53	20.96	10.68	0	2400	1230	0	0	0	0	0	3629	99.44	11.54	4.09	15.90	15.70	15.50	19.50	3.05	17.74	19.66
9/23/2020 12:53:42 PM	0.00	2.49	2.71	0.00	0.00	0.00	0.00	0.89	5.19	65.90	20.97	10.69	0	2487	1217	0	0	0	0	0	3704	100.00	11.47	4.16	16.59	15.62	15.50	19.39	3.05	17.71	19.68
9/23/2020 12:53:44 PM	0.00	2.37	2.83	0.00	0.00	0.00	0.00	0.90	5.20	65.62	21.02	10.63	0	2372	1274	0	0	0	0	0	3646	99.58	11.68	3.84	15.97	15.85	15.46	20.01	3.06	17.71	19.63
