Date/Time	Green Algae	Bluegreen	Diatoms	Cryptophyta	#5	#6	#7	Yellow substances	Total conc.	Transmission	Depth	Temp. Sample	Green Algae	Bluegreen	Diatoms	Cryptophyta	#5	#6	#7	Yellow substances	Total cell count	Trans. 700 nm	LED 3 [525 nm]	LED 4 [570 nm]	LED 5 [610 nm]	LED 6 [370 nm]	LED 7 [590 nm]	LED 8 [470 nm]	Pressure	Temp. LEDs	Temp. Sensor
date	µg/l	µg/l	µg/l	µg/l	µg/l	µg/l	µg/l	r.u.	µg/l	%	m	°C	cells/ml	cells/ml	cells/ml	cells/ml	cells/ml	cells/ml	cells/ml	r.u.	cells/ml	digits	digits	digits	digits	digits	digits	digits	bar	°C	°C
9/30/2020 9:38:38 AM	4.70	42.93	0.00	0.00	0.00	0.00	0.00	0.56	47.63	96.08	0.05	17.64	2491	42928	0	0	0	0	0	0	45419	145.82	38.91	32.85	207.90	45.36	179.37	33.55	1.00	21.36	20.17
9/30/2020 9:38:40 AM	6.00	44.48	0.00	0.00	0.00	0.00	0.00	0.31	50.48	96.24	0.08	17.57	3178	44483	0	0	0	0	0	0	47661	146.06	39.70	34.26	215.86	45.90	186.97	36.23	1.01	21.38	20.19
9/30/2020 9:38:43 AM	5.56	44.71	0.00	0.00	0.00	0.00	0.00	0.50	50.27	96.22	0.10	17.61	2946	44709	0	0	0	0	0	0	47656	146.03	40.79	35.64	216.55	47.27	187.41	36.41	1.01	21.39	20.21
9/30/2020 9:38:45 AM	5.49	44.95	0.00	0.00	0.00	0.00	0.00	0.46	50.44	96.14	0.14	17.72	2910	44947	0	0	0	0	0	0	47857	145.90	41.26	35.43	218.81	46.87	187.01	35.88	1.01	21.40	20.21
9/30/2020 9:38:48 AM	5.17	44.13	0.00	0.00	0.00	0.00	0.00	0.45	49.30	97.12	0.16	17.76	2740	44127	0	0	0	0	0	0	46867	147.39	39.39	35.51	213.11	45.87	185.09	34.60	1.02	21.41	20.23
9/30/2020 9:38:50 AM	6.00	44.70	0.00	0.00	0.00	0.00	0.00	0.25	50.70	95.97	0.25	17.70	3181	44703	0	0	0	0	0	0	47884	145.65	40.72	34.98	216.60	45.23	187.84	35.77	1.02	21.43	20.28
9/30/2020 9:38:52 AM	6.22	45.85	0.00	0.00	0.00	0.00	0.00	0.13	52.07	96.31	0.31	17.56	3295	45850	0	0	0	0	0	0	49145	146.16	40.97	35.69	222.00	45.34	192.81	35.96	1.03	21.46	20.24
9/30/2020 9:38:55 AM	5.61	46.85	0.00	0.00	0.00	0.00	0.00	0.33	52.46	95.88	0.35	17.54	2972	46853	0	0	0	0	0	0	49824	145.51	40.18	36.67	227.05	47.62	195.88	35.99	1.03	21.46	20.22
9/30/2020 9:38:57 AM	5.23	47.24	0.00	0.00	0.00	0.00	0.00	0.50	52.47	97.55	0.38	17.56	2772	47238	0	0	0	0	0	0	50009	148.04	42.82	37.48	227.46	48.70	198.02	36.21	1.04	21.48	20.29
9/30/2020 9:38:59 AM	4.97	45.70	0.00	0.00	0.00	0.00	0.00	0.49	50.67	98.44	0.39	17.65	2636	45696	0	0	0	0	0	0	48332	149.39	40.05	36.25	220.96	47.31	190.78	34.81	1.04	21.48	20.24
9/30/2020 9:39:02 AM	5.19	46.77	0.00	0.00	0.00	0.00	0.00	0.39	51.96	96.91	0.43	17.71	2751	46768	0	0	0	0	0	0	49519	147.08	41.55	37.54	226.38	47.31	194.77	35.06	1.04	21.48	20.34
9/30/2020 9:39:04 AM	5.56	45.65	0.00	0.00	0.00	0.00	0.00	0.33	51.21	96.92	0.55	17.62	2947	45648	0	0	0	0	0	0	48595	147.09	39.72	34.51	221.90	46.63	190.56	35.46	1.05	21.50	20.26
9/30/2020 9:39:07 AM	5.09	47.35	0.00	0.00	0.00	0.00	0.00	0.45	52.44	96.56	0.64	17.49	2698	47348	0	0	0	0	0	0	50047	146.54	41.38	36.85	228.53	48.36	197.91	35.45	1.06	21.52	20.24
9/30/2020 9:39:09 AM	5.53	47.33	0.00	0.00	0.00	0.00	0.00	0.35	52.86	96.45	0.71	17.47	2931	47328	0	0	0	0	0	0	50259	146.37	42.29	37.16	229.18	47.75	197.50	35.99	1.07	21.52	20.38
9/30/2020 9:39:11 AM	5.93	47.52	0.00	0.00	0.00	0.00	0.00	0.35	53.45	96.53	0.76	17.44	3141	47524	0	0	0	0	0	0	50665	146.50	42.88	36.90	231.21	48.48	197.89	37.32	1.07	21.54	20.38
9/30/2020 9:39:14 AM	5.46	47.10	0.00	0.00	0.00	0.00	0.00	0.39	52.56	97.00	0.83	17.47	2896	47100	0	0	0	0	0	0	49996	147.21	41.84	35.81	227.04	48.00	197.90	36.10	1.08	21.56	20.33
9/30/2020 9:39:16 AM	5.94	47.46	0.00	0.00	0.00	0.00	0.00	0.31	53.39	96.28	0.87	17.52	3147	47456	0	0	0	0	0	0	50603	146.12	41.65	37.66	230.47	48.21	198.03	37.07	1.09	21.55	20.31
9/30/2020 9:39:18 AM	5.98	47.65	0.00	0.00	0.00	0.00	0.00	0.27	53.63	95.86	0.93	17.52	3167	47654	0	0	0	0	0	0	50822	145.48	41.63	37.33	232.51	48.04	197.79	36.91	1.09	21.56	20.34
9/30/2020 9:39:21 AM	5.39	45.63	0.00	0.00	0.00	0.00	0.00	0.44	51.02	97.34	1.04	17.49	2856	45634	0	0	0	0	0	0	48490	147.72	40.91	34.87	221.34	47.27	190.63	35.73	1.10	21.57	20.33
9/30/2020 9:39:23 AM	5.29	45.71	0.00	0.00	0.00	0.00	0.00	0.37	51.00	96.64	1.17	17.45	2803	45714	0	0	0	0	0	0	48517	146.66	40.35	35.21	221.33	46.53	191.10	34.89	1.11	21.59	20.31
9/30/2020 9:39:26 AM	5.25	46.31	0.00	0.00	0.00	0.00	0.00	0.44	51.56	97.02	1.30	17.40	2783	46307	0	0	0	0	0	0	49090	147.24	39.88	36.11	224.39	47.81	193.30	35.54	1.13	21.59	20.36
9/30/2020 9:39:28 AM	5.21	45.86	0.00	0.00	0.00	0.00	0.00	0.38	51.07	95.84	1.38	17.39	2762	45858	0	0	0	0	0	0	48620	145.44	39.88	35.29	221.40	46.67	192.28	34.76	1.14	21.61	20.34
9/30/2020 9:39:30 AM	5.05	46.13	0.00	0.00	0.00	0.00	0.00	0.46	51.18	97.06	1.42	17.48	2676	46133	0	0	0	0	0	0	48809	147.31	40.05	35.76	223.29	47.55	192.56	35.00	1.14	21.62	20.32
9/30/2020 9:39:33 AM	5.25	46.03	0.00	0.00	0.00	0.00	0.00	0.40	51.28	96.76	1.50	17.57	2782	46026	0	0	0	0	0	0	48808	146.84	39.86	35.66	223.25	47.21	191.94	35.16	1.15	21.63	20.38
9/30/2020 9:39:35 AM	5.14	46.42	0.00	0.00	0.00	0.00	0.00	0.43	51.56	96.79	1.58	17.53	2725	46417	0	0	0	0	0	0	49141	146.89	40.05	35.73	225.78	47.72	192.70	35.19	1.15	21.63	20.37
9/30/2020 9:39:37 AM	5.05	45.54	0.00	0.00	0.00	0.00	0.00	0.46	50.60	97.07	1.63	17.42	2679	45541	0	0	0	0	0	0	48220	147.32	39.80	35.05	220.23	47.06	190.49	34.82	1.16	21.64	20.37
9/30/2020 9:39:40 AM	5.04	45.35	0.00	0.00	0.00	0.00	0.00	0.48	50.39	96.98	1.67	17.43	2672	45346	0	0	0	0	0	0	48018	147.18	39.82	35.17	219.79	47.04	189.12	34.82	1.16	21.66	20.39
9/30/2020 9:39:42 AM	5.11	44.42	0.00	0.00	0.00	0.00	0.00	0.46	49.53	96.93	1.70	17.45	2706	44423	0	0	0	0	0	0	47129	147.11	39.05	34.47	214.97	46.24	186.01	34.60	1.17	21.66	20.39
9/30/2020 9:39:45 AM	5.06	44.92	0.00	0.00	0.00	0.00	0.00	0.48	49.99	96.93	1.80	17.43	2683	44923	0	0	0	0	0	0	47606	147.10	39.16	34.40	218.14	46.88	187.25	34.80	1.18	21.67	20.42
9/30/2020 9:39:47 AM	5.30	45.92	0.00	0.00	0.00	0.00	0.00	0.43	51.23	96.51	1.86	17.42	2811	45924	0	0	0	0	0	0	48735	146.46	39.74	35.22	223.10	47.50	191.39	35.51	1.18	21.66	20.42
9/30/2020 9:39:49 AM	5.07	45.75	0.00	0.00	0.00	0.00	0.00	0.46	50.82	96.48	1.93	17.46	2686	45752	0	0	0	0	0	0	48438	146.42	40.29	35.71	222.43	47.27	189.97	34.94	1.19	21.68	20.46
9/30/2020 9:39:52 AM	5.18	46.47	0.00	0.00	0.00	0.00	0.00	0.46	51.65	96.51	2.00	17.46	2745	46469	0	0	0	0	0	0	49214	146.46	40.48	35.89	226.29	48.07	192.67	35.55	1.20	21.68	20.44
9/30/2020 9:39:54 AM	4.85	45.32	0.00	0.00	0.00	0.00	0.00	0.49	50.16	96.86	2.03	17.41	2569	45316	0	0	0	0	0	0	47886	147.00	39.63	34.98	219.87	46.93	188.50	34.31	1.20	21.70	20.44
9/30/2020 9:39:57 AM	5.00	45.33	0.00	0.00	0.00	0.00	0.00	0.51	50.33	96.54	2.08	17.41	2653	45329	0	0	0	0	0	0	47982	146.51	39.87	34.94	219.93	47.32	188.84	34.96	1.20	21.70	20.47
9/30/2020 9:39:59 AM	4.96	45.25	0.00	0.00	0.00	0.00	0.00	0.51	50.20	96.99	2.14	17.40	2627	45248	0	0	0	0	0	0	47875	147.19	39.40	34.76	219.74	47.33	188.32	34.84	1.21	21.70	20.43
9/30/2020 9:40:01 AM	5.08	45.08	0.00	0.00	0.00	0.00	0.00	0.48	50.16	97.14	2.19	17.42	2693	45080	0	0	0	0	0	0	47773	147.42	39.29	34.79	218.97	47.05	187.77	34.93	1.21	21.71	20.47
9/30/2020 9:40:04 AM	4.76	44.08	0.00	0.00	0.00	0.00	0.00	0.51	48.83	97.42	2.22	17.43	2521	44078	0	0	0	0	0	0	46599	147.84	38.66	34.15	213.35	45.98	184.08	33.74	1.22	21.71	20.47
9/30/2020 9:40:06 AM	4.88	44.44	0.00	0.00	0.00	0.00	0.00	0.50	49.32	97.34	2.24	17.43	2586	44439	0	0	0	0	0	0	47024	147.73	38.71	34.14	215.64	46.48	185.22	34.24	1.22	21.71	20.47
9/30/2020 9:40:08 AM	5.25	45.56	0.00	0.00	0.00	0.00	0.00	0.45	50.82	97.24	2.29	17.47	2785	45564	0	0	0	0	0	0	48349	147.57	39.62	35.72	222.03	47.40	189.08	35.41	1.22	21.73	20.48
9/30/2020 9:40:11 AM	5.03	44.57	0.00	0.00	0.00	0.00	0.00	0.49	49.61	97.19	2.34	17.47	2668	44571	0	0	0	0	0	0	47240	147.50	38.89	34.25	216.76	46.73	185.50	34.71	1.23	21.73	20.46
9/30/2020 9:40:13 AM	5.18	44.94	0.00	0.00	0.00	0.00	0.00	0.48	50.12	96.64	2.39	17.46	2747	44936	0	0	0	0	0	0	47683	146.67	39.43	34.53	218.25	47.05	187.41	35.21	1.23	21.72	20.47
9/30/2020 9:40:16 AM	5.08	45.25	0.00	0.00	0.00	0.00	0.00	0.50	50.32	96.83	2.46	17.48	2692	45246	0	0	0	0	0	0	47938	146.95	39.67	34.98	219.68	47.35	188.49	35.14	1.24	21.73	20.46
9/30/2020 9:40:18 AM	4.96	44.67	0.00	0.00	0.00	0.00	0.00	0.52	49.63	97.66	2.53	17.46	2630	44668	0	0	0	0	0	0	47298	148.21	39.15	34.41	216.38	46.88	186.62	34.70	1.25	21.74	20.46
9/30/2020 9:40:20 AM	4.94	44.67	0.00	0.00	0.00	0.00	0.00	0.50	49.61	96.96	2.61	17.42	2618	44674	0	0	0	0	0	0	47291	147.15	39.10	34.45	216.30	46.67	186.68	34.49	1.26	21.74	20.51
9/30/2020 9:40:23 AM	5.07	44.08	0.00	0.00	0.00	0.00	0.00	0.51	49.15	97.55	2.68	17.41	2686	44078	0	0	0	0	0	0	46764	148.04	38.79	33.98	213.72	46.44	184.28	34.74	1.26	21.75	20.51
9/30/2020 9:40:25 AM	5.00	44.80	0.00	0.00	0.00	0.00	0.00	0.53	49.80	97.15	2.72	17.37	2648	44800	0	0	0	0	0	0	47448	147.43	39.11	34.54	218.14	47.26	186.06	34.97	1.27	21.75	20.54
9/30/2020 9:40:27 AM	5.09	45.36	0.00	0.00	0.00	0.00	0.00	0.50	50.44	97.06	2.74	17.39	2697	45356	0	0	0	0	0	0	48052	147.30	39.56	35.46	220.23	47.49	188.87	35.22	1.27	21.75	20.48
9/30/2020 9:40:30 AM	4.85	43.91	0.00	0.00	0.00	0.00	0.00	0.56	48.77	97.49	2.81	17.39	2572	43913	0	0	0	0	0	0	46485	147.96	38.54	33.93	213.56	46.64	182.67	34.45	1.28	21.75	20.52
9/30/2020 9:40:32 AM	4.78	43.86	0.00	0.00	0.00	0.00	0.00	0.52	48.64	97.75	2.95	17.37	2535	43857	0	0	0	0	0	0	46392	148.35	38.52	33.95	212.87	45.96	182.66	33.82	1.29	21.77	20.52
9/30/2020 9:40:35 AM	5.14	44.86	0.00	0.00	0.00	0.00	0.00	0.50	50.00	97.34	2.98	17.35	2726	44861	0	0	0	0	0	0	47587	147.73	39.12	34.72	217.82	47.16	187.13	35.21	1.29	21.77	20.54
9/30/2020 9:40:37 AM	4.92	44.70	0.00	0.00	0.00	0.00	0.00	0.54	49.62	97.50	3.01	17.39	2608	44703	0	0	0	0	0	0	47311	147.96	39.12	34.49	217.28	47.06	185.94	34.71	1.30	21.77	20.53
9/30/2020 9:40:39 AM	4.87	45.58	0.00	0.00	0.00	0.00	0.00	0.58	50.46	97.61	3.03	17.42	2583	45584	0	0	0	0	0	0	48167	148.14	39.80	35.10	221.09	48.10	189.83	35.19	1.30	21.77	20.53
9/30/2020 9:40:42 AM	5.03	45.40	0.00	0.00	0.00	0.00	0.00	0.54	50.43	96.92	3.06	17.43	2666	45401	0	0	0	0	0	0	48067	147.09	39.34	34.97	221.29	47.86	188.26	35.31	1.30	21.78	20.53
9/30/2020 9:40:44 AM	5.16	46.13	0.00	0.00	0.00	0.00	0.00	0.55	51.30	97.39	3.10	17.45	2737	46133	0	0	0	0	0	0	48869	147.80	40.15	35.76	224.48	48.71	191.64	36.09	1.30	21.79	20.56
9/30/2020 9:40:47 AM	5.25	45.69	0.00	0.00	0.00	0.00	0.00	0.54	50.93	97.92	3.12	17.46	2780	45689	0	0	0	0	0	0	48469	148.61	39.97	35.62	221.86	48.37	190.50	36.15	1.31	21.79	20.54
9/30/2020 9:40:49 AM	5.30	46.12	0.00	0.00	0.00	0.00	0.00	0.54	51.42	97.05	3.16	17.48	2809	46120	0	0	0	0	0	0	48929	147.29	40.21	35.74	224.81	48.79	191.42	36.44	1.31	21.78	20.57
9/30/2020 9:40:51 AM	5.20	45.58	0.00	0.00	0.00	0.00	0.00	0.54	50.78	97.56	3.22	17.45	2757	45579	0	0	0	0	0	0	48336	148.05	40.07	35.41	220.87	48.17	190.46	35.97	1.32	21.79	20.54
9/30/2020 9:40:54 AM	5.07	44.79	0.00	0.00	0.00	0.00	0.00	0.51	49.86	97.63	3.25	17.40	2689	44790	0	0	0	0	0	0	47479	148.16	39.44	34.55	217.00	47.02	187.22	35.02	1.32	21.78	20.57
9/30/2020 9:40:56 AM	5.05	44.83	0.00	0.00	0.00	0.00	0.00	0.56	49.88	98.08	3.29	17.41	2676	44830	0	0	0	0	0	0	47506	148.85	39.37	34.50	217.77	47.55	186.82	35.33	1.32	21.80	20.54
9/30/2020 9:40:58 AM	5.03	45.78	0.00	0.00	0.00	0.00	0.00	0.54	50.81	97.59	3.34	17.41	2668	45781	0	0	0	0	0	0	48449	148.10	39.96	35.43	222.47	48.08	190.34	35.45	1.33	21.79	20.57
9/30/2020 9:41:01 AM	5.03	44.81	0.00	0.00	0.00	0.00	0.00	0.56	49.84	97.18	3.35	17.39	2664	44809	0	0	0	0	0	0	47473	147.49	39.56	34.62	217.34	47.54	187.00	35.32	1.33	21.80	20.56
9/30/2020 9:41:03 AM	5.20	45.48	0.00	0.00	0.00	0.00	0.00	0.55	50.68	97.41	3.39	17.43	2756	45481	0	0	0	0	0	0	48237	147.82	39.81	35.27	221.50	48.20	188.97	35.96	1.33	21.79	20.61
9/30/2020 9:41:06 AM	5.05	45.30	0.00	0.00	0.00	0.00	0.00	0.55	50.35	96.99	3.43	17.46	2679	45295	0	0	0	0	0	0	47974	147.19	39.31	34.99	221.32	48.01	187.32	35.49	1.34	21.81	20.62
9/30/2020 9:41:08 AM	4.86	43.85	0.00	0.00	0.00	0.00	0.00	0.58	48.71	97.12	3.47	17.46	2577	43851	0	0	0	0	0	0	46428	147.39	38.49	33.90	212.17	46.80	183.61	34.65	1.34	21.81	20.62
9/30/2020 9:41:10 AM	4.63	42.64	0.00	0.00	0.00	0.00	0.00	0.59	47.27	97.64	3.51	17.43	2455	42638	0	0	0	0	0	0	45093	148.18	37.59	33.10	205.87	45.49	178.89	33.49	1.34	21.81	20.61
9/30/2020 9:41:13 AM	4.53	41.95	0.00	0.00	0.00	0.00	0.00	0.56	46.48	97.28	3.52	17.35	2403	41947	0	0	0	0	0	0	44350	147.63	36.28	32.45	204.53	44.72	174.04	32.73	1.34	21.82	20.64
9/30/2020 9:41:15 AM	4.44	39.21	0.00	0.00	0.00	0.00	0.00	0.60	43.66	99.39	3.53	17.29	2354	39215	0	0	0	0	0	0	41569	150.84	34.37	30.02	191.62	42.96	163.03	31.91	1.35	21.82	20.63
9/30/2020 9:41:17 AM	4.28	36.16	0.00	0.00	0.00	0.00	0.00	0.70	40.44	100.00	3.57	17.35	2268	36163	0	0	0	0	0	0	38431	152.23	32.44	27.87	176.45	41.27	151.35	31.12	1.35	21.82	20.57
9/30/2020 9:41:20 AM	4.28	30.18	0.00	0.00	0.00	0.00	0.00	0.74	34.45	100.00	3.62	17.34	2267	30178	0	0	0	0	0	0	32445	153.19	27.86	23.78	149.35	37.06	126.10	29.39	1.35	21.82	20.62
9/30/2020 9:41:22 AM	5.17	25.03	0.00	0.00	0.00	0.00	0.00	0.92	30.20	100.00	3.68	17.04	2743	25029	0	0	0	0	0	0	27772	156.28	26.00	20.15	121.75	35.87	110.47	32.00	1.36	21.82	20.58
9/30/2020 9:41:25 AM	7.48	17.91	0.00	0.00	0.00	0.00	0.00	1.32	25.39	100.00	3.73	16.73	3966	17907	0	0	0	0	0	0	21873	159.10	22.93	15.77	92.41	37.88	81.77	40.27	1.37	21.81	20.61
9/30/2020 9:41:27 AM	6.40	23.02	0.00	0.00	0.00	0.00	0.00	1.07	29.42	100.00	3.77	16.65	3390	23021	0	0	0	0	0	0	26411	158.96	24.41	18.64	116.50	37.92	100.48	36.48	1.37	21.83	20.64
9/30/2020 9:41:29 AM	6.07	23.91	0.00	0.00	0.00	0.00	0.00	1.07	29.98	100.00	3.80	16.53	3219	23911	0	0	0	0	0	0	27130	158.80	25.41	19.75	118.77	38.05	105.35	35.78	1.37	21.83	20.62
9/30/2020 9:41:32 AM	7.10	19.77	0.00	0.00	0.00	0.00	0.00	1.37	26.87	100.00	3.84	16.42	3763	19766	0	0	0	0	0	0	23529	159.37	23.74	16.56	100.66	39.36	89.35	40.07	1.38	21.82	20.61
9/30/2020 9:41:34 AM	7.82	16.10	0.00	0.00	0.00	0.00	0.00	1.75	23.92	100.00	3.86	16.35	4144	16097	0	0	0	0	0	0	20242	161.52	22.33	14.27	84.06	41.39	75.50	44.17	1.38	21.81	20.63
9/30/2020 9:41:37 AM	7.53	16.81	0.00	0.00	0.00	0.00	0.00	1.69	24.34	100.00	3.89	16.36	3993	16811	0	0	0	0	0	0	20804	162.20	22.38	14.68	88.67	41.04	76.56	43.03	1.38	21.82	20.61
9/30/2020 9:41:39 AM	7.57	16.80	0.00	0.00	0.00	0.00	0.00	1.62	24.37	100.00	3.93	16.41	4011	16798	0	0	0	0	0	0	20809	163.07	21.97	14.77	88.96	40.43	76.13	42.59	1.39	21.81	20.63
9/30/2020 9:41:41 AM	7.38	14.04	0.00	0.00	0.00	0.00	0.00	1.91	21.43	100.00	3.99	16.13	3912	14045	0	0	0	0	0	0	17957	163.78	20.63	12.83	75.30	41.00	65.77	43.43	1.39	21.83	20.62
9/30/2020 9:41:44 AM	7.19	13.55	0.00	0.00	0.00	0.00	0.00	1.92	20.74	100.00	4.03	15.91	3810	13549	0	0	0	0	0	0	17359	165.71	20.27	12.42	73.22	40.39	63.16	42.67	1.40	21.81	20.63
9/30/2020 9:41:46 AM	6.86	11.60	0.00	0.00	0.00	0.00	0.00	1.99	18.46	100.00	4.06	15.71	3638	11601	0	0	0	0	0	0	15239	165.22	18.99	10.95	61.81	39.04	57.14	41.56	1.40	21.81	20.64
9/30/2020 9:41:48 AM	6.63	11.10	0.00	0.00	0.00	0.00	0.00	2.01	17.72	100.00	4.11	15.19	3512	11096	0	0	0	0	0	0	14608	165.98	18.16	10.40	60.12	38.62	54.08	40.80	1.40	21.82	20.69
9/30/2020 9:41:51 AM	6.17	10.26	0.00	0.00	0.00	0.00	0.00	1.96	16.43	100.00	4.15	14.89	3270	10264	0	0	0	0	0	0	13534	167.73	17.14	9.62	55.53	36.84	50.61	38.68	1.41	21.81	20.64
9/30/2020 9:41:53 AM	5.82	9.11	0.00	0.00	0.00	0.00	0.00	1.85	14.93	100.00	4.19	15.07	3082	9115	0	0	0	0	0	0	12197	169.37	15.94	8.54	49.16	34.25	46.23	36.26	1.41	21.81	20.63
9/30/2020 9:41:56 AM	5.66	8.56	0.00	0.00	0.00	0.00	0.00	1.79	14.22	100.00	4.23	15.21	2997	8563	0	0	0	0	0	0	11560	168.92	15.21	8.15	46.73	32.99	43.49	35.07	1.41	21.79	20.66
9/30/2020 9:41:58 AM	5.45	8.33	0.00	0.00	0.00	0.00	0.00	1.72	13.78	100.00	4.27	15.28	2890	8330	0	0	0	0	0	0	11220	169.17	14.71	7.99	45.46	31.75	42.28	33.74	1.42	21.81	20.66
9/30/2020 9:42:00 AM	5.16	7.85	0.00	0.00	0.00	0.00	0.00	1.72	13.02	100.00	4.31	15.27	2737	7854	0	0	0	0	0	0	10591	170.19	14.06	7.71	42.95	30.98	40.15	32.65	1.42	21.79	20.70
9/30/2020 9:42:03 AM	5.10	7.83	0.00	0.00	0.00	0.00	0.00	1.70	12.94	100.00	4.38	15.26	2705	7833	0	0	0	0	0	0	10538	170.32	13.92	7.55	42.85	30.76	39.98	32.34	1.43	21.78	20.69
9/30/2020 9:42:05 AM	4.22	6.16	0.00	0.00	0.00	0.00	0.00	1.45	10.38	100.00	4.43	14.94	2235	6164	0	0	0	0	0	0	8400	172.70	11.27	6.10	34.86	25.68	31.61	26.92	1.43	21.79	20.74
9/30/2020 9:42:07 AM	3.91	5.57	0.00	0.00	0.00	0.00	0.00	1.45	9.48	100.00	4.50	14.53	2070	5574	0	0	0	0	0	0	7644	172.86	10.73	5.85	31.30	24.73	29.45	25.71	1.44	21.78	20.67
9/30/2020 9:42:10 AM	3.99	5.68	0.00	0.00	0.00	0.00	0.00	1.43	9.66	100.00	4.54	14.31	2112	5676	0	0	0	0	0	0	7788	171.37	10.84	5.78	31.94	24.66	29.82	25.79	1.44	21.78	20.68
9/30/2020 9:42:12 AM	3.95	5.87	0.00	0.00	0.00	0.00	0.00	1.43	9.81	100.00	4.58	14.29	2091	5865	0	0	0	0	0	0	7957	172.60	10.89	5.85	33.00	24.81	30.36	25.76	1.45	21.77	20.73
9/30/2020 9:42:15 AM	3.86	5.84	0.00	0.00	0.00	0.00	0.00	1.42	9.70	100.00	4.60	14.20	2045	5843	0	0	0	0	0	0	7888	172.78	10.81	5.81	32.65	24.54	30.36	25.38	1.45	21.76	20.70
9/30/2020 9:42:17 AM	3.83	6.01	0.00	0.00	0.00	0.00	0.00	1.44	9.84	100.00	4.62	14.30	2031	6007	0	0	0	0	0	0	8038	172.94	11.15	6.05	33.05	24.81	31.35	25.52	1.45	21.75	20.67
9/30/2020 9:42:19 AM	3.84	5.70	0.00	0.00	0.00	0.00	0.00	1.44	9.54	100.00	4.68	14.45	2035	5704	0	0	0	0	0	0	7738	173.40	10.83	5.78	31.76	24.65	30.02	25.48	1.46	21.74	20.67
9/30/2020 9:42:22 AM	3.57	5.48	0.00	0.00	0.00	0.00	0.00	1.40	9.06	100.00	4.69	14.38	1892	5485	0	0	0	0	0	0	7377	173.66	10.41	5.55	30.63	23.66	28.73	24.19	1.46	21.75	20.70
9/30/2020 9:42:24 AM	3.40	5.35	0.00	0.00	0.00	0.00	0.00	1.39	8.75	100.00	4.76	14.17	1804	5347	0	0	0	0	0	0	7151	174.17	10.17	5.40	29.71	23.19	28.16	23.52	1.47	21.74	20.68
9/30/2020 9:42:26 AM	3.26	5.06	0.00	0.00	0.00	0.00	0.00	1.29	8.32	100.00	4.81	13.91	1729	5059	0	0	0	0	0	0	6788	173.91	9.54	5.06	28.33	21.80	26.70	22.20	1.47	21.73	20.66
9/30/2020 9:42:29 AM	3.02	4.98	0.00	0.00	0.00	0.00	0.00	1.29	8.00	100.00	4.89	13.92	1602	4981	0	0	0	0	0	0	6583	174.28	9.37	4.98	27.77	21.38	26.16	21.39	1.48	21.72	20.70
9/30/2020 9:42:31 AM	3.13	4.97	0.00	0.00	0.00	0.00	0.00	1.29	8.09	100.00	4.93	14.12	1656	4968	0	0	0	0	0	0	6625	173.84	9.34	4.84	27.87	21.46	26.16	21.67	1.48	21.70	20.69
9/30/2020 9:42:34 AM	3.04	4.84	0.00	0.00	0.00	0.00	0.00	1.27	7.88	100.00	5.01	14.27	1611	4836	0	0	0	0	0	0	6448	174.56	9.10	4.82	27.53	21.07	25.14	21.19	1.49	21.70	20.69
9/30/2020 9:42:36 AM	3.07	4.90	0.00	0.00	0.00	0.00	0.00	1.26	7.98	100.00	5.05	14.31	1630	4902	0	0	0	0	0	0	6532	174.60	9.06	4.95	27.74	21.15	25.58	21.31	1.49	21.69	20.70
9/30/2020 9:42:38 AM	2.95	4.93	0.00	0.00	0.00	0.00	0.00	1.26	7.88	100.00	5.10	14.40	1564	4931	0	0	0	0	0	0	6496	174.56	9.07	5.10	27.63	20.90	25.68	20.86	1.50	21.68	20.72
9/30/2020 9:42:41 AM	2.61	4.46	0.00	0.00	0.00	0.00	0.00	1.20	7.07	100.00	5.16	14.07	1385	4459	0	0	0	0	0	0	5844	174.11	8.37	4.53	25.09	19.41	23.48	19.11	1.51	21.67	20.66
9/30/2020 9:42:43 AM	2.33	4.24	0.00	0.00	0.00	0.00	0.00	1.09	6.57	100.00	5.25	13.56	1237	4241	0	0	0	0	0	0	5478	172.69	7.79	4.36	23.78	17.80	22.29	17.33	1.51	21.65	20.69
9/30/2020 9:42:46 AM	2.11	3.43	0.00	0.00	0.00	0.00	0.00	0.76	5.54	100.00	5.32	13.33	1118	3434	0	0	0	0	0	0	4553	170.40	6.45	3.38	19.19	13.30	19.09	13.60	1.52	21.66	20.73
9/30/2020 9:42:48 AM	1.64	3.01	0.00	0.00	0.00	0.00	0.00	0.66	4.65	100.00	5.38	13.31	872	3009	0	0	0	0	0	0	3880	165.84	5.27	3.03	17.13	11.43	16.56	11.23	1.53	21.63	20.69
9/30/2020 9:42:50 AM	1.76	3.26	0.00	0.00	0.00	0.00	0.00	0.73	5.02	100.00	5.46	13.28	933	3260	0	0	0	0	0	0	4192	165.96	5.75	3.27	18.41	12.45	17.74	12.20	1.53	21.62	20.72
9/30/2020 9:42:53 AM	1.56	2.96	0.00	0.00	0.00	0.00	0.00	0.68	4.52	100.00	5.53	12.81	828	2962	0	0	0	0	0	0	3790	167.53	5.27	3.08	16.91	11.41	16.23	11.05	1.54	21.61	20.73
9/30/2020 9:42:55 AM	0.86	2.16	0.00	0.00	0.00	0.00	0.00	0.37	3.02	100.00	5.68	12.37	456	2160	0	0	0	0	0	0	2617	159.05	3.34	2.20	12.71	6.61	11.90	6.02	1.56	21.59	20.73
9/30/2020 9:42:57 AM	0.98	2.15	0.00	0.00	0.00	0.00	0.00	0.37	3.12	100.00	5.68	12.44	518	2146	0	0	0	0	0	0	2664	159.33	3.52	2.17	12.39	6.81	12.32	6.45	1.56	21.58	20.70
9/30/2020 9:43:00 AM	1.01	2.27	0.00	0.00	0.00	0.00	0.00	0.38	3.28	100.00	5.74	12.57	536	2266	0	0	0	0	0	0	2802	158.98	3.57	2.35	13.41	7.03	12.39	6.64	1.56	21.57	20.70
9/30/2020 9:43:02 AM	0.85	2.14	0.00	0.00	0.00	0.00	0.00	0.38	2.99	100.00	5.79	12.55	452	2140	0	0	0	0	0	0	2593	159.40	3.54	2.18	12.34	6.72	12.09	6.13	1.57	21.55	20.77
9/30/2020 9:43:05 AM	0.89	2.14	0.00	0.00	0.00	0.00	0.00	0.39	3.03	100.00	5.84	12.63	472	2142	0	0	0	0	0	0	2613	159.30	3.48	2.18	12.30	6.85	12.24	6.30	1.57	21.54	20.69
9/30/2020 9:43:07 AM	0.94	2.30	0.00	0.00	0.00	0.00	0.00	0.37	3.24	100.00	5.89	12.67	498	2300	0	0	0	0	0	0	2798	159.16	3.52	2.27	13.52	6.85	12.45	6.33	1.58	21.51	20.68
9/30/2020 9:43:09 AM	0.89	2.13	0.00	0.00	0.00	0.00	0.00	0.38	3.02	100.00	5.96	12.80	473	2128	0	0	0	0	0	0	2601	159.30	3.41	2.12	12.34	6.74	12.08	6.21	1.58	21.51	20.70
9/30/2020 9:43:12 AM	0.86	2.01	0.00	0.00	0.00	0.00	0.00	0.38	2.87	100.00	6.03	12.69	455	2008	0	0	0	0	0	0	2463	159.17	3.35	2.12	11.71	6.58	11.57	6.06	1.59	21.49	20.67
9/30/2020 9:43:14 AM	0.79	1.99	0.00	0.00	0.00	0.00	0.00	0.34	2.78	100.00	6.06	12.62	420	1990	0	0	0	0	0	0	2411	158.32	3.12	2.09	11.58	6.10	11.40	5.53	1.59	21.47	20.69
9/30/2020 9:43:16 AM	0.73	1.91	0.00	0.00	0.00	0.00	0.00	0.35	2.64	100.00	6.13	12.72	387	1911	0	0	0	0	0	0	2298	158.53	3.05	1.97	11.26	6.10	10.95	5.42	1.60	21.46	20.68
9/30/2020 9:43:19 AM	0.84	1.93	0.00	0.00	0.00	0.00	0.00	0.34	2.77	100.00	6.19	12.67	446	1932	0	0	0	0	0	0	2378	158.71	3.12	2.01	11.33	6.11	11.23	5.66	1.61	21.43	20.73
9/30/2020 9:43:21 AM	0.83	1.96	0.00	0.00	0.00	0.00	0.00	0.34	2.79	100.00	6.21	12.65	440	1960	0	0	0	0	0	0	2399	158.47	3.16	2.05	11.37	6.18	11.42	5.69	1.61	21.43	20.66
9/30/2020 9:43:24 AM	0.94	2.10	0.00	0.00	0.00	0.00	0.00	0.33	3.04	100.00	6.24	12.63	497	2102	0	0	0	0	0	0	2599	158.85	3.37	2.12	11.89	6.25	12.32	5.95	1.61	21.41	20.69
9/30/2020 9:43:26 AM	0.72	1.89	0.00	0.00	0.00	0.00	0.00	0.36	2.61	100.00	6.26	12.59	380	1894	0	0	0	0	0	0	2274	158.66	3.02	1.94	11.02	6.13	11.05	5.42	1.61	21.39	20.70
9/30/2020 9:43:28 AM	0.74	1.91	0.00	0.00	0.00	0.00	0.00	0.34	2.64	100.00	6.28	12.68	391	1906	0	0	0	0	0	0	2297	158.74	3.01	2.00	11.27	6.01	10.89	5.37	1.62	21.37	20.67
9/30/2020 9:43:31 AM	0.67	1.99	0.00	0.00	0.00	0.00	0.00	0.37	2.66	100.00	6.30	12.86	356	1985	0	0	0	0	0	0	2341	158.86	3.02	2.10	11.43	6.23	11.35	5.37	1.62	21.34	20.67
9/30/2020 9:43:33 AM	0.69	1.97	0.00	0.00	0.00	0.00	0.00	0.34	2.67	100.00	6.32	12.83	367	1975	0	0	0	0	0	0	2342	157.71	3.09	2.00	11.60	5.91	11.08	5.18	1.62	21.33	20.70
9/30/2020 9:43:36 AM	0.79	1.96	0.00	0.00	0.00	0.00	0.00	0.34	2.75	100.00	6.34	12.68	420	1956	0	0	0	0	0	0	2376	157.34	3.13	1.94	11.47	6.04	11.22	5.49	1.62	21.32	20.67
9/30/2020 9:43:38 AM	0.76	1.94	0.00	0.00	0.00	0.00	0.00	0.34	2.70	100.00	6.39	12.79	404	1942	0	0	0	0	0	0	2346	157.78	3.07	1.93	11.34	6.06	11.19	5.45	1.63	21.29	20.64
9/30/2020 9:43:40 AM	0.74	2.04	0.00	0.00	0.00	0.00	0.00	0.34	2.78	100.00	6.43	12.92	391	2042	0	0	0	0	0	0	2433	156.19	3.20	2.09	11.77	6.05	11.57	5.37	1.63	21.28	20.64
9/30/2020 9:43:43 AM	0.72	1.85	0.00	0.00	0.00	0.00	0.00	0.34	2.57	100.00	6.48	12.83	381	1853	0	0	0	0	0	0	2234	157.39	3.02	1.90	10.89	5.89	10.77	5.26	1.63	21.26	20.66
9/30/2020 9:43:45 AM	0.66	1.79	0.00	0.00	0.00	0.00	0.00	0.34	2.45	100.00	6.52	12.76	351	1791	0	0	0	0	0	0	2142	158.04	2.90	1.86	10.52	5.75	10.51	5.04	1.64	21.24	20.62
9/30/2020 9:43:47 AM	0.67	1.80	0.00	0.00	0.00	0.00	0.00	0.33	2.47	100.00	6.56	12.80	357	1796	0	0	0	0	0	0	2153	157.83	2.94	1.87	10.49	5.69	10.59	5.03	1.64	21.22	20.62
9/30/2020 9:43:50 AM	0.67	1.71	0.00	0.00	0.00	0.00	0.00	0.33	2.38	100.00	6.58	12.74	355	1708	0	0	0	0	0	0	2062	157.86	2.83	1.81	10.14	5.59	10.16	4.96	1.64	21.21	20.63
9/30/2020 9:43:52 AM	0.68	1.72	0.00	0.00	0.00	0.00	0.00	0.32	2.40	100.00	6.62	12.69	363	1719	0	0	0	0	0	0	2082	157.33	2.84	1.73	10.04	5.57	10.41	4.98	1.65	21.19	20.63
9/30/2020 9:43:55 AM	0.72	1.76	0.00	0.00	0.00	0.00	0.00	0.32	2.48	100.00	6.66	12.76	379	1761	0	0	0	0	0	0	2140	157.76	2.91	1.77	10.27	5.57	10.57	5.03	1.65	21.17	20.59
9/30/2020 9:43:57 AM	0.73	1.79	0.00	0.00	0.00	0.00	0.00	0.31	2.52	100.00	6.71	12.74	386	1794	0	0	0	0	0	0	2181	157.07	2.87	1.92	10.43	5.55	10.71	5.03	1.66	21.15	20.62
9/30/2020 9:43:59 AM	0.68	1.74	0.00	0.00	0.00	0.00	0.00	0.33	2.42	100.00	6.74	12.64	361	1739	0	0	0	0	0	0	2100	157.24	2.88	1.84	9.91	5.59	10.69	4.99	1.66	21.12	20.61
9/30/2020 9:44:02 AM	0.74	1.64	0.00	0.00	0.00	0.00	0.00	0.32	2.37	100.00	6.78	12.73	390	1639	0	0	0	0	0	0	2029	157.59	2.87	1.91	9.51	5.52	10.27	5.08	1.66	21.11	20.61
9/30/2020 9:44:04 AM	0.67	1.65	0.00	0.00	0.00	0.00	0.00	0.32	2.32	100.00	6.84	12.64	353	1653	0	0	0	0	0	0	2006	157.45	2.82	1.85	9.81	5.48	9.98	4.88	1.67	21.08	20.58
9/30/2020 9:44:06 AM	0.71	1.73	0.00	0.00	0.00	0.00	0.00	0.31	2.45	100.00	6.91	12.49	379	1734	0	0	0	0	0	0	2113	157.32	2.81	1.79	10.33	5.50	10.27	4.97	1.68	21.06	20.62
9/30/2020 9:44:09 AM	0.66	1.65	0.00	0.00	0.00	0.00	0.00	0.32	2.31	100.00	6.98	12.41	350	1652	0	0	0	0	0	0	2002	157.33	2.75	1.81	9.86	5.46	9.93	4.85	1.68	21.04	20.57
9/30/2020 9:44:11 AM	0.64	1.79	0.00	0.00	0.00	0.00	0.00	0.31	2.43	100.00	7.02	12.32	338	1790	0	0	0	0	0	0	2129	157.63	2.78	1.73	10.69	5.45	10.29	4.75	1.69	21.02	20.58
9/30/2020 9:44:14 AM	0.55	1.73	0.00	0.00	0.00	0.00	0.00	0.32	2.29	100.00	7.10	12.31	292	1734	0	0	0	0	0	0	2026	157.05	2.77	1.73	10.14	5.37	10.20	4.53	1.70	21.00	20.57
9/30/2020 9:44:16 AM	0.62	1.69	0.00	0.00	0.00	0.00	0.00	0.31	2.31	100.00	7.11	12.36	330	1690	0	0	0	0	0	0	2020	156.99	2.73	1.68	9.94	5.34	10.13	4.66	1.70	20.97	20.56
9/30/2020 9:44:18 AM	0.63	1.69	0.00	0.00	0.00	0.00	0.00	0.30	2.32	100.00	7.12	12.43	332	1693	0	0	0	0	0	0	2025	157.58	2.70	1.71	10.05	5.26	10.03	4.61	1.70	20.95	20.59
9/30/2020 9:44:21 AM	0.61	1.73	0.00	0.00	0.00	0.00	0.00	0.31	2.35	100.00	7.13	12.46	326	1732	0	0	0	0	0	0	2058	156.75	2.76	1.84	10.30	5.38	10.10	4.67	1.70	20.93	20.56
9/30/2020 9:44:23 AM	0.60	1.65	0.00	0.00	0.00	0.00	0.00	0.33	2.26	100.00	7.17	12.46	320	1655	0	0	0	0	0	0	1975	157.45	2.72	1.79	9.82	5.44	9.91	4.71	1.70	20.92	20.57
9/30/2020 9:44:25 AM	0.56	1.79	0.00	0.00	0.00	0.00	0.00	0.32	2.35	100.00	7.21	12.46	296	1792	0	0	0	0	0	0	2088	157.38	2.70	1.87	10.68	5.41	10.16	4.54	1.71	20.90	20.56
9/30/2020 9:44:28 AM	0.64	1.69	0.00	0.00	0.00	0.00	0.00	0.31	2.33	100.00	7.23	12.44	337	1690	0	0	0	0	0	0	2027	157.47	2.77	1.74	9.74	5.28	10.34	4.66	1.71	20.88	20.51
9/30/2020 9:44:30 AM	0.68	1.73	0.00	0.00	0.00	0.00	0.00	0.31	2.40	100.00	7.26	12.48	358	1726	0	0	0	0	0	0	2084	157.01	2.79	1.81	10.08	5.39	10.38	4.81	1.71	20.85	20.52
9/30/2020 9:44:33 AM	0.69	1.93	0.00	0.00	0.00	0.00	0.00	0.30	2.62	100.00	7.32	12.50	365	1930	0	0	0	0	0	0	2295	157.36	2.98	1.88	11.48	5.49	10.75	4.85	1.72	20.84	20.53
9/30/2020 9:44:35 AM	0.63	1.85	0.00	0.00	0.00	0.00	0.00	0.31	2.48	100.00	7.37	12.59	334	1850	0	0	0	0	0	0	2183	157.37	2.86	2.02	10.89	5.42	10.54	4.70	1.72	20.81	20.52
9/30/2020 9:44:37 AM	0.67	1.84	0.00	0.00	0.00	0.00	0.00	0.30	2.50	100.00	7.46	12.51	354	1836	0	0	0	0	0	0	2190	156.71	2.86	1.86	10.78	5.39	10.62	4.76	1.73	20.79	20.51
9/30/2020 9:44:40 AM	0.70	2.09	0.00	0.00	0.00	0.00	0.00	0.28	2.78	100.00	7.51	12.42	369	2087	0	0	0	0	0	0	2456	156.89	2.99	2.27	12.36	5.46	11.20	4.80	1.74	20.77	20.49
9/30/2020 9:44:42 AM	0.65	1.70	0.00	0.00	0.00	0.00	0.00	0.31	2.35	100.00	7.54	12.50	344	1700	0	0	0	0	0	0	2044	156.94	2.75	1.85	10.15	5.38	10.02	4.74	1.74	20.76	20.47
9/30/2020 9:44:45 AM	0.51	1.65	0.00	0.00	0.00	0.00	0.00	0.33	2.15	100.00	7.62	12.51	268	1647	0	0	0	0	0	0	1915	156.55	2.64	1.71	9.73	5.34	9.79	4.43	1.75	20.73	20.49
9/30/2020 9:44:47 AM	0.71	1.92	0.00	0.00	0.00	0.00	0.00	0.28	2.63	100.00	7.67	12.47	375	1922	0	0	0	0	0	0	2297	156.71	2.86	1.89	11.49	5.36	10.70	4.78	1.75	20.70	20.49
9/30/2020 9:44:49 AM	0.68	1.88	0.00	0.00	0.00	0.00	0.00	0.30	2.57	100.00	7.74	12.34	363	1882	0	0	0	0	0	0	2245	156.19	2.94	1.94	11.08	5.40	10.72	4.79	1.76	20.69	20.48
9/30/2020 9:44:52 AM	0.64	1.74	0.00	0.00	0.00	0.00	0.00	0.31	2.38	100.00	7.77	12.24	337	1744	0	0	0	0	0	0	2080	157.13	2.82	1.82	10.32	5.39	10.21	4.72	1.76	20.66	20.48
9/30/2020 9:44:54 AM	0.55	1.66	0.00	0.00	0.00	0.00	0.00	0.33	2.21	100.00	7.83	12.29	292	1655	0	0	0	0	0	0	1948	157.32	2.73	1.66	9.70	5.36	9.96	4.55	1.77	20.65	20.44
9/30/2020 9:44:56 AM	0.69	1.96	0.00	0.00	0.00	0.00	0.00	0.31	2.65	100.00	7.90	12.33	366	1960	0	0	0	0	0	0	2326	157.14	3.01	2.07	10.97	5.61	11.55	4.97	1.77	20.62	20.48
9/30/2020 9:44:59 AM	0.74	2.00	0.00	0.00	0.00	0.00	0.00	0.28	2.74	100.00	7.95	12.25	392	2004	0	0	0	0	0	0	2396	156.49	2.99	2.08	11.81	5.46	11.13	4.92	1.78	20.60	20.47
9/30/2020 9:45:01 AM	0.62	1.69	0.00	0.00	0.00	0.00	0.00	0.31	2.31	100.00	8.00	12.27	328	1689	0	0	0	0	0	0	2016	156.33	2.73	1.74	10.01	5.36	10.03	4.67	1.78	20.58	20.39
9/30/2020 9:45:04 AM	0.65	1.63	0.00	0.00	0.00	0.00	0.00	0.32	2.28	100.00	8.07	12.36	344	1630	0	0	0	0	0	0	1974	157.24	2.75	1.70	9.60	5.39	9.99	4.79	1.79	20.57	20.43
9/30/2020 9:45:06 AM	0.58	1.67	0.00	0.00	0.00	0.00	0.00	0.32	2.25	100.00	8.10	12.36	306	1671	0	0	0	0	0	0	1978	157.39	2.67	1.68	9.81	5.38	10.04	4.61	1.79	20.53	20.44
9/30/2020 9:45:08 AM	0.71	1.76	0.00	0.00	0.00	0.00	0.00	0.31	2.47	100.00	8.12	12.37	376	1760	0	0	0	0	0	0	2136	157.79	2.84	1.81	10.28	5.49	10.54	4.95	1.80	20.52	20.39
9/30/2020 9:45:11 AM	0.65	1.69	0.00	0.00	0.00	0.00	0.00	0.31	2.33	100.00	8.15	12.41	343	1687	0	0	0	0	0	0	2030	157.46	2.76	1.74	9.76	5.37	10.32	4.75	1.80	20.49	20.42
9/30/2020 9:45:13 AM	0.51	1.71	0.00	0.00	0.00	0.00	0.00	0.33	2.21	100.00	8.19	12.39	269	1706	0	0	0	0	0	0	1975	157.28	2.67	1.80	9.99	5.40	10.04	4.46	1.80	20.47	20.41
9/30/2020 9:45:15 AM	0.67	1.72	0.00	0.00	0.00	0.00	0.00	0.32	2.38	100.00	8.21	12.42	353	1718	0	0	0	0	0	0	2070	157.66	2.76	1.79	9.96	5.52	10.44	4.89	1.80	20.45	20.41
9/30/2020 9:45:18 AM	0.65	1.64	0.00	0.00	0.00	0.00	0.00	0.31	2.29	100.00	8.28	12.44	345	1642	0	0	0	0	0	0	1987	157.59	2.66	1.72	9.76	5.28	9.93	4.69	1.81	20.44	20.34
9/30/2020 9:45:20 AM	0.51	1.58	0.00	0.00	0.00	0.00	0.00	0.33	2.09	100.00	8.33	12.39	270	1583	0	0	0	0	0	0	1853	158.16	2.61	1.69	9.38	5.27	9.57	4.40	1.82	20.42	20.38
9/30/2020 9:45:23 AM	0.65	1.87	0.00	0.00	0.00	0.00	0.00	0.30	2.52	100.00	8.38	12.42	346	1868	0	0	0	0	0	0	2214	157.48	2.95	1.82	10.14	5.37	11.54	4.74	1.82	20.40	20.33
9/30/2020 9:45:25 AM	0.55	1.89	0.00	0.05	0.00	0.00	0.00	0.32	2.49	100.00	8.43	12.50	292	1891	0	1	0	0	0	0	2184	157.09	3.11	1.84	10.05	5.56	12.00	4.81	1.83	20.37	20.33
9/30/2020 9:45:27 AM	0.51	1.75	0.00	0.00	0.00	0.00	0.00	0.33	2.26	99.97	8.49	12.52	270	1753	0	0	0	0	0	0	2024	151.72	2.83	1.81	9.97	5.41	10.47	4.48	1.83	20.36	20.34
9/30/2020 9:45:30 AM	0.55	1.64	0.00	0.00	0.00	0.00	0.00	0.34	2.20	100.00	8.53	12.38	294	1644	0	0	0	0	0	0	1938	158.12	2.76	1.77	9.70	5.48	9.86	4.65	1.84	20.33	20.33
9/30/2020 9:45:32 AM	0.56	1.67	0.00	0.00	0.00	0.00	0.00	0.34	2.23	100.00	8.54	12.28	296	1671	0	0	0	0	0	0	1967	157.31	2.77	1.76	9.97	5.49	9.83	4.65	1.84	20.31	20.28
9/30/2020 9:45:35 AM	0.55	1.73	0.00	0.00	0.00	0.00	0.00	0.33	2.28	100.00	8.57	12.29	291	1732	0	0	0	0	0	0	2023	158.19	2.73	1.77	9.92	5.47	10.42	4.60	1.84	20.30	20.29
9/30/2020 9:45:37 AM	0.50	1.66	0.00	0.00	0.00	0.00	0.00	0.34	2.15	100.00	8.64	12.34	264	1657	0	0	0	0	0	0	1921	157.63	2.73	1.78	9.59	5.42	9.99	4.48	1.85	20.29	20.32
9/30/2020 9:45:39 AM	0.49	1.70	0.00	0.00	0.00	0.00	0.00	0.33	2.19	100.00	8.68	12.29	261	1696	0	0	0	0	0	0	1957	157.67	2.76	1.76	9.83	5.34	10.08	4.40	1.85	20.25	20.31
9/30/2020 9:45:42 AM	0.56	1.73	0.00	0.00	0.00	0.00	0.00	0.31	2.29	100.00	8.71	12.30	295	1730	0	0	0	0	0	0	2025	157.40	2.73	1.81	10.19	5.29	10.10	4.47	1.85	20.24	20.31
9/30/2020 9:45:44 AM	0.71	2.22	0.00	0.00	0.00	0.00	0.00	0.27	2.93	100.00	8.73	12.41	377	2218	0	0	0	0	0	0	2596	157.47	2.95	2.26	13.44	5.51	11.30	4.80	1.85	20.22	20.28
9/30/2020 9:45:46 AM	0.55	1.75	0.00	0.00	0.00	0.00	0.00	0.33	2.30	100.00	8.78	12.32	293	1749	0	0	0	0	0	0	2043	156.10	2.84	1.89	10.11	5.47	10.35	4.61	1.86	20.18	20.28
9/30/2020 9:45:49 AM	0.63	1.91	0.00	0.00	0.00	0.00	0.00	0.31	2.55	100.00	8.80	12.17	337	1912	0	0	0	0	0	0	2248	155.38	2.87	1.86	11.08	5.47	10.94	4.73	1.86	20.17	20.22
9/30/2020 9:45:51 AM	0.59	1.71	0.00	0.00	0.00	0.00	0.00	0.32	2.30	100.00	8.82	12.24	311	1710	0	0	0	0	0	0	2021	156.32	2.78	1.80	10.13	5.42	10.05	4.65	1.86	20.15	20.24
9/30/2020 9:45:54 AM	0.55	1.74	0.00	0.00	0.00	0.00	0.00	0.32	2.29	100.00	8.91	12.26	290	1739	0	0	0	0	0	0	2028	156.88	2.73	1.88	10.24	5.38	10.11	4.52	1.87	20.14	20.22
9/30/2020 9:45:56 AM	0.52	1.66	0.00	0.00	0.00	0.00	0.00	0.33	2.17	100.00	8.94	12.20	273	1657	0	0	0	0	0	0	1931	157.12	2.74	1.78	9.78	5.37	9.82	4.48	1.88	20.11	20.23
9/30/2020 9:45:58 AM	0.53	1.66	0.00	0.00	0.00	0.00	0.00	0.32	2.18	100.00	8.98	12.23	278	1658	0	0	0	0	0	0	1936	157.18	2.54	1.67	9.84	5.29	9.81	4.42	1.88	20.09	20.23
9/30/2020 9:46:01 AM	0.54	1.70	0.00	0.00	0.00	0.00	0.00	0.33	2.24	100.00	9.05	12.26	286	1695	0	0	0	0	0	0	1982	157.33	2.69	1.75	10.00	5.44	9.99	4.56	1.89	20.08	20.22
9/30/2020 9:46:03 AM	0.48	1.70	0.00	0.00	0.00	0.00	0.00	0.35	2.18	100.00	9.11	12.28	254	1699	0	0	0	0	0	0	1953	157.29	2.70	1.83	10.00	5.50	9.92	4.48	1.89	20.06	20.21
9/30/2020 9:46:05 AM	0.51	1.64	0.00	0.00	0.00	0.00	0.00	0.34	2.14	100.00	9.15	12.28	268	1637	0	0	0	0	0	0	1905	157.16	2.64	1.73	9.60	5.40	9.83	4.48	1.90	20.03	20.22
9/30/2020 9:46:08 AM	0.61	1.69	0.00	0.00	0.00	0.00	0.00	0.33	2.31	100.00	9.19	12.29	326	1692	0	0	0	0	0	0	2018	157.34	2.71	1.82	10.11	5.48	9.96	4.75	1.90	20.02	20.19
9/30/2020 9:46:10 AM	0.65	1.73	0.00	0.00	0.00	0.00	0.00	0.32	2.38	100.00	9.23	12.36	346	1730	0	0	0	0	0	0	2076	157.10	2.79	1.79	10.40	5.54	10.07	4.87	1.90	20.00	20.18
9/30/2020 9:46:13 AM	0.55	1.68	0.00	0.00	0.00	0.00	0.00	0.33	2.22	100.00	9.28	12.37	289	1677	0	0	0	0	0	0	1967	156.99	2.63	1.77	9.99	5.40	9.85	4.54	1.91	19.98	20.14
9/30/2020 9:46:15 AM	0.56	1.70	0.00	0.00	0.00	0.00	0.00	0.33	2.26	100.00	9.34	12.32	296	1701	0	0	0	0	0	0	1997	157.04	2.77	1.82	10.05	5.47	10.01	4.63	1.91	19.96	20.18
9/30/2020 9:46:17 AM	0.57	1.63	0.00	0.00	0.00	0.00	0.00	0.34	2.20	100.00	9.39	12.30	300	1631	0	0	0	0	0	0	1931	156.72	2.68	1.77	9.71	5.48	9.76	4.67	1.92	19.94	20.13
9/30/2020 9:46:20 AM	0.56	1.67	0.00	0.00	0.00	0.00	0.00	0.32	2.23	100.00	9.46	12.31	298	1673	0	0	0	0	0	0	1971	156.35	2.67	1.76	10.07	5.38	9.74	4.56	1.93	19.93	20.14
9/30/2020 9:46:22 AM	0.60	1.63	0.00	0.00	0.00	0.00	0.00	0.33	2.22	100.00	9.51	12.34	316	1626	0	0	0	0	0	0	1941	156.97	2.65	1.79	9.65	5.49	9.82	4.73	1.93	19.89	20.09
9/30/2020 9:46:25 AM	0.46	1.62	0.00	0.00	0.00	0.00	0.00	0.35	2.08	100.00	9.56	12.42	245	1619	0	0	0	0	0	0	1864	157.30	2.66	1.73	9.53	5.43	9.67	4.42	1.94	19.87	20.08
9/30/2020 9:46:27 AM	0.57	1.74	0.00	0.00	0.00	0.00	0.00	0.34	2.30	100.00	9.61	12.45	300	1738	0	0	0	0	0	0	2037	157.55	2.88	1.84	10.06	5.53	10.33	4.69	1.94	19.87	20.14
9/30/2020 9:46:29 AM	0.57	1.72	0.00	0.00	0.00	0.00	0.00	0.33	2.28	100.00	9.67	12.33	300	1718	0	0	0	0	0	0	2018	157.14	2.71	1.83	9.95	5.45	10.28	4.63	1.95	19.85	20.09
9/30/2020 9:46:32 AM	0.54	1.68	0.00	0.00	0.00	0.00	0.00	0.34	2.22	100.00	9.68	12.21	287	1679	0	0	0	0	0	0	1966	157.15	2.71	1.80	10.07	5.48	9.77	4.60	1.95	19.82	20.14
9/30/2020 9:46:34 AM	0.61	1.60	0.00	0.00	0.00	0.00	0.00	0.33	2.21	100.00	9.73	12.23	326	1600	0	0	0	0	0	0	1926	157.30	2.69	1.70	9.43	5.43	9.85	4.75	1.95	19.82	20.11
9/30/2020 9:46:36 AM	0.62	1.87	0.00	0.00	0.00	0.00	0.00	0.33	2.49	100.00	9.77	12.26	328	1868	0	0	0	0	0	0	2196	156.94	2.92	1.98	10.70	5.60	10.90	4.82	1.96	19.79	20.06
9/30/2020 9:46:39 AM	0.60	1.72	0.00	0.00	0.00	0.00	0.00	0.33	2.32	100.00	9.81	12.33	318	1721	0	0	0	0	0	0	2038	157.31	2.63	1.83	10.39	5.58	9.92	4.77	1.96	19.78	20.03
9/30/2020 9:46:41 AM	0.57	1.59	0.00	0.00	0.00	0.00	0.00	0.34	2.16	100.00	9.86	12.36	302	1591	0	0	0	0	0	0	1893	157.58	2.75	1.73	9.51	5.47	9.60	4.69	1.97	19.75	20.07
9/30/2020 9:46:44 AM	0.66	1.91	0.00	0.00	0.00	0.00	0.00	0.30	2.57	100.00	9.89	12.31	350	1911	0	0	0	0	0	0	2262	157.38	2.99	1.93	11.10	5.46	10.93	4.79	1.97	19.74	20.06
9/30/2020 9:46:46 AM	1.88	4.91	0.00	0.00	0.00	0.00	0.00	0.00	6.80	100.00	9.92	12.24	998	4913	0	0	0	0	0	0	5911	153.39	5.33	4.01	26.53	6.25	23.47	7.33	1.97	19.72	20.06
9/30/2020 9:46:48 AM	2.23	10.89	0.00	0.00	0.00	0.00	0.00	0.00	13.12	93.39	9.99	12.22	1184	10890	0	0	0	0	0	0	12074	141.72	10.10	8.07	52.41	7.30	51.16	12.11	1.98	19.71	20.03
9/30/2020 9:46:51 AM	1.56	27.46	0.00	0.00	0.00	0.00	0.00	0.00	29.02	46.00	10.04	12.26	828	27456	0	0	0	0	0	0	28284	69.78	18.54	18.77	142.77	8.13	106.47	20.63	1.98	19.68	20.01
9/30/2020 9:46:53 AM	0.61	12.91	0.00	0.89	0.00	0.00	0.00	0.00	14.41	4.99	10.02	12.35	322	12909	0	27	0	0	0	0	13258	7.54	12.29	9.57	60.36	5.40	64.60	12.74	1.98	19.66	20.04
