Date/Time	Green Algae	Bluegreen	Diatoms	Cryptophyta	#5	#6	#7	Yellow substances	Total conc.	Transmission	Depth	Temp. Sample	Green Algae	Bluegreen	Diatoms	Cryptophyta	#5	#6	#7	Yellow substances	Total cell count	Trans. 700 nm	LED 3 [525 nm]	LED 4 [570 nm]	LED 5 [610 nm]	LED 6 [370 nm]	LED 7 [590 nm]	LED 8 [470 nm]	Pressure	Temp. LEDs	Temp. Sensor
date	µg/l	µg/l	µg/l	µg/l	µg/l	µg/l	µg/l	r.u.	µg/l	%	m	°C	cells/ml	cells/ml	cells/ml	cells/ml	cells/ml	cells/ml	cells/ml	r.u.	cells/ml	digits	digits	digits	digits	digits	digits	digits	bar	°C	°C
8/26/2020 10:48:29 AM	5.88	1.83	5.18	0.00	0.00	0.00	0.00	0.04	12.89	100.00	0.33	25.92	3114	1833	2329	0	0	0	0	0	7277	177.31	17.90	4.82	19.73	18.93	20.96	42.18	1.03	22.88	22.13
8/26/2020 10:48:31 AM	6.62	1.92	4.64	0.00	0.00	0.00	0.00	0.00	13.18	100.00	0.38	25.94	3506	1923	2089	0	0	0	0	0	7519	177.50	17.00	4.47	19.98	18.43	21.69	42.08	1.04	22.93	22.10
8/26/2020 10:48:33 AM	6.46	1.85	4.68	0.21	0.00	0.00	0.00	0.00	13.20	100.00	0.43	25.85	3425	1846	2107	6	0	0	0	0	7384	177.43	17.60	5.20	20.07	18.94	21.92	42.54	1.04	22.96	22.10
8/26/2020 10:48:36 AM	6.36	1.90	4.81	0.00	0.00	0.00	0.00	0.08	13.08	100.00	0.47	25.76	3371	1903	2166	0	0	0	0	0	7439	178.34	17.46	5.04	20.02	19.51	21.34	42.52	1.05	23.01	22.09
8/26/2020 10:48:38 AM	6.03	1.97	5.02	0.00	0.00	0.00	0.00	0.06	13.02	100.00	0.53	25.70	3198	1968	2260	0	0	0	0	0	7426	177.80	17.86	4.62	20.83	19.20	21.01	42.21	1.05	23.05	22.18
8/26/2020 10:48:40 AM	5.62	1.99	5.14	0.00	0.00	0.00	0.00	0.20	12.75	100.00	0.60	25.65	2981	1985	2313	0	0	0	0	0	7279	177.44	18.36	4.12	20.83	20.31	20.97	42.58	1.06	23.07	22.13
8/26/2020 10:48:43 AM	5.93	1.90	5.17	0.00	0.00	0.00	0.00	0.11	13.00	100.00	0.68	25.64	3145	1904	2324	0	0	0	0	0	7373	178.12	18.16	4.90	20.21	19.76	21.24	42.90	1.07	23.13	22.23
8/26/2020 10:48:45 AM	6.42	1.89	5.03	0.00	0.00	0.00	0.00	0.09	13.34	100.00	0.74	25.70	3404	1890	2263	0	0	0	0	0	7557	177.48	18.06	4.89	20.17	20.09	21.70	43.78	1.07	23.16	22.18
8/26/2020 10:48:48 AM	6.22	1.90	5.11	0.00	0.00	0.00	0.00	0.00	13.23	100.00	0.78	25.68	3298	1898	2301	0	0	0	0	0	7497	178.05	17.94	4.92	20.72	18.87	20.92	42.80	1.08	23.20	22.25
8/26/2020 10:48:50 AM	5.66	1.88	5.43	0.00	0.00	0.00	0.00	0.11	12.96	100.00	0.84	25.61	3000	1875	2443	0	0	0	0	0	7318	177.37	18.61	4.66	19.82	19.81	21.53	43.19	1.08	23.23	22.26
8/26/2020 10:48:52 AM	5.86	1.90	5.35	0.00	0.00	0.00	0.00	0.06	13.12	100.00	0.90	25.69	3105	1904	2409	0	0	0	0	0	7418	176.90	18.45	4.99	20.30	19.55	21.37	43.16	1.09	23.27	22.31
8/26/2020 10:48:55 AM	5.56	1.94	5.59	0.00	0.00	0.00	0.00	0.11	13.09	100.00	0.95	25.74	2945	1945	2514	0	0	0	0	0	7404	177.84	19.00	5.00	20.65	20.02	21.40	43.59	1.09	23.31	22.34
8/26/2020 10:48:57 AM	5.83	1.99	5.15	0.00	0.00	0.00	0.00	0.04	12.97	100.00	1.01	25.63	3088	1991	2318	0	0	0	0	0	7397	178.45	17.98	4.66	20.47	18.94	21.49	41.97	1.10	23.36	22.39
8/26/2020 10:48:59 AM	6.31	1.84	4.83	0.00	0.00	0.00	0.00	0.15	12.98	100.00	1.07	25.55	3342	1841	2173	0	0	0	0	0	7357	178.08	17.65	4.69	19.87	20.15	21.03	42.98	1.10	23.39	22.25
8/26/2020 10:49:02 AM	6.39	2.17	4.34	0.00	0.00	0.00	0.00	0.15	12.90	100.00	1.17	25.64	3387	2168	1953	0	0	0	0	0	7508	177.47	16.74	5.31	20.89	19.68	21.88	41.20	1.11	23.45	22.30
8/26/2020 10:49:04 AM	5.57	2.05	4.83	0.00	0.00	0.00	0.00	0.12	12.44	100.00	1.26	25.69	2951	2049	2172	0	0	0	0	0	7172	177.99	17.26	5.25	20.46	18.89	20.86	40.37	1.12	23.47	22.28
8/26/2020 10:49:07 AM	4.73	2.10	5.08	0.10	0.00	0.00	0.00	0.26	12.01	100.00	1.34	25.62	2506	2096	2288	3	0	0	0	0	6892	177.89	18.08	5.59	20.14	19.86	21.51	40.47	1.13	23.51	22.36
8/26/2020 10:49:09 AM	5.00	2.27	5.04	0.00	0.00	0.00	0.00	0.26	12.31	100.00	1.41	25.66	2651	2268	2266	0	0	0	0	0	7186	178.34	18.03	5.31	21.55	20.09	21.34	40.70	1.14	23.55	22.34
8/26/2020 10:49:11 AM	5.15	2.27	4.77	0.00	0.00	0.00	0.00	0.30	12.19	100.00	1.48	25.64	2732	2268	2145	0	0	0	0	0	7145	177.19	17.52	5.06	20.66	20.22	22.02	40.32	1.15	23.60	22.35
8/26/2020 10:49:14 AM	5.20	2.39	4.65	0.00	0.00	0.00	0.00	0.32	12.23	100.00	1.56	25.62	2753	2389	2091	0	0	0	0	0	7233	178.15	17.47	4.81	21.47	20.36	22.14	40.11	1.15	23.65	22.39
8/26/2020 10:49:16 AM	5.13	2.34	4.34	0.00	0.00	0.00	0.00	0.35	11.81	100.00	1.63	25.59	2718	2339	1954	0	0	0	0	0	7012	178.38	16.75	4.74	21.17	20.02	21.26	38.77	1.16	23.67	22.41
8/26/2020 10:49:18 AM	4.94	2.40	4.95	0.00	0.00	0.00	0.00	0.27	12.28	100.00	1.69	25.49	2616	2396	2227	0	0	0	0	0	7240	177.32	17.90	4.81	21.27	20.01	22.57	40.23	1.17	23.73	22.43
8/26/2020 10:49:21 AM	4.47	2.21	5.28	0.00	0.00	0.00	0.00	0.30	11.96	100.00	1.77	25.49	2370	2207	2377	0	0	0	0	0	6954	177.60	18.36	5.01	20.66	20.16	21.43	40.43	1.17	23.76	22.46
8/26/2020 10:49:23 AM	4.71	2.38	5.29	0.00	0.00	0.00	0.00	0.20	12.38	100.00	1.84	25.57	2494	2383	2381	0	0	0	0	0	7258	177.80	18.40	5.23	21.80	19.59	22.10	40.45	1.18	23.79	22.48
8/26/2020 10:49:26 AM	6.19	2.59	4.50	0.00	0.00	0.00	0.00	0.29	13.28	100.00	1.95	25.52	3283	2588	2025	0	0	0	0	0	7896	177.13	17.80	5.37	23.30	21.46	23.34	42.55	1.19	23.84	22.46
8/26/2020 10:49:28 AM	5.30	2.54	4.83	0.00	0.00	0.00	0.00	0.49	12.67	100.00	1.99	25.44	2808	2537	2176	0	0	0	0	0	7521	177.43	18.55	5.74	23.09	22.74	22.43	42.71	1.20	23.88	22.48
8/26/2020 10:49:30 AM	6.08	2.59	5.01	0.00	0.00	0.00	0.00	0.33	13.67	100.00	2.05	25.42	3220	2592	2253	0	0	0	0	0	8065	177.61	19.05	5.51	23.77	22.51	23.81	44.68	1.20	23.92	22.50
8/26/2020 10:49:33 AM	5.77	2.60	5.18	0.00	0.00	0.00	0.00	0.46	13.55	100.00	2.09	25.42	3060	2598	2331	0	0	0	0	0	7989	176.83	19.66	5.04	23.42	23.71	24.32	45.53	1.20	23.95	22.52
8/26/2020 10:49:35 AM	6.39	2.71	4.70	0.00	0.00	0.00	0.00	0.43	13.80	100.00	2.11	25.42	3389	2705	2114	0	0	0	0	0	8208	176.69	18.86	5.58	24.40	23.55	24.16	45.18	1.21	23.99	22.56
8/26/2020 10:49:38 AM	5.60	2.72	5.28	0.00	0.00	0.00	0.00	0.43	13.60	100.00	2.15	25.36	2968	2721	2376	0	0	0	0	0	8064	177.73	19.81	5.48	24.13	23.47	24.50	45.24	1.21	24.03	22.57
8/26/2020 10:49:40 AM	7.46	2.70	4.67	0.00	0.00	0.00	0.00	0.28	14.83	100.00	2.20	25.30	3954	2699	2101	0	0	0	0	0	8754	177.51	19.02	5.76	25.02	23.52	25.05	47.31	1.22	24.07	22.57
8/26/2020 10:49:42 AM	6.77	2.82	5.19	0.00	0.00	0.00	0.00	0.40	14.78	100.00	2.24	25.28	3590	2815	2336	0	0	0	0	0	8741	177.84	20.23	6.60	25.69	24.77	25.36	48.41	1.22	24.11	22.57
8/26/2020 10:49:45 AM	7.06	2.73	4.98	0.00	0.00	0.00	0.00	0.38	14.77	100.00	2.28	25.25	3743	2726	2240	0	0	0	0	0	8710	177.68	19.82	5.61	25.13	24.47	25.31	48.16	1.22	24.15	22.62
8/26/2020 10:49:47 AM	6.31	2.93	5.46	0.00	0.00	0.00	0.00	0.39	14.69	100.00	2.33	25.17	3342	2925	2458	0	0	0	0	0	8726	176.25	20.69	6.03	25.78	24.46	26.13	48.01	1.23	24.19	22.67
8/26/2020 10:49:49 AM	8.80	2.82	5.80	0.00	0.00	0.00	0.00	0.27	17.41	100.00	2.39	25.10	4663	2817	2608	0	0	0	0	0	10088	177.32	22.58	6.23	27.52	27.31	28.25	56.52	1.23	24.22	22.67
8/26/2020 10:49:52 AM	12.58	4.26	7.36	0.00	0.00	0.00	0.00	0.80	24.20	100.00	2.46	25.05	6670	4260	3310	0	0	0	0	0	14240	175.89	31.28	9.24	40.80	41.91	37.63	80.25	1.24	24.26	22.66
8/26/2020 10:49:54 AM	17.99	5.82	11.36	0.00	0.00	0.00	0.00	1.53	35.17	100.00	2.54	25.05	9533	5822	5111	0	0	0	0	0	20466	174.13	47.44	12.60	57.47	65.21	52.98	121.67	1.25	24.31	22.70
8/26/2020 10:49:57 AM	19.94	6.06	12.52	0.00	0.00	0.00	0.00	1.64	38.52	100.00	2.62	24.99	10570	6059	5635	0	0	0	0	0	22264	173.96	51.86	13.80	61.30	71.36	57.06	134.10	1.26	24.34	22.70
8/26/2020 10:49:59 AM	19.96	6.00	12.62	0.00	0.00	0.00	0.00	1.69	38.58	100.00	2.68	24.80	10579	6001	5679	0	0	0	0	0	22259	173.26	52.20	12.99	60.47	72.00	57.86	134.97	1.26	24.38	22.70
8/26/2020 10:50:01 AM	15.31	4.53	10.24	0.00	0.00	0.00	0.00	1.24	30.08	100.00	2.75	24.64	8113	4529	4608	0	0	0	0	0	17251	174.34	41.24	10.19	46.64	55.53	45.51	105.42	1.27	24.42	22.74
8/26/2020 10:50:04 AM	14.14	4.43	8.90	0.00	0.00	0.00	0.00	1.13	27.48	100.00	2.87	24.28	7495	4433	4007	0	0	0	0	0	15935	173.41	36.95	9.52	44.01	50.29	42.35	94.80	1.28	24.46	22.75
8/26/2020 10:50:06 AM	11.00	3.40	7.63	0.00	0.00	0.00	0.00	0.87	22.03	100.00	2.96	23.98	5829	3400	3433	0	0	0	0	0	12662	174.21	30.48	7.50	35.09	40.19	34.02	76.66	1.29	24.49	22.81
8/26/2020 10:50:08 AM	10.14	3.06	5.81	0.00	0.00	0.00	0.00	0.71	19.01	100.00	3.03	23.95	5373	3063	2613	0	0	0	0	0	11049	174.91	24.77	7.16	30.54	33.92	30.06	64.45	1.30	24.52	22.81
8/26/2020 10:50:11 AM	7.89	2.74	4.71	0.00	0.00	0.00	0.00	0.69	15.34	100.00	3.09	24.04	4179	2742	2119	0	0	0	0	0	9040	174.60	20.52	5.99	26.20	28.46	25.50	52.17	1.30	24.54	22.82
8/26/2020 10:50:13 AM	7.32	2.58	4.66	0.00	0.00	0.00	0.00	0.64	14.56	100.00	3.13	24.09	3880	2576	2097	0	0	0	0	0	8553	174.20	19.73	5.97	24.46	26.89	24.65	49.67	1.31	24.59	22.86
8/26/2020 10:50:16 AM	6.90	2.49	3.56	0.00	0.00	0.00	0.00	0.63	12.95	100.00	3.20	24.11	3657	2495	1601	0	0	0	0	0	7753	174.26	16.80	5.02	23.05	24.19	22.35	43.30	1.31	24.62	22.86
8/26/2020 10:50:18 AM	6.38	2.46	3.85	0.00	0.00	0.00	0.00	0.63	12.69	100.00	3.25	24.06	3383	2457	1734	0	0	0	0	0	7574	174.31	17.10	5.29	22.10	23.98	22.72	42.98	1.32	24.65	22.87
8/26/2020 10:50:20 AM	7.12	2.49	3.31	0.00	0.00	0.00	0.00	0.61	12.92	100.00	3.30	24.01	3774	2488	1489	0	0	0	0	0	7751	174.51	16.26	5.13	22.84	23.90	22.32	42.78	1.32	24.69	22.91
8/26/2020 10:50:23 AM	7.04	2.56	3.56	0.00	0.00	0.00	0.00	0.61	13.16	100.00	3.34	23.72	3729	2555	1604	0	0	0	0	0	7888	174.29	16.84	5.32	23.06	24.24	23.07	43.64	1.33	24.72	22.92
8/26/2020 10:50:25 AM	7.12	2.52	3.54	0.00	0.00	0.00	0.00	0.55	13.19	100.00	3.40	23.12	3775	2525	1594	0	0	0	0	0	7893	174.02	16.70	5.33	23.33	23.74	22.54	43.36	1.33	24.75	22.96
8/26/2020 10:50:28 AM	6.81	2.57	3.68	0.00	0.00	0.00	0.00	0.59	13.06	100.00	3.44	22.66	3612	2568	1656	0	0	0	0	0	7837	174.81	16.98	5.32	23.29	23.96	22.80	43.31	1.34	24.78	22.99
8/26/2020 10:50:30 AM	6.35	2.72	4.03	0.00	0.00	0.00	0.00	0.60	13.10	100.00	3.50	22.36	3367	2717	1813	0	0	0	0	0	7898	174.36	17.61	5.77	23.47	24.07	23.86	43.46	1.34	24.81	22.97
8/26/2020 10:50:32 AM	7.69	2.84	3.72	1.06	0.00	0.00	0.00	0.52	15.32	100.00	3.55	21.89	4077	2838	1674	32	0	0	0	0	8621	174.20	20.91	7.04	26.75	26.66	29.94	50.56	1.35	24.85	22.97
8/26/2020 10:50:35 AM	9.11	4.14	4.42	3.66	0.00	0.00	0.00	0.49	21.33	100.00	3.64	21.71	4830	4142	1989	110	0	0	0	0	11071	174.41	32.43	14.31	41.30	35.09	46.48	69.76	1.36	24.86	23.01
8/26/2020 10:50:37 AM	7.46	4.09	4.39	2.78	0.00	0.00	0.00	0.56	18.73	100.00	3.71	21.51	3955	4095	1974	83	0	0	0	0	10108	174.37	28.82	12.06	37.37	31.83	41.87	61.02	1.36	24.89	23.02
8/26/2020 10:50:39 AM	6.56	4.24	4.08	2.62	0.00	0.00	0.00	0.48	17.50	100.00	3.81	20.83	3478	4235	1835	79	0	0	0	0	9627	176.51	26.94	11.93	36.63	29.04	40.54	55.49	1.37	24.93	23.05
8/26/2020 10:50:42 AM	5.88	4.15	3.52	2.67	0.00	0.00	0.00	0.45	16.23	100.00	3.88	20.46	3117	4155	1586	80	0	0	0	0	8937	176.44	25.22	11.12	35.05	26.81	39.43	50.77	1.38	24.96	23.06
8/26/2020 10:50:44 AM	6.57	4.21	3.25	3.27	0.00	0.00	0.00	0.37	17.30	100.00	3.97	20.37	3482	4213	1464	98	0	0	0	0	9257	176.23	26.65	12.80	37.30	27.63	41.80	53.81	1.39	24.97	23.10
8/26/2020 10:50:47 AM	6.73	4.68	3.52	3.18	0.00	0.00	0.00	0.40	18.11	100.00	4.06	19.44	3566	4678	1583	95	0	0	0	0	9922	175.78	27.56	13.44	39.69	28.81	43.76	55.50	1.40	25.00	23.11
8/26/2020 10:50:49 AM	6.65	4.60	3.31	3.31	0.00	0.00	0.00	0.41	17.86	100.00	4.09	18.67	3524	4596	1491	99	0	0	0	0	9710	175.76	27.38	13.23	39.25	28.57	43.74	54.92	1.40	25.02	23.10
8/26/2020 10:50:51 AM	7.20	4.99	3.31	2.82	0.00	0.00	0.00	0.40	18.32	100.00	4.15	18.53	3817	4988	1488	85	0	0	0	0	10378	176.62	26.47	12.89	40.30	28.66	44.00	54.58	1.41	25.05	23.15
8/26/2020 10:50:54 AM	7.22	4.66	3.05	3.17	0.00	0.00	0.00	0.44	18.10	100.00	4.20	18.41	3826	4657	1374	95	0	0	0	0	9953	176.53	26.80	12.87	39.36	29.03	43.79	55.25	1.41	25.05	23.15
8/26/2020 10:50:56 AM	7.19	4.82	3.13	3.07	0.00	0.00	0.00	0.53	18.21	100.00	4.27	17.92	3811	4822	1407	92	0	0	0	0	10132	176.50	27.04	12.50	39.78	29.99	44.46	55.83	1.42	25.07	23.11
8/26/2020 10:50:58 AM	6.44	4.96	3.53	2.90	0.00	0.00	0.00	0.48	17.83	100.00	4.33	17.42	3416	4957	1588	87	0	0	0	0	10048	176.98	26.98	12.89	39.93	28.93	43.85	54.10	1.42	25.09	23.25
8/26/2020 10:51:01 AM	6.26	5.07	3.82	2.80	0.00	0.00	0.00	0.61	17.95	100.00	4.38	17.18	3319	5070	1718	84	0	0	0	0	10191	176.90	27.67	13.06	40.43	30.38	44.13	55.41	1.43	25.10	23.27
8/26/2020 10:51:03 AM	7.06	5.16	3.33	2.78	0.00	0.00	0.00	0.59	18.33	100.00	4.41	17.21	3742	5162	1497	83	0	0	0	0	10484	177.35	26.96	12.75	40.86	30.53	44.75	55.63	1.43	25.12	23.22
8/26/2020 10:51:06 AM	6.44	4.99	3.73	2.47	0.00	0.00	0.00	0.57	17.63	100.00	4.48	17.42	3411	4994	1678	74	0	0	0	0	10157	177.83	26.40	12.28	39.27	29.46	42.70	53.82	1.44	25.12	23.29
8/26/2020 10:51:08 AM	5.99	4.54	3.23	2.97	0.00	0.00	0.00	0.60	16.74	100.00	4.51	17.16	3175	4541	1454	89	0	0	0	0	9259	177.79	26.23	12.07	37.46	28.78	42.00	52.47	1.44	25.14	23.25
8/26/2020 10:51:10 AM	6.77	4.82	3.59	3.06	0.00	0.00	0.00	0.51	18.23	100.00	4.56	16.51	3586	4816	1617	92	0	0	0	0	10111	177.44	27.76	13.57	40.21	29.96	43.97	56.31	1.45	25.15	23.31
8/26/2020 10:51:13 AM	6.48	5.36	4.53	2.30	0.00	0.00	0.00	0.57	18.66	100.00	4.65	16.14	3433	5356	2039	69	0	0	0	0	10897	177.94	28.09	13.04	41.47	30.93	44.27	56.90	1.46	25.16	23.32
8/26/2020 10:51:15 AM	6.02	4.29	2.82	2.99	0.00	0.00	0.00	0.53	16.11	100.00	4.73	16.00	3188	4288	1267	90	0	0	0	0	8833	178.31	24.89	11.98	36.05	27.23	40.34	50.14	1.46	25.17	23.32
8/26/2020 10:51:17 AM	6.27	4.48	3.02	2.56	0.00	0.00	0.00	0.50	16.35	100.00	4.80	15.99	3324	4485	1361	77	0	0	0	0	9247	178.54	24.30	11.62	36.33	27.08	39.95	49.87	1.47	25.19	23.34
8/26/2020 10:51:20 AM	6.34	4.19	2.50	2.82	0.00	0.00	0.00	0.49	15.85	100.00	4.89	16.13	3360	4189	1123	85	0	0	0	0	8757	178.47	23.60	11.57	35.16	26.36	39.15	48.69	1.48	25.19	23.30
8/26/2020 10:51:22 AM	6.45	4.15	2.49	2.49	0.00	0.00	0.00	0.46	15.58	100.00	5.00	15.73	3419	4151	1121	75	0	0	0	0	8766	177.81	22.49	11.21	34.33	25.62	37.65	47.32	1.49	25.20	23.36
8/26/2020 10:51:25 AM	6.33	4.09	2.77	2.84	0.00	0.00	0.00	0.54	16.02	100.00	5.08	15.56	3353	4085	1247	85	0	0	0	0	8771	177.43	24.37	11.55	34.98	27.36	39.14	50.35	1.50	25.20	23.39
8/26/2020 10:51:27 AM	6.67	5.22	3.90	2.40	0.00	0.00	0.00	0.46	18.20	100.00	5.17	15.46	3537	5224	1755	72	0	0	0	0	10588	176.26	26.61	12.94	40.65	29.08	43.43	54.27	1.51	25.20	23.39
8/26/2020 10:51:29 AM	6.84	4.64	3.22	3.11	0.00	0.00	0.00	0.50	17.81	100.00	5.24	15.17	3626	4642	1449	93	0	0	0	0	9810	175.91	26.92	12.88	39.05	29.28	43.33	54.98	1.51	25.20	23.37
8/26/2020 10:51:32 AM	7.75	4.47	3.03	3.62	0.00	0.00	0.00	0.53	18.87	100.00	5.36	14.70	4109	4465	1363	109	0	0	0	0	10046	175.19	28.55	13.54	40.06	31.31	45.20	59.50	1.52	25.20	23.39
8/26/2020 10:51:34 AM	8.17	4.91	3.41	3.19	0.00	0.00	0.00	0.54	19.68	100.00	5.45	14.29	4332	4905	1535	96	0	0	0	0	10868	174.95	28.71	14.14	41.99	32.25	45.77	60.86	1.53	25.20	23.41
8/26/2020 10:51:37 AM	8.41	4.46	3.25	3.38	0.00	0.00	0.00	0.59	19.51	100.00	5.52	14.11	4459	4460	1465	101	0	0	0	0	10485	173.91	28.91	13.18	40.19	32.91	45.19	62.10	1.54	25.19	23.45
8/26/2020 10:51:39 AM	8.66	5.92	4.78	1.82	0.00	0.00	0.00	0.59	21.18	100.00	5.58	14.02	4589	5922	2150	55	0	0	0	0	12716	173.29	28.96	13.67	45.12	34.19	46.70	63.20	1.55	25.19	23.45
8/26/2020 10:51:41 AM	9.65	6.16	4.93	1.82	0.00	0.00	0.00	0.60	22.56	100.00	5.62	14.44	5116	6160	2220	55	0	0	0	0	13550	171.81	30.11	14.42	47.30	36.15	48.51	67.22	1.55	25.19	23.45
8/26/2020 10:51:44 AM	9.45	5.14	3.72	3.03	0.00	0.00	0.00	0.63	21.34	100.00	5.66	14.85	5011	5137	1674	91	0	0	0	0	11913	171.43	30.21	13.51	43.71	35.49	48.17	66.49	1.55	25.17	23.43
8/26/2020 10:51:46 AM	9.97	5.85	4.06	2.69	0.00	0.00	0.00	0.73	22.58	100.00	5.71	14.84	5287	5853	1825	81	0	0	0	0	13046	171.26	31.05	14.92	47.35	37.75	50.17	69.18	1.56	25.17	23.46
8/26/2020 10:51:48 AM	9.81	5.63	4.19	2.43	0.00	0.00	0.00	0.73	22.06	100.00	5.76	14.59	5199	5630	1887	73	0	0	0	0	12789	170.84	30.29	14.21	45.66	37.16	48.30	68.05	1.56	25.16	23.46
8/26/2020 10:51:51 AM	10.76	5.98	4.38	2.12	0.00	0.00	0.00	0.92	23.24	100.00	5.79	14.86	5702	5985	1969	64	0	0	0	0	13720	168.88	31.15	13.75	47.36	40.46	50.08	72.18	1.57	25.15	23.47
8/26/2020 10:51:53 AM	11.61	5.69	3.98	2.18	0.00	0.00	0.00	0.94	23.47	100.00	5.84	15.34	6154	5694	1791	66	0	0	0	0	13704	170.01	30.70	13.98	46.70	41.15	49.15	73.55	1.57	25.13	23.48
8/26/2020 10:51:56 AM	11.04	5.57	3.86	1.98	0.00	0.00	0.00	0.99	22.45	100.00	5.90	15.38	5851	5566	1738	60	0	0	0	0	13214	170.15	29.51	12.85	44.84	40.17	47.60	70.65	1.58	25.13	23.48
8/26/2020 10:51:58 AM	10.37	5.83	4.08	1.62	0.00	0.00	0.00	1.02	21.90	100.00	5.95	15.29	5495	5829	1836	49	0	0	0	0	13209	169.78	28.79	12.74	44.92	39.49	46.88	68.22	1.58	25.11	23.47
8/26/2020 10:52:00 AM	10.53	6.13	4.12	1.56	0.00	0.00	0.00	1.08	22.33	100.00	6.02	15.31	5579	6131	1852	47	0	0	0	0	13609	170.20	29.16	12.91	46.28	40.48	48.13	69.15	1.59	25.10	23.51
8/26/2020 10:52:03 AM	10.36	6.14	4.19	1.06	0.00	0.00	0.00	1.13	21.75	100.00	6.10	15.04	5492	6139	1886	32	0	0	0	0	13548	170.23	27.81	12.58	45.26	40.05	46.00	67.21	1.60	25.09	23.50
8/26/2020 10:52:05 AM	10.99	6.55	4.35	0.72	0.00	0.00	0.00	1.23	22.61	100.00	6.20	14.28	5826	6549	1957	22	0	0	0	0	14353	170.55	28.10	12.42	46.94	41.94	47.29	69.35	1.61	25.08	23.48
8/26/2020 10:52:07 AM	11.74	6.94	4.33	0.10	0.00	0.00	0.00	1.31	23.11	100.00	6.33	13.28	6224	6940	1947	3	0	0	0	0	15114	170.51	27.09	12.05	47.90	43.00	47.16	69.73	1.62	25.07	23.55
8/26/2020 10:52:10 AM	12.58	6.78	4.33	0.09	0.00	0.00	0.00	1.42	23.78	100.00	6.46	12.92	6665	6776	1950	3	0	0	0	0	15394	170.15	27.73	11.72	47.77	45.14	47.40	73.18	1.63	25.05	23.48
8/26/2020 10:52:12 AM	14.12	7.43	4.69	0.00	0.00	0.00	0.00	1.52	26.24	100.00	6.50	12.57	7484	7433	2109	0	0	0	0	0	17026	169.07	30.01	12.77	52.36	49.36	51.38	80.36	1.64	25.03	23.51
8/26/2020 10:52:15 AM	14.45	7.58	4.37	0.00	0.00	0.00	0.00	1.58	26.40	100.00	6.55	12.36	7656	7585	1965	0	0	0	0	0	17206	168.42	29.77	12.82	53.62	50.00	51.35	80.51	1.64	25.01	23.50
8/26/2020 10:52:17 AM	14.99	7.71	4.72	0.00	0.00	0.00	0.00	1.65	27.42	100.00	6.62	12.65	7947	7709	2123	0	0	0	0	0	17778	168.24	31.23	13.28	55.09	52.24	52.69	84.45	1.65	24.98	23.51
8/26/2020 10:52:19 AM	16.00	8.04	4.67	0.00	0.00	0.00	0.00	1.80	28.70	100.00	6.68	12.88	8478	8040	2100	0	0	0	0	0	18618	167.31	32.39	13.55	57.52	55.33	54.92	88.73	1.65	24.96	23.52
8/26/2020 10:52:22 AM	17.00	8.40	5.12	0.00	0.00	0.00	0.00	1.86	30.52	100.00	6.72	12.91	9012	8399	2303	0	0	0	0	0	19714	165.22	34.54	14.26	60.70	58.43	57.55	94.56	1.66	24.93	23.51
8/26/2020 10:52:24 AM	18.45	8.26	5.16	0.00	0.00	0.00	0.00	1.96	31.87	100.00	6.78	12.86	9776	8263	2321	0	0	0	0	0	20360	164.65	35.62	14.31	61.00	61.48	58.74	100.13	1.66	24.90	23.51
8/26/2020 10:52:27 AM	22.04	9.54	5.40	0.00	0.00	0.00	0.00	2.50	36.99	100.00	6.83	13.04	11683	9544	2431	0	0	0	0	0	23658	162.16	40.85	16.36	70.73	73.56	67.32	117.55	1.67	24.87	23.50
8/26/2020 10:52:29 AM	24.90	10.05	6.13	0.00	0.00	0.00	0.00	2.65	41.09	100.00	6.90	13.43	13198	10053	2759	0	0	0	0	0	26010	160.00	45.14	17.00	76.07	80.75	73.04	131.29	1.68	24.85	23.48
8/26/2020 10:52:31 AM	27.46	10.10	5.42	0.00	0.00	0.00	0.00	3.36	42.97	100.00	6.96	13.39	14554	10095	2437	0	0	0	0	0	27087	158.53	46.95	17.57	79.09	90.62	73.91	142.15	1.68	24.82	23.51
8/26/2020 10:52:34 AM	29.62	10.82	5.50	0.00	0.00	0.00	0.00	4.04	45.94	100.00	7.00	13.15	15699	10819	2475	0	0	0	0	0	28993	156.07	50.81	18.75	84.45	101.35	79.45	155.16	1.69	24.79	23.51
8/26/2020 10:52:36 AM	31.36	11.26	5.08	0.00	0.00	0.00	0.00	4.52	47.69	100.00	7.08	12.87	16620	11260	2284	0	0	0	0	0	30164	155.48	52.50	19.61	88.61	108.33	81.61	162.84	1.69	24.76	23.50
8/26/2020 10:52:38 AM	30.93	11.00	5.75	0.00	0.00	0.00	0.00	4.52	47.67	100.00	7.11	12.55	16390	10997	2588	0	0	0	0	0	29976	154.76	53.60	19.72	87.33	108.71	81.30	164.37	1.70	24.73	23.46
8/26/2020 10:52:41 AM	32.27	11.21	5.62	0.00	0.00	0.00	0.00	4.74	49.10	100.00	7.18	12.75	17101	11211	2529	0	0	0	0	0	30841	155.87	54.90	20.03	90.02	112.80	82.68	169.91	1.70	24.69	23.51
8/26/2020 10:52:43 AM	30.11	10.93	6.25	0.00	0.00	0.00	0.00	4.58	47.29	100.00	7.20	12.82	15956	10930	2813	0	0	0	0	0	29699	156.50	54.40	19.70	86.42	109.01	81.40	164.45	1.71	24.68	23.48
8/26/2020 10:52:46 AM	31.51	11.52	6.55	0.00	0.00	0.00	0.00	4.68	49.59	100.00	7.25	12.88	16701	11523	2948	0	0	0	0	0	31172	155.74	56.72	20.71	90.90	113.02	85.16	171.30	1.71	24.66	23.48
8/26/2020 10:52:48 AM	29.65	10.83	6.36	0.00	0.00	0.00	0.00	4.38	46.85	100.00	7.33	12.46	15714	10833	2864	0	0	0	0	0	29412	155.87	53.72	19.71	85.29	106.35	80.91	161.79	1.72	24.62	23.47
8/26/2020 10:52:50 AM	27.48	10.00	6.61	0.00	0.00	0.00	0.00	4.12	44.09	100.00	7.38	12.23	14564	10003	2975	0	0	0	0	0	27542	158.40	51.63	18.60	79.27	100.44	76.32	153.59	1.72	24.58	23.46
8/26/2020 10:52:53 AM	24.07	9.32	6.48	0.00	0.00	0.00	0.00	3.81	39.87	100.00	7.43	12.48	12758	9318	2916	0	0	0	0	0	24991	158.97	47.87	17.12	72.41	91.62	70.91	139.32	1.73	24.55	23.47
8/26/2020 10:52:55 AM	24.15	9.47	6.43	0.00	0.00	0.00	0.00	3.75	40.05	100.00	7.49	12.85	12800	9472	2894	0	0	0	0	0	25166	158.76	47.72	17.83	73.42	91.11	71.08	138.89	1.73	24.52	23.45
8/26/2020 10:52:57 AM	21.76	9.12	6.85	0.00	0.00	0.00	0.00	3.57	37.74	100.00	7.54	12.70	11533	9125	3085	0	0	0	0	0	23742	159.27	46.55	17.04	69.64	86.37	68.57	131.57	1.74	24.49	23.42
8/26/2020 10:53:00 AM	24.10	9.34	6.12	0.00	0.00	0.00	0.00	3.76	39.56	100.00	7.59	12.70	12775	9338	2754	0	0	0	0	0	24867	160.46	46.98	17.18	73.32	90.50	69.30	137.38	1.74	24.46	23.43
8/26/2020 10:53:02 AM	22.16	8.46	6.15	0.00	0.00	0.00	0.00	3.51	36.77	100.00	7.67	12.49	11747	8463	2766	0	0	0	0	0	22977	160.89	44.44	16.12	66.86	84.55	64.69	128.98	1.75	24.42	23.42
8/26/2020 10:53:05 AM	19.76	8.48	6.74	0.00	0.00	0.00	0.00	3.09	34.98	100.00	7.73	12.11	10475	8476	3035	0	0	0	0	0	21986	162.11	43.27	16.27	64.76	77.89	63.60	120.57	1.76	24.38	23.47
8/26/2020 10:53:07 AM	20.36	8.41	6.46	0.00	0.00	0.00	0.00	3.11	35.23	100.00	7.79	12.50	10791	8412	2907	0	0	0	0	0	22110	162.23	42.99	16.05	65.07	78.42	63.16	121.37	1.76	24.35	23.39
8/26/2020 10:53:09 AM	20.41	8.41	6.23	0.00	0.00	0.00	0.00	3.16	35.05	100.00	7.88	12.69	10819	8408	2805	0	0	0	0	0	22032	163.02	42.57	15.96	64.56	78.56	63.32	120.91	1.77	24.31	23.43
8/26/2020 10:53:12 AM	17.16	7.49	6.14	0.13	0.00	0.00	0.00	2.78	30.92	100.00	7.95	12.41	9097	7490	2764	4	0	0	0	0	19355	163.75	39.03	14.85	57.57	69.39	57.00	107.26	1.78	24.28	23.39
8/26/2020 10:53:14 AM	18.09	7.86	5.99	0.00	0.00	0.00	0.00	2.85	31.94	100.00	8.00	12.07	9586	7861	2697	0	0	0	0	0	20144	163.90	39.33	15.09	59.69	71.26	58.63	109.72	1.78	24.24	23.37
8/26/2020 10:53:17 AM	18.57	7.39	5.73	0.27	0.00	0.00	0.00	2.82	31.96	100.00	8.05	12.22	9840	7393	2578	8	0	0	0	0	19819	163.18	39.38	14.80	58.17	71.33	58.04	110.91	1.79	24.21	23.39
8/26/2020 10:53:19 AM	17.47	7.04	5.14	0.37	0.00	0.00	0.00	2.75	30.02	100.00	8.12	12.33	9260	7038	2312	11	0	0	0	0	18621	163.54	37.15	14.18	55.26	67.91	55.33	104.52	1.80	24.16	23.37
8/26/2020 10:53:21 AM	17.87	7.04	5.35	0.00	0.00	0.00	0.00	2.69	30.26	100.00	8.24	11.58	9472	7040	2406	0	0	0	0	0	18918	164.41	36.54	14.11	55.13	67.54	54.12	104.58	1.81	24.12	23.37
8/26/2020 10:53:24 AM	16.58	6.87	5.36	0.21	0.00	0.00	0.00	2.65	29.03	100.00	8.38	11.10	8790	6868	2414	6	0	0	0	0	18078	164.47	36.25	13.85	53.61	65.59	53.34	101.10	1.82	24.08	23.34
8/26/2020 10:53:26 AM	15.99	6.65	5.29	0.00	0.00	0.00	0.00	2.49	27.93	100.00	8.48	11.04	8475	6649	2379	0	0	0	0	0	17504	164.83	34.47	13.00	51.52	62.45	50.88	96.57	1.83	24.05	23.37
8/26/2020 10:53:28 AM	16.10	6.67	4.99	0.00	0.00	0.00	0.00	2.56	27.77	100.00	8.54	11.02	8535	6671	2246	0	0	0	0	0	17452	164.75	34.04	12.77	51.49	62.79	50.77	96.16	1.84	24.00	23.35
8/26/2020 10:53:31 AM	14.97	6.25	4.66	0.00	0.00	0.00	0.00	2.44	25.87	100.00	8.58	11.15	7932	6248	2097	0	0	0	0	0	16277	164.75	31.94	12.02	48.43	59.12	47.40	89.99	1.84	23.96	23.31
8/26/2020 10:53:33 AM	15.14	6.04	4.53	0.00	0.00	0.00	0.00	2.48	25.72	100.00	8.64	11.34	8025	6044	2040	0	0	0	0	0	16109	164.34	31.65	11.90	47.28	59.40	46.85	90.25	1.85	23.91	23.31
8/26/2020 10:53:36 AM	14.35	5.65	4.18	0.00	0.00	0.00	0.00	2.40	24.19	100.00	8.71	11.37	7607	5652	1881	0	0	0	0	0	15141	165.41	29.81	11.03	44.45	56.50	44.14	85.35	1.85	23.87	23.30
8/26/2020 10:53:38 AM	13.66	5.94	4.34	0.00	0.00	0.00	0.00	2.36	23.94	100.00	8.80	11.36	7241	5939	1952	0	0	0	0	0	15131	165.26	29.92	11.35	45.55	55.60	44.62	83.59	1.86	23.84	23.26
8/26/2020 10:53:40 AM	13.70	5.69	3.72	0.00	0.00	0.00	0.00	2.39	23.11	100.00	8.86	11.09	7260	5693	1674	0	0	0	0	0	14627	165.91	28.37	10.82	44.17	54.71	42.65	81.13	1.87	23.80	23.26
8/26/2020 10:53:43 AM	13.77	5.67	3.81	0.00	0.00	0.00	0.00	2.37	23.25	100.00	8.94	11.03	7297	5673	1713	0	0	0	0	0	14684	165.70	28.57	10.62	43.99	54.80	43.00	81.63	1.88	23.75	23.24
8/26/2020 10:53:45 AM	14.33	5.79	3.72	0.00	0.00	0.00	0.00	2.40	23.83	100.00	9.04	11.14	7592	5792	1672	0	0	0	0	0	15056	165.90	28.89	10.84	45.40	55.80	43.36	83.26	1.89	23.72	23.25
8/26/2020 10:53:47 AM	13.99	5.66	3.68	0.00	0.00	0.00	0.00	2.32	23.32	100.00	9.13	11.03	7414	5656	1655	0	0	0	0	0	14725	165.74	28.26	10.68	44.42	54.29	42.41	81.29	1.89	23.67	23.24
8/26/2020 10:53:50 AM	13.13	5.09	3.54	0.00	0.00	0.00	0.00	2.34	21.76	100.00	9.22	11.08	6958	5094	1592	0	0	0	0	0	13644	166.33	26.96	9.95	40.53	52.60	39.72	77.89	1.90	23.63	23.20
8/26/2020 10:53:52 AM	13.11	5.27	3.49	0.00	0.00	0.00	0.00	2.33	21.87	100.00	9.33	10.96	6948	5269	1570	0	0	0	0	0	13787	166.02	26.99	9.85	41.29	52.58	40.38	77.64	1.91	23.59	23.20
8/26/2020 10:53:55 AM	13.45	5.10	3.30	0.00	0.00	0.00	0.00	2.31	21.85	100.00	9.37	10.68	7129	5101	1486	0	0	0	0	0	13717	165.80	26.56	9.56	40.77	52.36	39.61	77.65	1.92	23.54	23.19
8/26/2020 10:53:57 AM	13.23	4.94	2.91	0.00	0.00	0.00	0.00	2.28	21.09	100.00	9.51	10.61	7012	4945	1311	0	0	0	0	0	13268	166.84	25.33	9.06	39.72	50.94	38.09	74.92	1.93	23.49	23.16
8/26/2020 10:53:59 AM	12.68	4.95	3.07	0.00	0.00	0.00	0.00	2.30	20.69	100.00	9.63	10.56	6718	4946	1382	0	0	0	0	0	13046	167.20	25.41	9.17	39.26	50.63	37.95	74.00	1.94	23.45	23.16
8/26/2020 10:54:02 AM	12.73	5.03	3.00	0.00	0.00	0.00	0.00	2.28	20.77	100.00	9.71	10.47	6748	5034	1351	0	0	0	0	0	13132	166.79	25.36	9.18	40.05	50.55	37.86	73.81	1.95	23.42	23.11
8/26/2020 10:54:04 AM	12.10	4.96	3.01	0.00	0.00	0.00	0.00	2.29	20.08	100.00	9.78	10.46	6415	4964	1357	0	0	0	0	0	12736	167.01	24.94	8.94	38.90	49.64	37.40	71.85	1.96	23.36	23.11
8/26/2020 10:54:06 AM	12.95	5.18	2.92	0.00	0.00	0.00	0.00	2.25	21.04	100.00	9.85	10.72	6861	5176	1313	0	0	0	0	0	13350	167.01	25.30	9.54	41.07	50.43	38.15	73.86	1.96	23.32	23.07
8/26/2020 10:54:09 AM	12.51	4.91	2.80	0.00	0.00	0.00	0.00	2.34	20.22	100.00	9.92	11.07	6631	4906	1259	0	0	0	0	0	12796	166.88	24.75	9.02	38.84	50.36	37.23	72.62	1.97	23.28	23.07
8/26/2020 10:54:11 AM	13.06	4.95	2.79	0.00	0.00	0.00	0.00	2.38	20.80	100.00	9.97	11.24	6924	4948	1255	0	0	0	0	0	13127	166.43	25.18	9.26	39.47	51.58	37.90	74.69	1.98	23.24	23.09
8/26/2020 10:54:14 AM	12.57	5.12	2.79	0.00	0.00	0.00	0.00	2.34	20.47	100.00	10.02	11.20	6661	5117	1254	0	0	0	0	0	13032	166.57	24.96	9.19	40.26	50.53	37.68	72.77	1.98	23.20	23.09
8/26/2020 10:54:16 AM	12.68	5.00	2.54	0.00	0.00	0.00	0.00	2.37	20.22	100.00	10.09	11.15	6722	5002	1142	0	0	0	0	0	12867	167.09	24.44	8.88	39.70	50.52	36.97	72.27	1.99	23.15	23.05
8/26/2020 10:54:18 AM	12.16	4.52	2.49	0.00	0.00	0.00	0.00	2.27	19.17	100.00	10.12	11.07	6446	4520	1118	0	0	0	0	0	12084	166.94	23.32	8.29	36.62	48.30	34.77	69.41	1.99	23.12	23.02
8/26/2020 10:54:21 AM	12.29	4.37	2.45	0.00	0.00	0.00	0.00	2.22	19.11	100.00	10.23	10.88	6514	4370	1103	0	0	0	0	0	11987	167.57	23.08	8.09	36.06	47.83	34.13	69.24	2.00	23.05	23.01
8/26/2020 10:54:23 AM	12.22	4.75	2.49	0.00	0.00	0.00	0.00	2.21	19.45	100.00	10.30	10.73	6474	4748	1121	0	0	0	0	0	12343	166.82	23.43	8.38	37.95	47.96	35.47	69.20	2.01	23.01	22.99
8/26/2020 10:54:26 AM	12.25	4.80	2.92	0.00	0.00	0.00	0.00	2.18	19.97	100.00	10.38	10.86	6492	4805	1312	0	0	0	0	0	12609	166.48	24.39	8.72	38.22	48.47	36.61	70.97	2.02	22.98	23.00
8/26/2020 10:54:28 AM	12.98	4.79	2.87	0.00	0.00	0.00	0.00	2.27	20.64	100.00	10.46	10.92	6878	4792	1291	0	0	0	0	0	12961	164.86	24.98	8.63	38.93	50.37	37.05	73.84	2.03	22.92	22.96
8/26/2020 10:54:30 AM	13.87	5.08	3.02	0.00	0.00	0.00	0.00	2.38	21.97	100.00	10.57	10.50	7351	5079	1358	0	0	0	0	0	13788	166.62	26.45	8.87	41.71	53.17	38.71	78.28	2.04	22.89	22.95
8/26/2020 10:54:33 AM	14.23	5.04	3.10	0.00	0.00	0.00	0.00	2.26	22.38	100.00	10.66	9.87	7544	5039	1397	0	0	0	0	0	13980	165.61	26.48	9.09	41.56	52.61	39.16	78.89	2.04	22.85	22.94
8/26/2020 10:54:35 AM	15.25	5.23	2.92	0.00	0.00	0.00	0.00	2.38	23.39	100.00	10.71	9.65	8083	5228	1312	0	0	0	0	0	14623	164.38	27.19	8.87	43.51	55.12	40.38	82.35	2.05	22.79	22.92
8/26/2020 10:54:37 AM	15.45	5.34	3.06	0.00	0.00	0.00	0.00	2.37	23.85	100.00	10.72	9.88	8188	5337	1379	0	0	0	0	0	14903	165.31	27.72	9.24	44.31	55.68	41.13	83.62	2.05	22.75	22.90
