Date/Time	Green Algae	Bluegreen	Diatoms	Cryptophyta	#5	#6	#7	Yellow substances	Total conc.	Transmission	Depth	Temp. Sample	Green Algae	Bluegreen	Diatoms	Cryptophyta	#5	#6	#7	Yellow substances	Total cell count	Trans. 700 nm	LED 3 [525 nm]	LED 4 [570 nm]	LED 5 [610 nm]	LED 6 [370 nm]	LED 7 [590 nm]	LED 8 [470 nm]	Pressure	Temp. LEDs	Temp. Sensor
date	µg/l	µg/l	µg/l	µg/l	µg/l	µg/l	µg/l	r.u.	µg/l	%	m	°C	cells/ml	cells/ml	cells/ml	cells/ml	cells/ml	cells/ml	cells/ml	r.u.	cells/ml	digits	digits	digits	digits	digits	digits	digits	bar	°C	°C
6/25/2020 9:52:58 AM	3.00	0.22	1.96	0.00	0.00	0.00	0.00	0.64	5.18	100.00	0.21	22.91	1590	216	883	0	0	0	0	0	2690	155.91	8.88	1.08	7.69	14.35	8.08	23.13	1.02	23.52	22.77
6/25/2020 9:53:00 AM	2.02	0.28	2.47	0.22	0.00	0.00	0.00	0.63	4.99	100.00	0.23	22.92	1072	279	1110	7	0	0	0	0	2468	157.12	10.03	2.68	7.53	14.07	9.41	23.07	1.02	23.56	22.79
6/25/2020 9:53:03 AM	4.17	0.00	0.95	0.68	0.00	0.00	0.00	0.41	5.80	100.00	0.28	22.92	2211	0	428	20	0	0	0	0	2659	154.74	8.23	3.58	7.49	12.90	9.76	23.57	1.03	23.60	22.80
6/25/2020 9:53:05 AM	3.01	0.00	1.79	0.42	0.00	0.00	0.00	0.55	5.22	100.00	0.31	22.91	1597	0	804	13	0	0	0	0	2414	155.99	8.96	3.46	5.83	13.49	9.27	23.67	1.03	23.63	22.87
6/25/2020 9:53:07 AM	6.30	0.00	0.00	0.58	0.00	0.00	0.00	0.23	6.88	100.00	0.35	22.92	3336	0	0	17	0	0	0	0	3354	155.03	6.60	3.18	7.75	12.12	10.00	24.36	1.03	23.66	22.86
6/25/2020 9:53:10 AM	4.76	0.16	1.05	0.00	0.00	0.00	0.00	0.52	5.97	100.00	0.38	22.91	2524	161	473	0	0	0	0	0	3158	154.59	7.18	2.26	7.47	13.92	8.53	23.71	1.04	23.71	22.85
6/25/2020 9:53:12 AM	4.61	0.06	0.00	0.71	0.00	0.00	0.00	0.64	5.37	100.00	0.42	22.91	2442	57	0	21	0	0	0	0	2520	156.35	6.93	2.28	7.12	14.39	10.22	22.70	1.04	23.74	22.89
6/25/2020 9:53:14 AM	3.86	0.27	1.68	0.16	0.00	0.00	0.00	0.53	5.97	100.00	0.46	22.90	2045	266	757	5	0	0	0	0	3072	156.75	8.78	2.53	8.05	14.20	9.74	24.43	1.04	23.77	22.89
6/25/2020 9:53:17 AM	5.98	0.00	0.76	0.35	0.00	0.00	0.00	0.03	7.09	100.00	0.49	22.89	3168	0	344	11	0	0	0	0	3522	157.04	6.84	2.49	7.39	10.59	10.06	24.06	1.05	23.81	22.92
6/25/2020 9:53:19 AM	4.28	0.41	1.36	0.07	0.00	0.00	0.00	0.49	6.11	100.00	0.52	22.89	2266	406	613	2	0	0	0	0	3287	156.11	7.97	2.52	8.50	13.80	9.88	23.70	1.05	23.84	22.92
6/25/2020 9:53:22 AM	4.92	0.10	1.03	0.43	0.00	0.00	0.00	0.33	6.49	100.00	0.55	22.86	2610	97	466	13	0	0	0	0	3185	158.54	8.12	1.61	7.69	12.96	10.72	24.58	1.05	23.87	22.96
6/25/2020 9:53:24 AM	4.33	0.00	1.65	0.16	0.00	0.00	0.00	0.36	6.13	100.00	0.58	22.83	2293	0	740	5	0	0	0	0	3038	156.93	8.11	3.84	6.78	12.83	8.46	24.56	1.06	23.91	22.94
6/25/2020 9:53:26 AM	4.77	0.10	0.68	0.44	0.00	0.00	0.00	0.44	5.98	100.00	0.59	22.83	2530	96	304	13	0	0	0	0	2942	155.85	7.47	1.30	7.19	13.18	10.39	23.36	1.06	23.94	22.95
6/25/2020 9:53:29 AM	4.20	0.52	0.70	0.00	0.00	0.00	0.00	0.64	5.42	100.00	0.63	22.79	2229	519	315	0	0	0	0	0	3062	157.02	6.98	-0.64	8.89	14.06	9.18	21.48	1.06	23.97	23.00
6/25/2020 9:53:31 AM	3.07	0.01	1.75	0.67	0.00	0.00	0.00	0.51	5.50	100.00	0.65	22.77	1628	14	785	20	0	0	0	0	2447	156.20	9.77	3.51	7.73	13.71	9.71	24.19	1.06	24.01	23.01
6/25/2020 9:53:34 AM	3.37	0.13	1.55	0.30	0.00	0.00	0.00	0.52	5.35	100.00	0.68	22.74	1788	130	697	9	0	0	0	0	2624	156.55	8.47	2.64	7.29	13.35	9.06	22.80	1.07	24.04	23.00
6/25/2020 9:53:36 AM	5.35	0.06	0.11	0.70	0.00	0.00	0.00	0.31	6.23	100.00	0.70	22.69	2836	61	50	21	0	0	0	0	2968	156.27	6.86	2.68	8.00	12.22	10.36	22.89	1.07	24.07	23.02
6/25/2020 9:53:38 AM	2.51	0.24	2.19	0.54	0.00	0.00	0.00	0.55	5.48	100.00	0.72	22.67	1330	243	984	16	0	0	0	0	2573	155.46	10.43	3.04	8.21	14.02	10.59	24.17	1.07	24.10	23.02
6/25/2020 9:53:41 AM	3.24	0.38	2.16	0.00	0.00	0.00	0.00	0.50	5.77	100.00	0.75	22.66	1715	378	972	0	0	0	0	0	3064	157.76	9.09	2.15	8.07	13.63	9.65	23.63	1.07	24.13	23.02
6/25/2020 9:53:43 AM	5.46	0.00	1.57	0.02	0.00	0.00	0.00	0.21	7.05	100.00	0.79	22.57	2891	0	708	1	0	0	0	0	3600	157.31	7.87	3.44	7.64	12.60	8.62	25.98	1.08	24.16	23.06
6/25/2020 9:53:45 AM	3.70	0.18	1.54	0.72	0.00	0.00	0.00	0.36	6.13	100.00	0.81	22.47	1961	178	691	22	0	0	0	0	2852	154.72	9.65	1.76	8.07	12.85	11.94	24.33	1.08	24.18	23.04
6/25/2020 9:53:48 AM	7.37	0.00	0.80	0.09	0.00	0.00	0.00	0.27	8.26	100.00	0.83	22.36	3904	0	362	3	0	0	0	0	4269	156.58	7.69	1.21	8.18	14.68	10.80	29.34	1.08	24.22	23.11
6/25/2020 9:53:50 AM	4.85	0.38	1.50	0.44	0.00	0.00	0.00	0.65	7.16	100.00	0.86	22.16	2568	382	674	13	0	0	0	0	3637	157.07	10.18	3.46	10.04	17.11	11.83	29.01	1.08	24.23	23.10
6/25/2020 9:53:53 AM	7.34	0.39	0.43	0.33	0.00	0.00	0.00	0.40	8.49	100.00	0.88	21.98	3892	395	192	10	0	0	0	0	4488	153.86	8.21	1.74	10.18	16.11	13.06	29.87	1.09	24.26	23.09
6/25/2020 9:53:55 AM	6.12	0.12	1.56	0.00	0.00	0.00	0.00	0.58	7.80	100.00	0.91	21.86	3242	122	702	0	0	0	0	0	4067	156.54	9.35	2.36	8.90	17.31	10.25	30.78	1.09	24.30	23.14
6/25/2020 9:53:57 AM	5.30	0.52	2.02	0.05	0.00	0.00	0.00	0.60	7.89	100.00	0.94	21.84	2809	518	910	2	0	0	0	0	4239	153.54	10.50	2.99	10.51	17.55	12.00	30.72	1.09	24.33	23.11
6/25/2020 9:54:00 AM	3.82	0.12	1.36	1.45	0.00	0.00	0.00	0.96	6.75	100.00	0.96	21.75	2024	123	611	43	0	0	0	0	2802	157.10	13.08	3.40	9.93	20.16	14.57	31.96	1.09	24.36	23.14
6/25/2020 9:54:02 AM	4.76	0.31	2.86	0.07	0.00	0.00	0.00	0.70	7.99	100.00	0.99	21.53	2522	312	1285	2	0	0	0	0	4121	157.01	12.30	3.51	10.20	19.16	11.48	33.49	1.10	24.37	23.14
6/25/2020 9:54:04 AM	5.95	0.49	2.09	0.03	0.00	0.00	0.00	0.82	8.55	100.00	1.01	21.43	3152	493	941	1	0	0	0	0	4586	156.76	11.56	2.76	10.90	20.84	12.78	34.80	1.10	24.40	23.20
6/25/2020 9:54:07 AM	6.05	0.48	2.48	0.00	0.00	0.00	0.00	0.49	9.01	100.00	1.04	21.41	3205	475	1117	0	0	0	0	0	4798	156.14	11.58	3.95	12.20	18.23	11.54	34.06	1.10	24.42	23.19
6/25/2020 9:54:09 AM	6.41	0.21	1.76	0.57	0.00	0.00	0.00	0.40	8.96	100.00	1.07	21.31	3399	206	793	17	0	0	0	0	4415	155.24	11.43	3.05	10.75	17.35	13.51	33.77	1.11	24.46	23.19
6/25/2020 9:54:12 AM	5.91	0.89	1.14	0.00	0.00	0.00	0.00	0.99	7.94	100.00	1.10	21.19	3134	886	513	0	0	0	0	0	4533	155.69	9.99	2.62	12.23	21.11	12.84	31.85	1.11	24.47	23.22
6/25/2020 9:54:14 AM	4.76	0.61	2.53	0.00	0.00	0.00	0.00	0.70	7.91	100.00	1.12	21.05	2525	612	1139	0	0	0	0	0	4277	155.97	11.55	4.02	11.44	18.73	11.68	31.89	1.11	24.49	23.21
6/25/2020 9:54:16 AM	4.37	1.03	2.72	0.00	0.00	0.00	0.00	0.75	8.12	100.00	1.15	20.97	2318	1027	1225	0	0	0	0	0	4570	155.26	12.43	2.95	13.55	19.33	13.21	32.01	1.11	24.51	23.22
6/25/2020 9:54:19 AM	5.43	0.57	1.83	0.00	0.00	0.00	0.00	0.88	7.84	100.00	1.17	20.83	2880	571	824	0	0	0	0	0	4275	156.00	10.87	2.61	11.53	20.32	11.29	32.40	1.12	24.53	23.25
6/25/2020 9:54:21 AM	4.03	0.48	2.46	0.10	0.00	0.00	0.00	0.74	7.07	100.00	1.20	20.75	2137	478	1106	3	0	0	0	0	3725	155.64	11.27	3.03	9.86	18.00	11.53	29.90	1.12	24.55	23.25
6/25/2020 9:54:24 AM	5.62	0.26	1.54	0.43	0.00	0.00	0.00	0.53	7.86	100.00	1.24	20.26	2981	264	693	13	0	0	0	0	3952	155.03	10.45	1.47	9.36	16.97	13.09	30.71	1.12	24.57	23.27
6/25/2020 9:54:26 AM	5.72	0.77	1.96	0.00	0.00	0.00	0.00	0.59	8.45	100.00	1.26	19.83	3030	774	883	0	0	0	0	0	4686	154.75	10.85	1.24	12.15	18.05	13.14	31.58	1.12	24.58	23.30
6/25/2020 9:54:28 AM	6.26	0.57	1.16	0.30	0.00	0.00	0.00	0.66	8.29	100.00	1.29	19.95	3319	569	521	9	0	0	0	0	4417	154.99	9.95	3.54	11.42	18.54	12.89	31.60	1.13	24.60	23.30
6/25/2020 9:54:31 AM	6.42	0.30	0.86	0.68	0.00	0.00	0.00	0.72	8.26	100.00	1.33	19.93	3404	301	388	20	0	0	0	0	4113	154.38	10.48	3.76	10.97	19.41	13.10	32.93	1.13	24.62	23.32
6/25/2020 9:54:33 AM	4.82	0.11	2.06	0.66	0.00	0.00	0.00	0.63	7.64	100.00	1.36	19.86	2553	112	926	20	0	0	0	0	3610	155.09	11.98	2.86	9.52	18.00	12.65	32.11	1.13	24.63	23.31
6/25/2020 9:54:35 AM	5.12	0.68	2.24	0.18	0.00	0.00	0.00	0.85	8.23	100.00	1.39	19.90	2714	683	1010	6	0	0	0	0	4412	156.47	12.16	3.09	11.60	20.63	13.70	33.81	1.14	24.65	23.34
6/25/2020 9:54:38 AM	4.03	0.93	3.05	0.24	0.00	0.00	0.00	0.94	8.26	100.00	1.43	19.77	2138	926	1373	7	0	0	0	0	4444	156.30	14.10	3.28	12.64	21.70	15.18	34.96	1.14	24.66	23.35
6/25/2020 9:54:40 AM	6.21	0.47	1.87	0.61	0.00	0.00	0.00	0.68	9.16	100.00	1.45	19.65	3290	468	840	18	0	0	0	0	4617	154.13	12.58	4.18	12.37	20.39	14.45	36.09	1.14	24.68	23.32
6/25/2020 9:54:43 AM	5.77	0.85	2.91	0.01	0.00	0.00	0.00	0.75	9.54	100.00	1.48	19.58	3060	847	1307	0	0	0	0	0	5214	153.76	13.39	4.40	13.51	21.49	14.30	37.29	1.15	24.69	23.37
6/25/2020 9:54:45 AM	6.27	0.96	2.10	0.21	0.00	0.00	0.00	0.86	9.54	100.00	1.51	19.33	3322	960	946	6	0	0	0	0	5234	155.20	12.82	3.41	13.69	22.33	15.82	37.11	1.15	24.70	23.39
6/25/2020 9:54:47 AM	6.35	0.28	1.58	1.02	0.00	0.00	0.00	0.82	9.23	100.00	1.54	19.18	3367	282	711	31	0	0	0	0	4391	154.86	13.50	3.92	12.14	22.07	15.53	38.11	1.15	24.71	23.37
6/25/2020 9:54:50 AM	5.15	0.48	2.24	1.18	0.00	0.00	0.00	0.94	9.05	100.00	1.58	19.09	2730	478	1009	35	0	0	0	0	4252	154.00	15.39	3.94	12.90	23.21	17.07	38.94	1.15	24.73	23.40
6/25/2020 9:54:52 AM	5.47	0.92	3.70	0.00	0.00	0.00	0.00	0.83	10.09	100.00	1.61	18.91	2897	923	1666	0	0	0	0	0	5486	152.81	15.49	3.48	14.31	23.33	15.57	40.49	1.16	24.73	23.42
6/25/2020 9:54:54 AM	6.11	0.82	3.75	0.19	0.00	0.00	0.00	0.89	10.87	100.00	1.63	18.98	3239	815	1686	6	0	0	0	0	5746	153.46	16.53	4.96	14.94	25.14	16.25	44.00	1.16	24.74	23.39
6/25/2020 9:54:57 AM	7.37	1.21	3.34	0.00	0.00	0.00	0.00	0.72	11.92	100.00	1.65	19.19	3903	1214	1503	0	0	0	0	0	6621	152.93	15.71	3.53	16.67	24.47	18.12	44.18	1.16	24.75	23.42
6/25/2020 9:54:59 AM	7.83	1.02	2.47	0.64	0.00	0.00	0.00	0.91	11.96	100.00	1.67	19.29	4149	1016	1112	19	0	0	0	0	6297	154.15	16.16	5.07	16.89	26.61	19.19	46.15	1.16	24.77	23.45
6/25/2020 9:55:02 AM	6.75	1.21	3.88	0.00	0.00	0.00	0.00	0.86	11.84	100.00	1.70	19.30	3578	1211	1745	0	0	0	0	0	6534	152.79	17.07	3.97	17.66	26.01	17.26	45.72	1.17	24.77	23.46
6/25/2020 9:55:04 AM	7.48	0.88	3.37	0.07	0.00	0.00	0.00	0.76	11.79	100.00	1.73	19.22	3962	880	1516	2	0	0	0	0	6361	154.34	15.80	4.12	15.36	24.91	17.12	45.14	1.17	24.77	23.46
6/25/2020 9:55:06 AM	6.30	1.18	4.67	0.18	0.00	0.00	0.00	0.65	12.32	100.00	1.75	19.06	3340	1179	2099	5	0	0	0	0	6623	152.87	18.55	4.10	16.90	24.74	19.61	46.78	1.17	24.77	23.45
6/25/2020 9:55:09 AM	7.19	1.16	4.62	0.00	0.00	0.00	0.00	0.81	12.97	100.00	1.78	19.02	3809	1161	2079	0	0	0	0	0	7048	152.38	18.91	3.84	17.95	27.26	18.86	49.91	1.17	24.79	23.46
6/25/2020 9:55:11 AM	5.68	1.51	5.32	0.00	0.00	0.00	0.00	0.98	12.51	100.00	1.81	19.04	3010	1510	2394	0	0	0	0	0	6914	152.77	20.43	3.84	18.65	28.32	20.42	49.65	1.18	24.80	23.46
6/25/2020 9:55:14 AM	6.22	1.36	5.23	0.00	0.00	0.00	0.00	0.90	12.81	100.00	1.84	18.93	3295	1363	2353	0	0	0	0	0	7011	153.39	20.28	3.67	18.83	28.09	19.57	50.35	1.18	24.80	23.48
6/25/2020 9:55:16 AM	6.11	1.18	4.65	0.70	0.00	0.00	0.00	0.86	12.64	100.00	1.86	18.82	3241	1177	2093	21	0	0	0	0	6531	153.22	20.60	5.10	18.14	27.58	21.50	50.14	1.18	24.81	23.50
6/25/2020 9:55:18 AM	6.83	1.36	4.53	0.00	0.00	0.00	0.00	0.99	12.72	100.00	1.88	18.78	3619	1363	2037	0	0	0	0	0	7020	152.70	19.00	4.67	18.06	28.59	19.83	49.88	1.18	24.81	23.47
6/25/2020 9:55:21 AM	7.39	1.29	4.27	0.39	0.00	0.00	0.00	0.82	13.34	100.00	1.91	18.76	3917	1289	1920	12	0	0	0	0	7137	153.34	19.40	5.66	18.93	27.89	20.87	50.91	1.19	24.82	23.51
6/25/2020 9:55:23 AM	7.75	1.58	4.55	0.00	0.00	0.00	0.00	0.78	13.88	100.00	1.93	18.75	4106	1577	2048	0	0	0	0	0	7731	153.42	19.24	4.92	19.83	27.95	21.29	51.32	1.19	24.81	23.50
6/25/2020 9:55:25 AM	5.98	1.58	5.66	0.00	0.00	0.00	0.00	1.07	13.22	99.26	1.95	18.71	3168	1581	2546	0	0	0	0	0	7295	150.64	21.62	5.35	19.91	30.32	20.87	52.85	1.19	24.82	23.48
6/25/2020 9:55:28 AM	6.37	1.77	6.04	0.00	0.00	0.00	0.00	0.87	14.17	100.00	1.98	18.61	3374	1768	2716	0	0	0	0	0	7858	152.55	22.41	5.89	21.76	29.65	21.81	54.24	1.19	24.82	23.50
6/25/2020 9:55:30 AM	6.91	1.42	5.05	0.64	0.00	0.00	0.00	1.05	14.03	100.00	2.01	18.58	3662	1418	2275	19	0	0	0	0	7374	152.49	22.48	6.83	20.74	31.43	22.81	55.82	1.20	24.82	23.56
6/25/2020 9:55:33 AM	7.61	1.37	4.39	0.71	0.00	0.00	0.00	0.95	14.07	100.00	2.03	18.61	4031	1365	1976	21	0	0	0	0	7393	152.26	21.30	4.96	19.85	30.33	23.64	54.60	1.20	24.83	23.52
6/25/2020 9:55:35 AM	6.10	1.41	6.21	0.41	0.00	0.00	0.00	0.96	14.13	100.00	2.05	18.58	3234	1408	2795	12	0	0	0	0	7449	152.26	23.88	5.69	20.14	30.97	23.05	56.62	1.20	24.83	23.55
6/25/2020 9:55:37 AM	6.33	1.61	10.07	0.71	0.00	0.00	0.00	0.74	18.71	99.82	2.08	18.42	3356	1606	4531	21	0	0	0	0	9514	151.49	33.74	8.48	25.91	36.35	28.97	73.97	1.20	24.82	23.55
6/25/2020 9:55:40 AM	7.42	1.48	10.79	1.89	0.00	0.00	0.00	0.74	21.58	98.92	2.12	18.22	3931	1479	4856	57	0	0	0	0	10323	150.13	39.70	10.61	29.78	41.04	34.74	85.74	1.21	24.82	23.58
6/25/2020 9:55:42 AM	7.58	1.91	10.21	2.25	0.00	0.00	0.00	0.85	21.95	97.94	2.14	18.03	4018	1909	4594	67	0	0	0	0	10589	148.63	40.20	11.11	32.08	42.42	37.68	86.35	1.21	24.81	23.58
6/25/2020 9:55:44 AM	6.69	2.13	12.24	2.84	0.00	0.00	0.00	0.84	23.90	98.75	2.17	17.95	3547	2129	5510	85	0	0	0	0	11271	149.87	46.69	10.70	34.87	45.73	43.66	95.07	1.21	24.82	23.53
6/25/2020 9:55:47 AM	9.12	3.65	14.26	3.78	0.00	0.00	0.00	0.73	30.80	98.08	2.19	17.92	4832	3645	6419	113	0	0	0	0	15009	148.85	56.64	18.30	49.35	54.36	55.77	115.50	1.21	24.81	23.56
6/25/2020 9:55:49 AM	10.02	3.00	14.88	4.49	0.00	0.00	0.00	0.51	32.38	96.79	2.20	17.94	5309	2995	6696	135	0	0	0	0	15134	146.88	59.86	17.62	48.80	55.14	57.97	122.23	1.22	24.81	23.56
6/25/2020 9:55:52 AM	9.97	3.17	14.04	4.09	0.00	0.00	0.00	0.50	31.28	98.02	2.22	17.95	5286	3174	6319	123	0	0	0	0	14901	148.76	56.68	17.38	48.00	53.03	55.89	116.66	1.22	24.80	23.60
6/25/2020 9:55:54 AM	9.55	2.98	14.04	4.45	0.00	0.00	0.00	0.67	31.03	97.81	2.24	17.94	5064	2984	6318	133	0	0	0	0	14500	148.44	57.86	17.28	47.54	54.66	56.49	118.18	1.22	24.81	23.57
6/25/2020 9:55:56 AM	10.10	3.44	14.37	3.87	0.00	0.00	0.00	0.57	31.78	97.18	2.27	17.92	5352	3441	6468	116	0	0	0	0	15377	147.48	57.19	18.50	49.55	54.28	56.08	118.17	1.22	24.81	23.60
6/25/2020 9:55:59 AM	9.65	3.22	14.98	3.35	0.00	0.00	0.00	0.48	31.20	98.28	2.29	17.97	5114	3218	6742	101	0	0	0	0	15175	149.15	56.42	16.54	47.07	52.71	54.02	116.37	1.22	24.79	23.60
6/25/2020 9:56:01 AM	10.08	3.10	14.48	3.27	0.00	0.00	0.00	0.48	30.94	97.53	2.32	17.99	5344	3102	6515	98	0	0	0	0	15060	148.01	55.09	16.17	46.21	52.14	53.02	115.08	1.23	24.78	23.57
6/25/2020 9:56:04 AM	10.69	3.07	13.31	2.99	0.00	0.00	0.00	0.43	30.06	97.81	2.35	17.93	5667	3070	5989	90	0	0	0	0	14816	148.44	51.61	15.42	44.76	50.01	50.90	110.25	1.23	24.78	23.61
6/25/2020 9:56:06 AM	9.71	2.88	13.30	2.51	0.00	0.00	0.00	0.56	28.40	97.62	2.37	17.82	5145	2877	5987	75	0	0	0	0	14084	148.16	49.74	14.09	41.87	48.99	47.69	105.99	1.23	24.78	23.60
6/25/2020 9:56:08 AM	9.94	2.53	11.75	2.63	0.00	0.00	0.00	0.54	26.86	97.82	2.39	17.77	5270	2533	5287	79	0	0	0	0	13169	148.45	46.16	13.58	39.33	46.35	45.03	100.10	1.23	24.77	23.60
6/25/2020 9:56:11 AM	8.68	2.73	12.46	1.58	0.00	0.00	0.00	0.56	25.45	96.56	2.42	17.75	4600	2731	5606	47	0	0	0	0	12985	146.54	44.05	11.87	37.22	44.27	41.74	94.77	1.24	24.76	23.57
6/25/2020 9:56:13 AM	8.31	2.54	12.21	1.24	0.00	0.00	0.00	0.60	24.30	97.84	2.44	17.73	4405	2537	5496	37	0	0	0	0	12476	148.48	42.15	10.75	34.90	42.99	39.23	91.27	1.24	24.77	23.58
6/25/2020 9:56:15 AM	7.15	2.57	13.44	1.03	0.00	0.00	0.00	0.63	24.19	97.81	2.46	17.73	3788	2573	6048	31	0	0	0	0	12440	148.44	43.80	11.34	35.02	43.39	38.60	92.24	1.24	24.75	23.60
6/25/2020 9:56:18 AM	8.46	2.59	13.17	1.00	0.00	0.00	0.00	0.56	25.22	97.21	2.50	17.69	4486	2588	5927	30	0	0	0	0	13031	147.53	43.68	11.47	35.87	44.09	39.28	94.64	1.25	24.74	23.58
6/25/2020 9:56:20 AM	8.48	3.04	13.62	0.13	0.00	0.00	0.00	0.51	25.27	97.15	2.51	17.61	4496	3043	6128	4	0	0	0	0	13671	147.44	42.26	11.00	36.38	43.16	38.14	92.57	1.25	24.73	23.60
6/25/2020 9:56:23 AM	8.08	2.71	12.36	0.61	0.00	0.00	0.00	0.57	23.76	97.18	2.54	17.48	4283	2709	5564	18	0	0	0	0	12574	147.49	40.38	10.98	34.50	41.64	36.83	88.22	1.25	24.73	23.57
6/25/2020 9:56:25 AM	8.33	2.58	11.74	0.89	0.00	0.00	0.00	0.48	23.53	97.24	2.57	17.43	4413	2577	5281	27	0	0	0	0	12298	147.58	39.54	11.29	34.22	40.36	36.69	86.69	1.25	24.71	23.60
6/25/2020 9:56:27 AM	8.23	2.62	11.60	0.53	0.00	0.00	0.00	0.62	22.99	97.06	2.59	17.41	4365	2621	5221	16	0	0	0	0	12223	147.31	38.52	9.95	33.10	40.90	35.83	85.43	1.25	24.71	23.58
6/25/2020 9:56:30 AM	7.60	2.88	12.66	0.00	0.00	0.00	0.00	0.53	23.14	97.37	2.61	17.31	4027	2880	5699	0	0	0	0	0	12606	147.77	39.01	9.64	33.69	40.12	35.22	85.06	1.26	24.69	23.60
6/25/2020 9:56:32 AM	7.51	2.75	12.44	0.06	0.00	0.00	0.00	0.58	22.76	97.82	2.63	17.12	3981	2753	5597	2	0	0	0	0	12333	148.45	38.58	10.17	33.02	40.18	34.49	84.44	1.26	24.69	23.60
6/25/2020 9:56:34 AM	7.38	2.64	11.32	0.08	0.00	0.00	0.00	0.50	21.43	97.68	2.65	16.99	3913	2644	5095	3	0	0	0	0	11654	148.23	35.60	9.41	31.25	37.16	32.84	78.49	1.26	24.67	23.58
6/25/2020 9:56:37 AM	7.32	2.36	9.71	0.49	0.00	0.00	0.00	0.62	19.89	98.21	2.68	16.91	3877	2362	4371	15	0	0	0	0	10626	149.05	33.08	8.96	29.28	36.03	31.60	73.86	1.26	24.66	23.62
6/25/2020 9:56:39 AM	6.33	2.32	9.63	0.13	0.00	0.00	0.00	0.62	18.40	97.48	2.70	16.87	3352	2317	4333	4	0	0	0	0	10007	147.93	31.08	8.50	27.42	33.80	28.86	68.67	1.26	24.66	23.58
6/25/2020 9:56:42 AM	5.87	2.08	8.89	0.37	0.00	0.00	0.00	0.54	17.21	98.12	2.72	16.89	3110	2078	4000	11	0	0	0	0	9199	148.91	29.45	7.70	25.55	31.37	27.88	64.35	1.27	24.63	23.58
6/25/2020 9:56:44 AM	6.21	1.94	8.22	0.36	0.00	0.00	0.00	0.55	16.73	98.60	2.73	16.92	3292	1938	3697	11	0	0	0	0	8938	149.63	27.89	7.54	24.59	30.64	26.68	62.43	1.27	24.61	23.60
6/25/2020 9:56:46 AM	5.48	1.89	7.96	0.68	0.00	0.00	0.00	0.66	16.00	98.86	2.75	16.94	2902	1889	3583	20	0	0	0	0	8394	150.04	28.12	7.15	24.05	30.77	27.25	61.19	1.27	24.61	23.61
6/25/2020 9:56:49 AM	5.04	1.70	8.06	0.74	0.00	0.00	0.00	0.62	15.54	98.73	2.77	16.94	2670	1695	3629	22	0	0	0	0	8016	149.83	28.06	7.09	23.07	29.91	26.38	60.16	1.27	24.60	23.61
6/25/2020 9:56:51 AM	5.36	2.16	8.51	0.29	0.00	0.00	0.00	0.58	16.32	98.64	2.78	16.95	2842	2158	3828	9	0	0	0	0	8836	149.69	28.14	7.48	24.94	30.27	27.05	60.99	1.27	24.57	23.57
6/25/2020 9:56:54 AM	5.49	2.22	8.21	0.38	0.00	0.00	0.00	0.58	16.30	98.41	2.82	16.89	2909	2218	3693	12	0	0	0	0	8832	149.34	27.85	7.47	25.20	30.19	27.51	60.53	1.28	24.57	23.57
6/25/2020 9:56:56 AM	5.48	2.23	7.88	0.45	0.00	0.00	0.00	0.59	16.05	98.85	2.84	16.78	2906	2232	3546	14	0	0	0	0	8697	150.02	27.31	7.33	25.05	29.84	27.53	59.45	1.28	24.55	23.58
6/25/2020 9:56:58 AM	5.31	2.00	7.56	0.44	0.00	0.00	0.00	0.66	15.32	99.44	2.86	16.74	2815	2002	3403	13	0	0	0	0	8234	150.92	26.41	7.09	23.62	29.53	26.02	57.91	1.28	24.54	23.58
6/25/2020 9:57:01 AM	6.06	1.62	6.39	1.13	0.00	0.00	0.00	0.55	15.21	99.03	2.88	16.74	3212	1624	2877	34	0	0	0	0	7747	150.30	25.62	7.39	22.97	28.45	26.36	57.23	1.28	24.53	23.58
6/25/2020 9:57:03 AM	5.70	2.40	8.23	0.10	0.00	0.00	0.00	0.63	16.43	99.16	2.91	16.68	3021	2401	3704	3	0	0	0	0	9129	150.50	27.40	7.44	25.65	30.61	27.31	60.48	1.28	24.50	23.62
6/25/2020 9:57:05 AM	5.83	2.14	8.37	0.46	0.00	0.00	0.00	0.60	16.79	99.32	2.93	16.51	3089	2135	3765	14	0	0	0	0	9003	150.73	28.60	8.11	25.64	31.18	27.62	62.75	1.29	24.49	23.61
6/25/2020 9:57:08 AM	5.60	1.94	7.83	0.74	0.00	0.00	0.00	0.64	16.11	99.71	2.95	16.32	2969	1943	3522	22	0	0	0	0	8457	151.32	28.06	7.46	24.49	30.73	27.55	61.18	1.29	24.47	23.60
6/25/2020 9:57:10 AM	5.69	2.01	7.54	0.77	0.00	0.00	0.00	0.63	16.01	99.81	2.98	16.23	3015	2007	3394	23	0	0	0	0	8439	151.48	27.55	7.40	24.61	30.31	27.72	60.24	1.29	24.46	23.58
6/25/2020 9:57:13 AM	5.55	2.42	8.16	0.00	0.00	0.00	0.00	0.63	16.14	99.72	3.00	16.23	2943	2421	3673	0	0	0	0	0	9036	151.33	26.88	7.04	25.26	30.18	26.88	59.31	1.29	24.45	23.60
6/25/2020 9:57:15 AM	5.15	1.98	7.08	0.95	0.00	0.00	0.00	0.69	15.17	99.29	3.02	16.31	2732	1983	3184	29	0	0	0	0	7928	150.68	26.80	7.66	24.15	29.64	27.25	57.72	1.30	24.42	23.61
6/25/2020 9:57:17 AM	5.45	2.24	7.53	0.30	0.00	0.00	0.00	0.60	15.51	99.67	3.04	16.38	2886	2242	3387	9	0	0	0	0	8524	151.26	25.94	7.85	24.71	29.00	26.05	57.16	1.30	24.42	23.58
6/25/2020 9:57:20 AM	5.47	1.86	6.33	1.17	0.00	0.00	0.00	0.67	14.83	99.82	3.06	16.38	2901	1859	2849	35	0	0	0	0	7643	151.49	25.73	7.76	23.68	28.95	26.92	56.26	1.30	24.39	23.61
6/25/2020 9:57:22 AM	5.20	1.90	6.91	0.90	0.00	0.00	0.00	0.56	14.91	100.00	3.08	16.31	2754	1899	3111	27	0	0	0	0	7791	152.24	25.86	7.62	23.55	27.97	26.34	55.87	1.30	24.38	23.60
6/25/2020 9:57:24 AM	4.72	1.47	6.18	2.10	0.00	0.00	0.00	0.63	14.47	100.00	3.11	16.26	2500	1471	2781	63	0	0	0	0	6815	152.41	27.43	8.38	23.25	28.53	28.22	56.80	1.30	24.37	23.57
6/25/2020 9:57:27 AM	4.12	2.50	8.39	0.49	0.00	0.00	0.00	0.62	15.50	100.00	3.14	16.19	2184	2496	3777	15	0	0	0	0	8472	152.26	28.11	8.16	25.91	29.31	27.92	57.79	1.31	24.34	23.56
6/25/2020 9:57:29 AM	4.93	2.20	7.34	1.20	0.00	0.00	0.00	0.60	15.66	100.00	3.16	16.09	2611	2199	3302	36	0	0	0	0	8149	152.42	27.95	9.09	26.05	29.45	28.68	58.58	1.31	24.33	23.58
6/25/2020 9:57:32 AM	5.20	1.97	7.03	1.50	0.00	0.00	0.00	0.65	15.71	100.00	3.18	16.07	2757	1975	3164	45	0	0	0	0	7941	152.60	28.30	8.96	25.58	30.23	29.00	59.79	1.31	24.30	23.58
6/25/2020 9:57:34 AM	5.79	2.00	6.47	2.07	0.00	0.00	0.00	0.72	16.33	100.00	3.20	16.15	3067	2000	2911	62	0	0	0	0	8040	152.00	29.32	9.53	26.94	31.87	31.38	62.31	1.31	24.30	23.58
6/25/2020 9:57:36 AM	5.86	2.19	6.61	1.99	0.00	0.00	0.00	0.73	16.64	100.00	3.23	16.20	3104	2189	2972	60	0	0	0	0	8326	151.94	29.60	9.68	27.81	32.29	32.05	62.90	1.32	24.26	23.56
6/25/2020 9:57:39 AM	5.49	2.35	6.88	2.00	0.00	0.00	0.00	0.83	16.71	99.73	3.25	16.15	2908	2346	3094	60	0	0	0	0	8408	151.36	30.45	10.07	28.60	33.35	32.73	63.79	1.32	24.25	23.55
6/25/2020 9:57:41 AM	5.98	2.12	6.47	1.91	0.00	0.00	0.00	0.72	16.49	100.00	3.29	15.68	3172	2120	2913	57	0	0	0	0	8261	151.82	29.03	9.25	27.20	31.88	31.53	62.23	1.32	24.24	23.57
6/25/2020 9:57:43 AM	6.78	2.06	5.55	2.51	0.00	0.00	0.00	0.82	16.90	99.87	3.33	14.99	3591	2065	2496	75	0	0	0	0	8228	151.56	29.36	10.21	28.29	33.50	33.14	64.14	1.33	24.22	23.58
6/25/2020 9:57:46 AM	6.62	2.57	5.66	2.67	0.00	0.00	0.00	1.22	17.52	99.63	3.36	14.71	3508	2569	2548	80	0	0	0	0	8705	151.19	31.50	11.13	31.13	38.23	36.11	68.22	1.33	24.19	23.52
6/25/2020 9:57:48 AM	6.47	2.67	6.63	2.49	0.00	0.00	0.00	1.22	18.26	100.00	3.38	14.67	3430	2667	2982	75	0	0	0	0	9154	152.34	33.30	10.71	31.75	39.49	37.13	71.29	1.33	24.16	23.53
6/25/2020 9:57:51 AM	7.07	2.71	6.94	2.52	0.00	0.00	0.00	1.25	19.25	100.00	3.41	14.93	3745	2711	3125	76	0	0	0	0	9657	152.58	34.63	11.12	32.89	41.28	38.26	75.01	1.33	24.15	23.55
6/25/2020 9:57:53 AM	8.02	2.99	7.42	2.36	0.00	0.00	0.00	1.20	20.79	100.00	3.43	15.16	4250	2991	3341	71	0	0	0	0	10653	151.82	35.94	11.22	34.92	42.86	40.25	79.15	1.34	24.13	23.55
6/25/2020 9:57:55 AM	7.64	3.46	8.23	1.78	0.00	0.00	0.00	1.31	21.11	100.00	3.46	15.26	4048	3462	3703	53	0	0	0	0	11266	152.41	36.46	11.65	36.42	44.12	40.29	79.93	1.34	24.11	23.53
6/25/2020 9:57:58 AM	8.70	3.90	8.59	1.41	0.00	0.00	0.00	1.28	22.60	100.00	3.48	15.29	4611	3905	3865	42	0	0	0	0	12424	152.79	37.05	12.09	38.88	45.65	41.80	83.21	1.34	24.07	23.51
6/25/2020 9:58:00 AM	8.31	4.01	9.08	1.49	0.00	0.00	0.00	1.37	22.91	100.00	3.50	15.27	4406	4015	4087	45	0	0	0	0	12553	152.53	38.63	12.38	39.74	47.17	42.95	85.33	1.34	24.07	23.50
6/25/2020 9:58:03 AM	8.20	3.93	9.20	1.55	0.00	0.00	0.00	1.37	22.88	100.00	3.51	15.27	4346	3928	4140	46	0	0	0	0	12461	152.02	38.93	12.26	39.44	47.15	42.91	85.63	1.34	24.04	23.53
6/25/2020 9:58:05 AM	8.56	3.53	8.40	2.17	0.00	0.00	0.00	1.40	22.65	100.00	3.54	15.29	4536	3525	3782	65	0	0	0	0	11908	151.85	38.93	12.55	38.62	47.45	43.07	86.14	1.35	24.03	23.46
6/25/2020 9:58:07 AM	9.15	3.39	8.16	2.33	0.00	0.00	0.00	1.44	23.03	100.00	3.57	15.30	4847	3391	3674	70	0	0	0	0	11982	152.38	39.23	12.22	38.49	48.45	43.65	87.95	1.35	24.00	23.51
6/25/2020 9:58:10 AM	9.16	3.78	9.13	2.03	0.00	0.00	0.00	1.43	24.09	99.92	3.58	15.29	4854	3778	4109	61	0	0	0	0	12801	151.65	40.88	12.87	40.62	49.76	44.97	90.96	1.35	23.98	23.52
6/25/2020 9:58:12 AM	9.34	3.87	9.28	2.20	0.00	0.00	0.00	1.65	24.69	99.83	3.61	15.31	4953	3873	4174	66	0	0	0	0	13065	151.51	42.54	13.09	41.75	52.89	46.68	94.74	1.35	23.96	23.50
6/25/2020 9:58:14 AM	10.38	3.95	8.92	2.30	0.00	0.00	0.00	1.72	25.56	100.00	3.63	15.32	5504	3947	4016	69	0	0	0	0	13536	151.99	42.88	13.53	42.96	54.74	47.83	97.59	1.36	23.93	23.48
6/25/2020 9:58:17 AM	10.70	5.22	10.92	0.87	0.00	0.00	0.00	1.75	27.71	99.81	3.67	15.27	5673	5215	4913	26	0	0	0	0	15828	151.47	44.46	13.97	47.75	57.46	49.76	101.83	1.36	23.91	23.45
6/25/2020 9:58:19 AM	10.43	4.97	10.40	1.24	0.00	0.00	0.00	1.78	27.04	100.00	3.69	14.87	5529	4972	4678	37	0	0	0	0	15216	152.43	44.07	13.81	46.69	56.86	49.51	100.36	1.36	23.89	23.46
6/25/2020 9:58:22 AM	10.80	5.21	10.49	0.61	0.00	0.00	0.00	1.65	27.11	100.00	3.72	14.66	5725	5214	4720	18	0	0	0	0	15677	152.53	42.35	14.12	47.01	55.36	47.83	98.27	1.36	23.87	23.47
6/25/2020 9:58:24 AM	11.36	4.06	7.54	1.56	0.00	0.00	0.00	1.73	24.52	100.00	3.75	14.74	6021	4058	3395	47	0	0	0	0	13521	152.90	37.93	12.43	41.27	52.71	44.52	91.54	1.37	23.83	23.46
6/25/2020 9:58:26 AM	12.24	4.39	5.71	0.48	0.00	0.00	0.00	1.93	22.82	100.00	3.79	14.73	6485	4395	2569	14	0	0	0	0	13463	153.24	31.42	11.13	39.44	51.19	40.25	83.19	1.37	23.82	23.42
6/25/2020 9:58:29 AM	11.10	4.07	4.32	0.60	0.00	0.00	0.00	1.96	20.09	100.00	3.82	14.59	5884	4067	1943	18	0	0	0	0	11912	153.11	27.61	10.07	35.86	47.42	37.00	74.07	1.37	23.80	23.42
6/25/2020 9:58:31 AM	10.85	4.27	4.27	0.30	0.00	0.00	0.00	2.00	19.69	100.00	3.85	14.54	5750	4271	1920	9	0	0	0	0	11950	153.57	26.67	10.02	35.92	47.06	36.31	72.14	1.38	23.77	23.46
6/25/2020 9:58:33 AM	10.59	4.22	4.56	0.00	0.00	0.00	0.00	1.91	19.36	100.00	3.88	14.48	5612	4216	2050	0	0	0	0	0	11878	153.17	25.98	9.35	34.94	45.64	35.00	70.46	1.38	23.75	23.43
6/25/2020 9:58:36 AM	10.67	3.97	3.93	0.40	0.00	0.00	0.00	1.97	18.97	100.00	3.91	14.43	5657	3968	1767	12	0	0	0	0	11403	153.34	25.74	9.23	34.09	45.83	35.13	70.13	1.38	23.73	23.42
6/25/2020 9:58:38 AM	10.83	4.09	3.89	0.00	0.00	0.00	0.00	1.87	18.81	100.00	3.94	14.35	5740	4087	1752	0	0	0	0	0	11579	153.24	24.39	8.71	34.00	44.43	33.84	68.02	1.39	23.71	23.43
6/25/2020 9:58:41 AM	11.42	3.76	3.33	0.00	0.00	0.00	0.00	1.86	18.52	100.00	3.97	14.29	6053	3762	1500	0	0	0	0	0	11315	153.24	23.06	8.37	32.32	43.87	32.49	67.20	1.39	23.67	23.42
6/25/2020 9:58:43 AM	10.90	3.73	3.26	0.00	0.00	0.00	0.00	1.89	17.89	100.00	3.99	14.32	5777	3729	1467	0	0	0	0	0	10973	152.58	22.66	8.11	31.77	43.36	31.77	65.48	1.39	23.65	23.42
6/25/2020 9:58:45 AM	10.58	3.35	2.90	0.00	0.00	0.00	0.00	1.88	16.83	100.00	4.02	14.33	5609	3349	1305	0	0	0	0	0	10263	152.84	21.25	7.42	29.23	41.81	29.73	62.60	1.39	23.62	23.39
6/25/2020 9:58:48 AM	10.42	3.34	2.72	0.08	0.00	0.00	0.00	1.96	16.56	100.00	4.06	14.12	5525	3339	1222	2	0	0	0	0	10088	152.68	21.13	7.73	29.12	42.23	29.62	62.27	1.40	23.59	23.39
6/25/2020 9:58:50 AM	10.63	3.37	2.93	0.22	0.00	0.00	0.00	1.89	17.14	99.83	4.09	13.71	5634	3370	1317	6	0	0	0	0	10328	151.51	22.07	7.61	29.76	42.45	30.92	63.94	1.40	23.58	23.37
6/25/2020 9:58:53 AM	10.40	3.32	2.91	0.38	0.00	0.00	0.00	1.89	17.01	99.41	4.11	13.72	5511	3323	1308	12	0	0	0	0	10154	150.87	22.35	8.22	29.91	42.34	30.90	63.83	1.40	23.56	23.37
6/25/2020 9:58:55 AM	10.74	3.25	2.67	0.25	0.00	0.00	0.00	1.88	16.90	99.26	4.13	13.72	5691	3245	1200	7	0	0	0	0	10144	150.64	21.45	7.88	29.27	41.98	30.07	63.13	1.40	23.52	23.39
6/25/2020 9:58:57 AM	10.51	3.34	3.08	0.04	0.00	0.00	0.00	1.88	16.97	99.35	4.16	13.69	5569	3339	1386	1	0	0	0	0	10296	150.77	21.74	7.89	29.47	42.10	29.87	63.36	1.41	23.51	23.34
6/25/2020 9:59:00 AM	10.97	3.44	2.53	0.00	0.00	0.00	0.00	1.90	16.94	99.27	4.20	13.79	5816	3443	1137	0	0	0	0	0	10395	150.66	20.72	7.81	30.04	42.03	29.54	62.41	1.41	23.47	23.32
6/25/2020 9:59:02 AM	10.86	3.27	2.45	0.00	0.00	0.00	0.00	1.90	16.57	99.00	4.24	13.84	5756	3266	1102	0	0	0	0	0	10124	150.25	20.33	7.27	28.81	41.59	28.95	61.65	1.42	23.43	23.31
6/25/2020 9:59:04 AM	10.93	3.07	2.14	0.15	0.00	0.00	0.00	1.92	16.29	99.18	4.26	13.85	5791	3066	965	5	0	0	0	0	9826	150.51	19.97	7.27	27.84	41.47	28.61	61.27	1.42	23.42	23.35
6/25/2020 9:59:07 AM	10.62	3.14	2.40	0.00	0.00	0.00	0.00	1.98	16.17	98.70	4.29	13.59	5630	3145	1080	0	0	0	0	0	9855	149.79	20.21	7.00	28.00	41.97	28.32	61.33	1.42	23.40	23.30
6/25/2020 9:59:09 AM	10.99	3.06	2.09	0.20	0.00	0.00	0.00	1.95	16.35	98.69	4.32	13.29	5824	3064	941	6	0	0	0	0	9835	149.77	20.14	7.33	27.97	41.94	28.84	61.77	1.42	23.37	23.32
6/25/2020 9:59:12 AM	10.39	3.21	2.51	0.04	0.00	0.00	0.00	1.95	16.14	98.65	4.35	13.33	5506	3211	1128	1	0	0	0	0	9845	149.71	20.39	7.26	28.13	41.62	28.79	61.00	1.43	23.35	23.29
6/25/2020 9:59:14 AM	11.41	3.04	1.98	0.34	0.00	0.00	0.00	1.92	16.76	98.79	4.38	13.33	6046	3040	890	10	0	0	0	0	9986	149.93	20.43	7.69	28.47	42.25	29.36	62.95	1.43	23.32	23.27
6/25/2020 9:59:16 AM	11.20	2.99	1.78	0.30	0.00	0.00	0.00	2.01	16.26	98.80	4.40	13.39	5935	2987	799	9	0	0	0	0	9730	149.94	19.92	7.07	27.64	42.38	28.91	61.91	1.43	23.28	23.30
6/25/2020 9:59:19 AM	11.09	3.19	2.09	0.00	0.00	0.00	0.00	1.97	16.38	98.53	4.42	13.40	5878	3190	943	0	0	0	0	0	10011	149.53	19.74	7.18	28.37	42.00	28.44	61.39	1.43	23.25	23.25
6/25/2020 9:59:21 AM	11.08	3.01	2.10	0.10	0.00	0.00	0.00	1.99	16.28	98.46	4.45	13.42	5870	3013	943	3	0	0	0	0	9829	149.43	19.94	6.85	27.46	42.18	28.48	61.85	1.44	23.22	23.29
6/25/2020 9:59:23 AM	11.01	3.08	2.30	0.00	0.00	0.00	0.00	2.05	16.39	98.36	4.47	13.41	5837	3082	1034	0	0	0	0	0	9953	149.27	20.30	6.94	27.75	42.98	28.57	62.66	1.44	23.20	23.24
6/25/2020 9:59:26 AM	11.49	2.99	1.82	0.15	0.00	0.00	0.00	2.08	16.46	98.33	4.50	13.37	6090	2992	821	5	0	0	0	0	9908	149.22	19.91	7.16	27.72	43.33	28.56	62.95	1.44	23.17	23.24
6/25/2020 9:59:28 AM	11.56	2.89	1.59	0.34	0.00	0.00	0.00	2.10	16.38	98.45	4.52	13.25	6128	2886	716	10	0	0	0	0	9741	149.42	19.97	7.20	27.51	43.50	28.72	63.14	1.44	23.14	23.25
6/25/2020 9:59:31 AM	11.61	3.13	1.92	0.00	0.00	0.00	0.00	2.12	16.67	98.61	4.55	13.13	6156	3135	862	0	0	0	0	0	10153	149.65	19.94	7.30	28.29	43.93	28.71	63.47	1.45	23.12	23.22
6/25/2020 9:59:33 AM	11.62	3.06	1.88	0.05	0.00	0.00	0.00	2.10	16.61	98.60	4.57	13.02	6159	3065	844	1	0	0	0	0	10070	149.63	19.92	7.18	28.00	43.76	28.63	63.40	1.45	23.09	23.26
6/25/2020 9:59:35 AM	11.64	3.16	2.00	0.00	0.00	0.00	0.00	2.10	16.80	98.73	4.61	12.81	6171	3155	899	0	0	0	0	0	10226	149.84	20.16	7.19	28.70	43.93	28.69	63.77	1.45	23.06	23.20
6/25/2020 9:59:38 AM	11.21	3.01	1.93	0.00	0.00	0.00	0.00	2.10	16.15	99.02	4.64	12.56	5943	3006	870	0	0	0	0	0	9820	150.27	19.61	6.84	27.28	43.08	27.99	62.05	1.45	23.03	23.20
6/25/2020 9:59:40 AM	11.02	3.00	1.61	0.00	0.00	0.00	0.00	2.11	15.63	98.85	4.68	12.44	5839	2997	726	0	0	0	0	0	9561	150.01	18.74	6.84	27.04	42.32	27.10	60.06	1.46	23.00	23.17
6/25/2020 9:59:43 AM	11.00	2.79	1.32	0.17	0.00	0.00	0.00	2.13	15.28	99.15	4.72	12.30	5830	2787	596	5	0	0	0	0	9218	150.47	18.44	6.58	25.89	42.16	26.92	59.58	1.46	22.97	23.15
6/25/2020 9:59:45 AM	10.47	2.95	1.54	0.00	0.00	0.00	0.00	2.14	14.96	99.53	4.74	12.21	5550	2954	692	0	0	0	0	0	9196	151.04	18.31	6.55	26.32	41.74	26.44	58.24	1.46	22.94	23.17
6/25/2020 9:59:47 AM	10.09	2.89	1.69	0.01	0.00	0.00	0.00	2.10	14.68	99.39	4.78	12.10	5347	2887	759	0	0	0	0	0	8995	150.84	18.29	6.55	25.61	41.00	26.29	57.39	1.47	22.91	23.14
6/25/2020 9:59:50 AM	10.14	2.90	1.68	0.00	0.00	0.00	0.00	2.16	14.71	99.49	4.81	12.00	5373	2896	756	0	0	0	0	0	9024	151.00	18.43	6.53	25.74	41.65	26.28	57.92	1.47	22.88	23.14
6/25/2020 9:59:52 AM	10.07	2.68	1.56	0.18	0.00	0.00	0.00	2.11	14.49	99.93	4.86	11.84	5335	2681	700	5	0	0	0	0	8721	151.66	18.36	6.47	24.90	41.00	25.97	57.49	1.48	22.85	23.12
6/25/2020 9:59:54 AM	9.40	2.77	1.70	0.33	0.00	0.00	0.00	2.13	14.21	100.00	4.91	11.64	4983	2773	767	10	0	0	0	0	8533	151.80	18.89	6.81	25.28	40.84	26.49	56.85	1.48	22.81	23.12
6/25/2020 9:59:57 AM	9.32	2.61	1.71	0.51	0.00	0.00	0.00	2.02	14.15	100.00	4.94	11.51	4937	2612	769	15	0	0	0	0	8333	152.30	19.01	6.92	24.89	39.78	26.39	56.46	1.48	22.77	23.11
6/25/2020 9:59:59 AM	9.52	2.54	1.48	0.43	0.00	0.00	0.00	2.08	13.97	100.00	4.97	11.57	5045	2536	665	13	0	0	0	0	8258	151.95	18.44	6.49	24.25	40.09	25.83	56.19	1.49	22.74	23.07
6/25/2020 10:00:02 AM	9.22	2.75	1.60	0.34	0.00	0.00	0.00	2.14	13.90	100.00	5.01	11.73	4885	2746	719	10	0	0	0	0	8360	152.37	18.56	6.83	24.97	40.46	26.11	55.88	1.49	22.72	23.07
6/25/2020 10:00:04 AM	9.07	2.58	1.48	0.57	0.00	0.00	0.00	2.08	13.71	100.00	5.05	11.71	4809	2582	668	17	0	0	0	0	8076	152.34	18.66	6.60	24.39	39.71	26.24	55.39	1.50	22.68	23.06
6/25/2020 10:00:06 AM	9.16	2.56	1.43	0.59	0.00	0.00	0.00	2.04	13.74	100.00	5.09	11.54	4852	2561	645	18	0	0	0	0	8077	152.27	18.53	6.67	24.37	39.36	26.17	55.20	1.50	22.65	23.04
6/25/2020 10:00:09 AM	9.13	2.46	1.51	0.72	0.00	0.00	0.00	2.00	13.81	100.00	5.12	11.48	4837	2461	677	22	0	0	0	0	7997	152.42	18.89	6.85	24.27	39.24	26.22	55.67	1.50	22.62	23.05
6/25/2020 10:00:11 AM	8.82	2.50	1.45	0.93	0.00	0.00	0.00	2.01	13.70	100.00	5.17	11.51	4673	2501	653	28	0	0	0	0	7856	152.75	19.31	7.10	24.64	39.17	26.94	55.44	1.51	22.60	23.01
6/25/2020 10:00:13 AM	8.60	2.43	1.32	0.94	0.00	0.00	0.00	2.01	13.30	100.00	5.20	11.49	4560	2431	594	28	0	0	0	0	7613	152.40	18.84	7.01	24.05	38.61	26.33	54.20	1.51	22.56	23.01
6/25/2020 10:00:16 AM	8.66	2.37	1.23	1.22	0.00	0.00	0.00	2.07	13.49	100.00	5.23	11.49	4590	2373	556	37	0	0	0	0	7556	153.07	19.66	7.33	24.44	39.64	27.19	55.72	1.51	22.54	22.97
6/25/2020 10:00:18 AM	8.29	2.50	1.56	1.05	0.00	0.00	0.00	2.01	13.39	100.00	5.26	11.60	4394	2495	700	32	0	0	0	0	7621	152.81	19.62	7.32	24.59	38.84	27.00	54.76	1.52	22.49	22.96
6/25/2020 10:00:21 AM	7.81	2.87	2.12	0.71	0.00	0.00	0.00	1.94	13.50	100.00	5.29	11.69	4140	2866	954	21	0	0	0	0	7981	152.79	19.70	7.40	25.61	38.05	27.31	53.72	1.52	22.47	22.96
6/25/2020 10:00:23 AM	7.75	2.26	1.27	1.55	0.00	0.00	0.00	2.00	12.83	100.00	5.32	11.65	4107	2256	571	47	0	0	0	0	6981	153.69	19.97	7.25	23.80	38.11	27.39	53.75	1.52	22.44	22.96
6/25/2020 10:00:25 AM	7.56	2.49	1.60	1.45	0.00	0.00	0.00	2.00	13.10	100.00	5.36	11.49	4008	2487	721	43	0	0	0	0	7260	153.55	20.50	7.71	24.88	38.44	27.99	54.25	1.52	22.41	22.95
6/25/2020 10:00:28 AM	7.25	2.38	1.80	1.83	0.00	0.00	0.00	1.96	13.25	100.00	5.39	11.51	3840	2381	808	55	0	0	0	0	7085	154.04	21.79	8.12	25.18	38.54	28.99	55.44	1.53	22.37	22.90
6/25/2020 10:00:30 AM	7.04	2.17	1.54	2.57	0.00	0.00	0.00	1.94	13.32	100.00	5.41	11.62	3731	2167	695	77	0	0	0	0	6670	153.78	23.14	8.88	25.53	38.66	30.52	56.63	1.53	22.34	22.89
6/25/2020 10:00:32 AM	7.77	2.42	1.73	3.21	0.00	0.00	0.00	1.95	15.13	100.00	5.45	11.71	4121	2416	778	96	0	0	0	0	7411	154.33	26.25	10.70	29.16	41.47	34.65	62.82	1.53	22.30	22.91
6/25/2020 10:00:35 AM	7.61	2.44	2.10	3.10	0.00	0.00	0.00	1.91	15.25	100.00	5.48	11.64	4032	2437	945	93	0	0	0	0	7508	154.10	26.62	10.32	29.06	41.27	34.75	63.11	1.54	22.27	22.89
6/25/2020 10:00:37 AM	6.89	2.56	2.56	2.85	0.00	0.00	0.00	1.86	14.85	100.00	5.51	11.55	3652	2557	1151	85	0	0	0	0	7445	154.52	26.46	10.07	28.81	40.18	34.15	61.35	1.54	22.24	22.87
6/25/2020 10:00:40 AM	8.19	2.63	2.33	4.96	0.00	0.00	0.00	1.89	18.12	100.00	5.58	11.23	4343	2633	1049	149	0	0	0	0	8174	154.72	33.47	13.42	35.05	45.73	43.58	74.11	1.55	22.21	22.84
6/25/2020 10:00:42 AM	8.00	2.60	2.09	5.23	0.00	0.00	0.00	1.78	17.92	100.00	5.79	10.60	4241	2597	940	157	0	0	0	0	7936	155.69	33.31	13.87	35.17	44.40	43.86	72.76	1.57	22.18	22.82
6/25/2020 10:00:44 AM	7.72	2.77	2.29	5.21	0.00	0.00	0.00	1.80	17.99	100.00	5.94	10.32	4093	2766	1029	156	0	0	0	0	8044	155.76	33.73	14.14	35.89	44.65	44.41	72.86	1.58	22.14	22.81
6/25/2020 10:00:47 AM	7.89	2.64	2.20	5.76	0.00	0.00	0.00	1.84	18.48	100.00	6.04	10.27	4183	2637	989	173	0	0	0	0	7980	156.00	35.32	14.59	36.57	45.95	46.20	75.64	1.59	22.10	22.84
6/25/2020 10:00:49 AM	10.82	3.42	3.11	9.16	0.00	0.00	0.00	1.92	26.51	100.00	6.14	10.15	5733	3419	1400	275	0	0	0	0	10826	154.71	50.77	21.77	51.77	59.14	66.01	104.99	1.60	22.08	22.77
6/25/2020 10:00:52 AM	12.99	3.95	3.89	10.93	0.00	0.00	0.00	1.84	31.76	100.00	6.26	10.02	6885	3946	1753	328	0	0	0	0	12912	153.06	59.66	26.06	61.10	66.24	77.44	122.71	1.61	22.06	22.76
6/25/2020 10:00:54 AM	11.03	3.49	3.57	10.00	0.00	0.00	0.00	1.76	28.09	100.00	6.32	10.02	5844	3490	1606	300	0	0	0	0	11241	153.90	54.27	23.25	54.63	60.13	70.16	110.13	1.62	22.01	22.75
6/25/2020 10:00:56 AM	9.69	3.00	3.11	9.51	0.00	0.00	0.00	1.82	25.31	100.00	6.40	10.21	5134	2996	1402	285	0	0	0	0	9817	154.32	50.61	21.56	49.65	56.80	64.66	101.98	1.63	21.98	22.75
6/25/2020 10:00:59 AM	11.24	3.46	3.08	9.05	0.00	0.00	0.00	1.85	26.83	100.00	6.44	10.38	5956	3461	1384	272	0	0	0	0	11072	153.72	50.41	21.98	52.10	58.79	65.83	105.15	1.63	21.94	22.72
6/25/2020 10:01:01 AM	12.76	3.22	2.94	11.03	0.00	0.00	0.00	1.87	29.96	100.00	6.51	10.44	6765	3221	1325	331	0	0	0	0	11642	153.56	57.09	24.48	56.70	64.20	73.95	118.24	1.64	21.90	22.72
6/25/2020 10:01:03 AM	13.50	4.67	4.32	10.99	0.00	0.00	0.00	2.06	33.48	100.00	6.59	10.18	7153	4668	1946	330	0	0	0	0	14097	152.93	62.30	27.82	65.72	70.60	81.37	128.50	1.65	21.87	22.71
6/25/2020 10:01:06 AM	13.03	3.98	3.59	9.06	0.00	0.00	0.00	2.08	29.66	100.00	6.67	9.80	6903	3984	1615	272	0	0	0	0	12774	153.29	53.76	23.21	56.67	65.02	70.19	115.23	1.65	21.83	22.67
6/25/2020 10:01:08 AM	10.90	3.38	3.30	6.06	0.00	0.00	0.00	1.99	23.64	100.00	6.74	9.74	5775	3383	1485	182	0	0	0	0	10826	153.75	41.70	16.88	44.42	54.79	54.27	92.96	1.66	21.79	22.67
6/25/2020 10:01:11 AM	9.44	3.14	2.92	5.72	0.00	0.00	0.00	1.98	21.23	100.00	6.81	9.85	5002	3143	1316	172	0	0	0	0	9632	154.13	38.62	16.28	41.13	51.19	49.99	84.97	1.67	21.76	22.65
6/25/2020 10:01:13 AM	9.30	2.92	2.49	4.54	0.00	0.00	0.00	2.04	19.24	100.00	6.89	9.93	4928	2923	1118	136	0	0	0	0	9105	153.85	33.78	13.59	36.60	48.57	44.21	77.77	1.68	21.72	22.62
6/25/2020 10:01:15 AM	8.00	2.99	2.05	3.20	0.00	0.00	0.00	2.09	16.24	100.00	6.96	10.09	4240	2993	921	96	0	0	0	0	8249	154.35	27.93	11.84	32.46	44.20	37.43	66.21	1.68	21.70	22.60
6/25/2020 10:01:18 AM	7.20	2.75	2.37	2.01	0.00	0.00	0.00	1.98	14.33	100.00	7.04	10.33	3818	2746	1066	60	0	0	0	0	7690	154.47	24.00	9.64	28.07	40.19	31.45	58.85	1.69	21.67	22.60
6/25/2020 10:01:20 AM	5.08	1.49	1.24	2.17	0.00	0.00	0.00	1.78	9.97	100.00	7.12	10.44	2690	1487	559	65	0	0	0	0	4801	154.56	19.06	6.67	19.31	32.49	24.30	45.73	1.70	21.63	22.57
6/25/2020 10:01:22 AM	6.41	2.34	1.74	1.76	0.00	0.00	0.00	1.84	12.26	100.00	7.19	10.42	3398	2345	783	53	0	0	0	0	6578	154.77	20.58	8.08	24.15	35.83	27.56	51.20	1.70	21.59	22.54
6/25/2020 10:01:25 AM	2.56	1.21	0.48	0.55	0.00	0.00	0.00	1.59	4.80	100.00	7.35	10.02	1356	1214	215	17	0	0	0	0	2802	155.49	9.93	3.53	11.40	22.63	13.59	25.57	1.72	21.56	22.55
6/25/2020 10:01:27 AM	1.76	0.97	0.09	0.37	0.00	0.00	0.00	1.48	3.19	100.00	7.55	9.53	932	969	39	11	0	0	0	0	1951	155.88	7.47	2.83	8.80	19.22	10.62	19.54	1.74	21.51	22.49
6/25/2020 10:01:30 AM	1.56	0.91	0.09	0.25	0.00	0.00	0.00	1.44	2.81	100.00	7.71	9.47	824	912	39	8	0	0	0	0	1783	155.89	6.80	2.40	8.01	18.19	9.79	17.96	1.76	21.49	22.46
6/25/2020 10:01:32 AM	1.16	0.79	0.00	0.36	0.00	0.00	0.00	1.42	2.31	100.00	7.84	9.55	614	790	0	11	0	0	0	0	1415	155.83	6.49	2.30	7.19	17.39	9.36	16.58	1.77	21.45	22.49
6/25/2020 10:01:34 AM	1.08	0.76	0.00	0.30	0.00	0.00	0.00	1.38	2.15	100.00	7.95	9.53	573	764	0	9	0	0	0	0	1346	156.53	6.13	2.21	6.85	16.81	8.96	15.80	1.78	21.43	22.46
6/25/2020 10:01:37 AM	1.07	0.73	0.00	0.14	0.00	0.00	0.00	1.33	1.95	100.00	8.07	9.50	570	733	0	4	0	0	0	0	1307	156.69	5.47	1.93	6.34	15.89	8.08	14.58	1.79	21.37	22.45
6/25/2020 10:01:39 AM	0.61	0.68	0.00	0.15	0.00	0.00	0.00	1.33	1.45	100.00	8.17	9.51	325	683	0	5	0	0	0	0	1013	156.33	5.18	1.83	5.73	15.28	7.58	13.19	1.80	21.35	22.45
6/25/2020 10:01:42 AM	0.65	0.66	0.00	0.14	0.00	0.00	0.00	1.31	1.45	100.00	8.24	9.51	346	658	0	4	0	0	0	0	1008	156.72	5.12	1.72	5.61	15.05	7.48	13.07	1.81	21.31	22.43
6/25/2020 10:01:44 AM	0.44	0.63	0.00	0.13	0.00	0.00	0.00	1.31	1.21	100.00	8.31	9.64	235	635	0	4	0	0	0	0	873	156.81	4.89	1.64	5.23	14.77	7.21	12.37	1.81	21.27	22.39
6/25/2020 10:01:46 AM	0.50	0.66	0.00	0.09	0.00	0.00	0.00	1.29	1.25	100.00	8.37	9.73	263	662	0	3	0	0	0	0	928	156.66	4.76	1.71	5.32	14.63	7.20	12.26	1.82	21.24	22.34
6/25/2020 10:01:49 AM	0.47	0.65	0.00	0.13	0.00	0.00	0.00	1.28	1.24	100.00	8.43	9.76	247	645	0	4	0	0	0	0	896	156.25	4.79	1.76	5.28	14.53	7.27	12.23	1.83	21.21	22.35
6/25/2020 10:01:51 AM	0.57	0.69	0.00	0.14	0.00	0.00	0.00	1.30	1.39	100.00	8.51	9.75	301	690	0	4	0	0	0	0	995	156.88	5.02	1.87	5.69	14.85	7.45	12.71	1.83	21.17	22.35
6/25/2020 10:01:53 AM	0.45	0.67	0.00	0.12	0.00	0.00	0.00	1.31	1.25	100.00	8.60	9.71	240	673	0	4	0	0	0	0	916	156.03	4.91	1.78	5.47	14.74	7.27	12.35	1.84	21.14	22.33
6/25/2020 10:01:56 AM	0.39	0.65	0.00	0.12	0.00	0.00	0.00	1.29	1.16	100.00	8.70	9.54	206	649	0	4	0	0	0	0	859	156.28	4.77	1.64	5.20	14.51	7.21	12.02	1.85	21.09	22.29
6/25/2020 10:01:58 AM	0.33	0.66	0.00	0.04	0.00	0.00	0.00	1.28	1.03	100.00	8.75	9.32	174	660	0	1	0	0	0	0	836	154.06	4.43	1.57	5.00	14.16	6.88	11.37	1.86	21.08	22.29
6/25/2020 10:02:01 AM	0.39	0.68	0.00	0.04	0.00	0.00	0.00	1.27	1.10	100.00	8.78	9.37	205	679	0	1	0	0	0	0	884	153.79	4.51	1.58	5.19	14.14	6.90	11.47	1.86	21.04	22.23
6/25/2020 10:02:03 AM	0.23	0.64	0.00	0.05	0.00	0.00	0.00	1.26	0.92	100.00	8.85	9.57	122	636	0	2	0	0	0	0	759	152.28	4.35	1.48	4.81	13.81	6.76	10.94	1.87	21.00	22.23
6/25/2020 10:02:05 AM	0.25	0.63	0.00	0.01	0.00	0.00	0.00	1.26	0.90	98.76	8.92	9.61	135	629	0	0	0	0	0	0	764	149.88	4.22	1.45	4.70	13.76	6.59	10.83	1.87	20.96	22.23
6/25/2020 10:02:08 AM	0.22	0.60	0.00	0.00	0.00	0.00	0.00	1.24	0.83	97.74	8.96	9.56	118	604	0	0	0	0	0	0	722	148.33	3.98	1.38	4.56	13.55	6.39	10.55	1.88	20.93	22.20
6/25/2020 10:02:10 AM	0.21	0.58	0.00	0.00	0.00	0.00	0.00	1.23	0.80	97.43	9.02	9.63	113	584	0	0	0	0	0	0	697	147.87	3.97	1.38	4.48	13.39	6.26	10.42	1.88	20.89	22.18
6/25/2020 10:02:12 AM	0.22	0.63	0.00	0.00	0.00	0.00	0.00	1.25	0.85	97.14	9.08	9.50	115	628	0	0	0	0	0	0	744	147.43	4.07	1.42	4.76	13.56	6.37	10.55	1.89	20.85	22.14
6/25/2020 10:02:15 AM	0.14	0.60	0.00	0.00	0.00	0.00	0.00	1.25	0.75	96.43	9.13	9.35	77	603	0	0	0	0	0	0	679	146.35	3.99	1.41	4.47	13.43	6.32	10.30	1.89	20.83	22.14
6/25/2020 10:02:17 AM	0.24	0.62	0.00	0.00	0.00	0.00	0.00	1.23	0.87	96.19	9.17	9.49	128	624	0	0	0	0	0	0	752	145.99	3.93	1.37	4.85	13.43	6.30	10.49	1.90	20.79	22.13
6/25/2020 10:02:20 AM	0.15	0.59	0.00	0.00	0.00	0.00	0.00	1.24	0.75	95.92	9.24	9.64	82	593	0	0	0	0	0	0	675	145.57	4.01	1.31	4.52	13.42	6.22	10.32	1.91	20.76	22.10
6/25/2020 10:02:22 AM	0.15	0.57	0.00	0.00	0.00	0.00	0.00	1.23	0.72	95.35	9.30	9.61	77	575	0	0	0	0	0	0	652	144.71	3.90	1.34	4.42	13.30	6.13	10.20	1.91	20.73	22.06
6/25/2020 10:02:24 AM	0.09	0.57	0.00	0.00	0.00	0.00	0.00	1.25	0.66	95.43	9.38	9.69	48	569	0	0	0	0	0	0	618	144.82	3.87	1.34	4.30	13.40	6.13	10.17	1.92	20.69	22.08
6/25/2020 10:02:27 AM	0.21	0.57	0.00	0.00	0.00	0.00	0.00	1.24	0.78	95.22	9.47	9.67	110	568	0	0	0	0	0	0	679	144.51	3.91	1.25	4.50	13.50	6.13	10.49	1.93	20.65	22.03
6/25/2020 10:02:29 AM	0.17	0.62	0.00	0.00	0.00	0.00	0.00	1.25	0.79	94.87	9.55	9.49	91	618	0	0	0	0	0	0	709	143.98	3.91	1.34	4.71	13.55	6.29	10.44	1.94	20.61	22.00
6/25/2020 10:02:32 AM	0.15	0.60	0.00	0.00	0.00	0.00	0.00	1.25	0.75	94.75	9.60	9.35	82	598	0	0	0	0	0	0	679	143.80	3.88	1.26	4.57	13.47	6.24	10.34	1.94	20.59	22.00
6/25/2020 10:02:34 AM	0.30	0.56	0.00	0.00	0.00	0.00	0.00	1.23	0.86	94.82	9.64	9.51	159	563	0	0	0	0	0	0	723	143.90	3.97	1.33	4.42	13.47	6.29	10.67	1.95	20.56	21.98
6/25/2020 10:02:36 AM	0.10	0.60	0.00	0.00	0.00	0.00	0.00	1.26	0.70	94.65	9.73	9.47	54	599	0	0	0	0	0	0	653	143.64	3.84	1.32	4.47	13.51	6.26	10.26	1.95	20.51	21.94
6/25/2020 10:02:39 AM	0.17	0.58	0.00	0.00	0.00	0.00	0.00	1.24	0.75	94.61	9.78	9.28	89	581	0	0	0	0	0	0	670	143.58	3.84	1.26	4.44	13.38	6.24	10.31	1.96	20.49	21.93
6/25/2020 10:02:41 AM	0.19	0.59	0.00	0.00	0.00	0.00	0.00	1.24	0.78	94.40	9.86	9.32	100	593	0	0	0	0	0	0	693	143.27	3.90	1.26	4.58	13.44	6.23	10.39	1.97	20.45	21.90
6/25/2020 10:02:43 AM	0.18	0.57	0.00	0.00	0.00	0.00	0.00	1.25	0.75	94.52	9.91	9.33	95	570	0	0	0	0	0	0	664	143.45	3.81	1.27	4.50	13.56	6.12	10.46	1.97	20.42	21.89
6/25/2020 10:02:46 AM	0.10	0.58	0.00	0.00	0.00	0.00	0.00	1.25	0.68	94.37	10.01	9.43	55	581	0	0	0	0	0	0	636	143.22	3.81	1.23	4.51	13.39	6.06	10.17	1.98	20.38	21.88
6/25/2020 10:02:48 AM	0.22	0.58	0.00	0.00	0.00	0.00	0.00	1.24	0.80	94.29	10.10	9.29	118	576	0	0	0	0	0	0	695	143.10	3.94	1.20	4.52	13.44	6.20	10.48	1.99	20.35	21.84
6/25/2020 10:02:51 AM	0.23	0.59	0.00	0.00	0.00	0.00	0.00	1.24	0.82	94.20	10.18	9.04	120	590	0	0	0	0	0	0	710	142.96	3.90	1.25	4.58	13.56	6.29	10.56	2.00	20.31	21.83
