Date/Time	Green Algae	Bluegreen	Diatoms	Cryptophyta	#5	#6	#7	Yellow substances	Total conc.	Transmission	Depth	Temp. Sample	Green Algae	Bluegreen	Diatoms	Cryptophyta	#5	#6	#7	Yellow substances	Total cell count	Trans. 700 nm	LED 3 [525 nm]	LED 4 [570 nm]	LED 5 [610 nm]	LED 6 [370 nm]	LED 7 [590 nm]	LED 8 [470 nm]	Pressure	Temp. LEDs	Temp. Sensor
date	µg/l	µg/l	µg/l	µg/l	µg/l	µg/l	µg/l	r.u.	µg/l	%	m	°C	cells/ml	cells/ml	cells/ml	cells/ml	cells/ml	cells/ml	cells/ml	r.u.	cells/ml	digits	digits	digits	digits	digits	digits	digits	bar	°C	°C
8/20/2020 9:31:33 AM	5.94	2.12	3.29	0.00	0.00	0.00	0.00	0.28	11.36	100.00	0.18	24.90	3149	2123	1481	0	0	0	0	0	6753	177.75	14.33	4.30	19.75	18.47	19.87	36.10	1.02	22.13	21.08
8/20/2020 9:31:35 AM	5.59	2.03	3.41	0.00	0.00	0.00	0.00	0.23	11.03	100.00	0.25	24.98	2965	2029	1532	0	0	0	0	0	6526	177.62	14.27	3.53	19.07	17.63	19.45	35.09	1.02	22.17	21.12
8/20/2020 9:31:37 AM	5.64	2.03	3.37	0.00	0.00	0.00	0.00	0.25	11.04	100.00	0.32	24.97	2991	2029	1517	0	0	0	0	0	6537	178.12	14.22	3.57	18.69	17.83	19.88	35.25	1.03	22.20	21.08
8/20/2020 9:31:40 AM	5.44	2.06	3.38	0.00	0.00	0.00	0.00	0.21	10.89	100.00	0.39	24.96	2886	2063	1522	0	0	0	0	0	6470	177.98	14.10	3.56	19.09	17.23	19.40	34.39	1.04	22.25	21.12
8/20/2020 9:31:42 AM	5.70	2.05	3.11	0.00	0.00	0.00	0.00	0.27	10.86	100.00	0.46	25.01	3022	2049	1398	0	0	0	0	0	6469	177.52	13.63	4.26	18.76	17.67	19.40	34.43	1.05	22.30	21.13
8/20/2020 9:31:44 AM	5.39	2.02	3.33	0.00	0.00	0.00	0.00	0.21	10.73	100.00	0.54	24.96	2855	2015	1498	0	0	0	0	0	6368	177.84	13.88	3.40	18.51	17.01	19.38	33.95	1.05	22.35	21.13
8/20/2020 9:31:47 AM	5.16	2.10	3.59	0.00	0.00	0.00	0.00	0.28	10.85	100.00	0.61	24.89	2735	2096	1615	0	0	0	0	0	6446	178.14	14.60	3.96	19.26	17.90	19.49	34.93	1.06	22.36	21.15
8/20/2020 9:31:49 AM	5.81	2.01	3.40	0.00	0.00	0.00	0.00	0.19	11.21	100.00	0.70	24.87	3078	2006	1530	0	0	0	0	0	6614	177.01	14.24	3.63	19.10	17.49	19.50	35.42	1.07	22.42	21.17
8/20/2020 9:31:52 AM	5.35	2.11	3.41	0.00	0.00	0.00	0.00	0.25	10.86	100.00	0.79	24.82	2834	2106	1535	0	0	0	0	0	6475	177.53	14.16	4.24	19.09	17.54	19.61	34.50	1.08	22.45	21.18
8/20/2020 9:31:54 AM	5.69	2.02	3.35	0.00	0.00	0.00	0.00	0.20	11.06	100.00	0.83	24.87	3014	2016	1508	0	0	0	0	0	6539	177.68	13.97	4.32	18.55	17.32	19.75	34.90	1.08	22.50	21.18
8/20/2020 9:31:56 AM	5.76	2.04	3.33	0.00	0.00	0.00	0.00	0.21	11.12	100.00	0.87	24.94	3050	2039	1498	0	0	0	0	0	6588	178.05	14.06	3.95	18.93	17.49	19.70	35.09	1.08	22.54	21.23
8/20/2020 9:31:59 AM	5.69	2.04	3.31	0.00	0.00	0.00	0.00	0.22	11.04	100.00	0.93	24.86	3018	2037	1490	0	0	0	0	0	6546	177.74	14.05	3.63	18.85	17.54	19.70	34.95	1.09	22.59	21.30
8/20/2020 9:32:01 AM	5.18	2.00	3.78	0.00	0.00	0.00	0.00	0.19	10.96	100.00	0.98	24.79	2744	2002	1703	0	0	0	0	0	6449	177.76	14.81	3.69	19.04	17.30	19.27	35.13	1.10	22.61	21.32
8/20/2020 9:32:03 AM	4.93	2.08	4.04	0.00	0.00	0.00	0.00	0.21	11.05	100.00	1.02	24.79	2610	2082	1819	0	0	0	0	0	6512	177.94	15.37	3.88	19.34	17.60	19.81	35.60	1.10	22.65	21.25
8/20/2020 9:32:06 AM	5.61	2.09	3.53	0.00	0.00	0.00	0.00	0.23	11.22	100.00	1.07	24.84	2971	2088	1588	0	0	0	0	0	6647	177.72	14.57	4.14	19.44	17.92	19.79	35.71	1.11	22.72	21.29
8/20/2020 9:32:08 AM	5.92	2.06	3.39	0.00	0.00	0.00	0.00	0.29	11.37	100.00	1.10	24.81	3137	2056	1526	0	0	0	0	0	6719	177.50	14.52	4.26	19.31	18.67	19.93	36.54	1.11	22.75	21.33
8/20/2020 9:32:11 AM	5.49	2.19	3.56	0.00	0.00	0.00	0.00	0.25	11.24	100.00	1.13	24.80	2911	2187	1603	0	0	0	0	0	6702	177.98	14.71	4.19	19.78	18.07	20.23	35.66	1.11	22.79	21.35
8/20/2020 9:32:13 AM	5.52	2.01	3.59	0.00	0.00	0.00	0.00	0.26	11.12	100.00	1.17	24.79	2925	2006	1617	0	0	0	0	0	6549	177.65	14.64	4.23	18.88	18.09	19.64	35.88	1.11	22.85	21.39
8/20/2020 9:32:15 AM	5.59	2.03	3.37	0.00	0.00	0.00	0.00	0.22	10.99	100.00	1.21	24.77	2962	2029	1516	0	0	0	0	0	6508	177.93	14.09	4.03	18.83	17.49	19.52	34.87	1.12	22.89	21.38
8/20/2020 9:32:18 AM	5.08	2.28	3.33	0.00	0.00	0.00	0.00	0.25	10.70	100.00	1.26	24.78	2695	2282	1499	0	0	0	0	0	6476	178.09	14.02	4.07	19.81	17.21	19.85	33.40	1.12	22.92	21.39
8/20/2020 9:32:20 AM	5.66	2.12	3.22	0.00	0.00	0.00	0.00	0.26	11.00	100.00	1.32	24.74	3000	2120	1451	0	0	0	0	0	6571	177.62	13.96	4.39	19.60	17.78	19.31	34.76	1.13	22.97	21.40
8/20/2020 9:32:22 AM	5.56	2.23	3.24	0.00	0.00	0.00	0.00	0.30	11.02	100.00	1.36	24.80	2945	2225	1457	0	0	0	0	0	6627	177.82	14.14	4.33	19.93	18.21	19.85	34.90	1.13	23.00	21.45
8/20/2020 9:32:25 AM	5.03	2.17	3.46	0.00	0.00	0.00	0.00	0.31	10.66	100.00	1.44	24.88	2667	2167	1559	0	0	0	0	0	6392	177.97	14.35	3.99	19.21	17.88	19.72	34.26	1.14	23.05	21.44
8/20/2020 9:32:27 AM	5.40	2.15	3.43	0.00	0.00	0.00	0.00	0.24	10.99	100.00	1.48	24.88	2864	2151	1544	0	0	0	0	0	6559	177.53	14.26	4.43	19.40	17.65	19.80	34.76	1.15	23.09	21.44
8/20/2020 9:32:30 AM	5.38	2.12	3.40	0.00	0.00	0.00	0.00	0.28	10.90	100.00	1.52	24.88	2849	2118	1531	0	0	0	0	0	6499	177.77	14.27	4.11	19.21	17.90	19.69	34.82	1.15	23.12	21.47
8/20/2020 9:32:32 AM	5.27	2.12	3.11	0.00	0.00	0.00	0.00	0.32	10.50	100.00	1.57	24.88	2795	2123	1398	0	0	0	0	0	6315	177.63	13.56	4.30	18.70	17.65	19.44	33.50	1.15	23.16	21.50
8/20/2020 9:32:34 AM	5.57	2.28	3.02	0.00	0.00	0.00	0.00	0.31	10.87	100.00	1.60	24.90	2954	2281	1357	0	0	0	0	0	6591	177.69	13.70	4.30	20.15	17.97	19.66	34.04	1.16	23.21	21.59
8/20/2020 9:32:37 AM	5.56	2.17	3.29	0.00	0.00	0.00	0.00	0.25	11.02	100.00	1.62	24.86	2946	2172	1480	0	0	0	0	0	6598	177.73	14.04	4.43	19.50	17.66	19.85	34.65	1.16	23.25	21.58
8/20/2020 9:32:39 AM	5.29	2.20	3.10	0.00	0.00	0.00	0.00	0.31	10.59	100.00	1.68	24.82	2806	2195	1396	0	0	0	0	0	6397	177.50	13.63	4.19	19.22	17.64	19.59	33.50	1.16	23.29	21.55
8/20/2020 9:32:42 AM	4.91	2.10	3.25	0.00	0.00	0.00	0.00	0.37	10.26	100.00	1.74	24.84	2600	2102	1463	0	0	0	0	0	6166	177.80	13.82	4.36	18.59	17.89	19.10	33.37	1.17	23.32	21.59
8/20/2020 9:32:44 AM	5.08	2.15	3.42	0.00	0.00	0.00	0.00	0.37	10.64	100.00	1.80	24.88	2692	2146	1538	0	0	0	0	0	6376	177.92	14.35	4.35	19.05	18.40	19.68	34.63	1.18	23.37	21.59
8/20/2020 9:32:46 AM	5.37	2.21	3.11	0.00	0.00	0.00	0.00	0.33	10.69	100.00	1.82	24.89	2846	2212	1399	0	0	0	0	0	6457	177.72	13.75	4.32	19.28	18.00	19.83	33.96	1.18	23.40	21.63
8/20/2020 9:32:49 AM	5.79	2.33	3.59	0.00	0.00	0.00	0.00	0.31	11.71	100.00	1.85	24.86	3071	2330	1615	0	0	0	0	0	7017	177.64	15.19	4.81	20.88	19.26	20.92	37.27	1.18	23.45	21.65
8/20/2020 9:32:51 AM	5.29	2.36	4.06	0.00	0.00	0.00	0.00	0.34	11.71	100.00	1.89	24.84	2802	2355	1829	0	0	0	0	0	6987	177.91	16.15	4.83	20.94	19.73	21.29	38.03	1.19	23.48	21.64
8/20/2020 9:32:53 AM	5.96	2.27	3.05	0.00	0.00	0.00	0.00	0.35	11.29	100.00	1.93	24.84	3160	2274	1373	0	0	0	0	0	6807	177.61	14.07	4.43	20.10	18.96	20.45	35.76	1.19	23.52	21.69
8/20/2020 9:32:56 AM	5.74	2.29	3.23	0.00	0.00	0.00	0.00	0.36	11.27	100.00	2.00	24.84	3044	2292	1454	0	0	0	0	0	6790	177.93	14.45	4.25	20.26	19.12	20.50	35.97	1.20	23.56	21.71
8/20/2020 9:32:58 AM	5.54	2.31	3.18	0.00	0.00	0.00	0.00	0.41	11.03	100.00	2.04	24.85	2935	2311	1430	0	0	0	0	0	6677	177.75	14.34	4.25	20.04	19.25	20.49	35.48	1.20	23.60	21.70
8/20/2020 9:33:01 AM	5.21	2.33	3.36	0.00	0.00	0.00	0.00	0.39	10.90	100.00	2.08	24.81	2763	2334	1510	0	0	0	0	0	6608	177.79	14.49	4.80	20.12	18.90	20.33	35.06	1.20	23.64	21.73
8/20/2020 9:33:03 AM	5.50	2.29	3.26	0.00	0.00	0.00	0.00	0.36	11.06	100.00	2.10	24.80	2916	2291	1468	0	0	0	0	0	6675	177.91	14.36	4.35	20.03	18.78	20.36	35.30	1.21	23.67	21.75
8/20/2020 9:33:05 AM	5.67	2.50	3.30	0.00	0.00	0.00	0.00	0.36	11.48	100.00	2.12	24.80	3006	2504	1486	0	0	0	0	0	6997	177.84	14.72	4.77	21.40	19.23	21.16	36.07	1.21	23.71	21.81
8/20/2020 9:33:08 AM	5.58	2.38	3.41	0.00	0.00	0.00	0.00	0.36	11.37	100.00	2.15	24.80	2956	2382	1534	0	0	0	0	0	6872	177.67	14.79	4.71	20.61	19.18	20.97	36.19	1.21	23.75	21.79
8/20/2020 9:33:10 AM	5.84	2.30	3.11	0.00	0.00	0.00	0.00	0.35	11.25	100.00	2.19	24.78	3095	2299	1399	0	0	0	0	0	6793	177.84	14.23	4.01	20.57	18.89	20.16	35.61	1.21	23.79	21.80
8/20/2020 9:33:12 AM	5.56	2.25	3.40	0.00	0.00	0.00	0.00	0.33	11.20	100.00	2.22	24.80	2948	2248	1528	0	0	0	0	0	6723	177.62	14.59	4.53	20.03	18.78	20.30	35.83	1.22	23.83	21.84
8/20/2020 9:33:15 AM	5.91	2.35	3.12	0.00	0.00	0.00	0.00	0.35	11.39	100.00	2.25	24.83	3135	2348	1405	0	0	0	0	0	6888	177.80	14.29	4.51	20.56	19.11	20.70	35.98	1.22	23.86	21.89
8/20/2020 9:33:17 AM	5.68	2.13	3.23	0.00	0.00	0.00	0.00	0.31	11.04	100.00	2.28	24.77	3009	2132	1455	0	0	0	0	0	6596	178.44	14.09	4.16	19.11	18.31	20.10	35.25	1.22	23.90	21.94
8/20/2020 9:33:20 AM	5.45	2.31	3.17	0.00	0.00	0.00	0.00	0.39	10.93	100.00	2.31	24.72	2887	2312	1427	0	0	0	0	0	6627	177.89	14.20	4.34	20.00	18.89	20.33	34.98	1.23	23.94	21.90
8/20/2020 9:33:22 AM	5.98	2.33	3.30	0.00	0.00	0.00	0.00	0.38	11.60	100.00	2.33	24.71	3170	2325	1484	0	0	0	0	0	6979	177.62	14.78	4.74	20.64	19.77	20.90	37.17	1.23	23.98	22.00
8/20/2020 9:33:24 AM	6.00	2.25	3.47	0.00	0.00	0.00	0.00	0.33	11.72	100.00	2.35	24.72	3182	2252	1559	0	0	0	0	0	6993	177.71	15.02	4.31	20.34	19.47	20.98	37.52	1.23	24.01	21.93
8/20/2020 9:33:27 AM	5.61	2.29	3.40	0.00	0.00	0.00	0.00	0.34	11.31	100.00	2.38	24.70	2974	2295	1530	0	0	0	0	0	6799	178.04	14.73	4.33	20.42	18.99	20.46	36.11	1.23	24.05	21.98
8/20/2020 9:33:29 AM	5.98	2.32	3.05	0.00	0.00	0.00	0.00	0.35	11.34	100.00	2.41	24.69	3168	2319	1371	0	0	0	0	0	6858	177.88	14.15	4.37	20.61	19.05	20.34	35.83	1.24	24.09	21.98
8/20/2020 9:33:32 AM	6.00	2.45	3.06	0.00	0.00	0.00	0.00	0.42	11.50	100.00	2.44	24.73	3178	2449	1376	0	0	0	0	0	7004	177.94	14.47	4.63	21.31	19.92	20.90	36.55	1.24	24.12	21.95
8/20/2020 9:33:34 AM	5.78	2.35	3.32	0.00	0.00	0.00	0.00	0.35	11.45	100.00	2.46	24.66	3062	2350	1494	0	0	0	0	0	6906	177.75	14.69	4.54	20.65	19.27	20.82	36.42	1.24	24.16	22.03
8/20/2020 9:33:36 AM	5.91	2.43	3.42	0.00	0.00	0.00	0.00	0.34	11.77	100.00	2.49	24.48	3131	2434	1540	0	0	0	0	0	7106	177.47	15.07	4.79	21.43	19.60	21.16	37.24	1.24	24.18	22.03
8/20/2020 9:33:39 AM	6.54	2.55	3.69	0.00	0.00	0.00	0.00	0.41	12.78	100.00	2.54	24.30	3467	2550	1661	0	0	0	0	0	7678	177.53	16.38	4.76	22.73	21.70	22.64	41.00	1.25	24.22	22.03
8/20/2020 9:33:41 AM	6.70	2.55	3.83	0.00	0.00	0.00	0.00	0.44	13.08	100.00	2.61	24.02	3549	2550	1726	0	0	0	0	0	7824	177.48	16.90	4.97	23.09	22.52	22.86	42.41	1.26	24.25	22.09
8/20/2020 9:33:43 AM	6.50	2.64	3.77	0.00	0.00	0.00	0.00	0.45	12.91	100.00	2.66	23.76	3444	2642	1695	0	0	0	0	0	7781	177.26	16.70	5.07	23.32	22.22	22.94	41.53	1.26	24.28	22.08
8/20/2020 9:33:46 AM	6.09	2.53	3.49	0.00	0.00	0.00	0.00	0.43	12.11	100.00	2.71	23.74	3228	2532	1570	0	0	0	0	0	7330	177.41	15.65	4.86	22.09	20.96	21.92	38.86	1.27	24.32	22.14
8/20/2020 9:33:48 AM	6.47	2.58	3.45	0.00	0.00	0.00	0.00	0.47	12.49	100.00	2.74	23.73	3427	2576	1550	0	0	0	0	0	7553	177.09	15.90	4.96	22.55	21.82	22.43	40.18	1.27	24.35	22.14
8/20/2020 9:33:51 AM	6.17	2.44	3.25	0.00	0.00	0.00	0.00	0.44	11.85	100.00	2.76	23.66	3268	2440	1462	0	0	0	0	0	7170	177.16	15.03	4.82	21.30	20.65	21.53	38.07	1.27	24.37	22.15
8/20/2020 9:33:53 AM	6.12	2.35	3.15	0.00	0.00	0.00	0.00	0.46	11.62	100.00	2.79	23.60	3244	2353	1416	0	0	0	0	0	7014	176.65	14.75	4.68	20.77	20.56	21.04	37.62	1.27	24.40	22.19
8/20/2020 9:33:55 AM	6.36	2.49	3.35	0.00	0.00	0.00	0.00	0.43	12.20	100.00	2.81	23.52	3371	2487	1509	0	0	0	0	0	7367	177.16	15.46	4.71	21.90	21.08	21.91	39.13	1.28	24.45	22.19
8/20/2020 9:33:58 AM	6.19	2.44	3.40	0.00	0.00	0.00	0.00	0.43	12.03	100.00	2.83	23.47	3282	2437	1530	0	0	0	0	0	7249	177.23	15.37	4.94	21.32	20.85	21.83	38.75	1.28	24.48	22.20
8/20/2020 9:34:00 AM	6.40	2.46	3.48	0.00	0.00	0.00	0.00	0.44	12.33	100.00	2.87	23.49	3390	2455	1567	0	0	0	0	0	7412	177.44	15.77	4.69	21.80	21.39	22.09	39.84	1.28	24.50	22.25
8/20/2020 9:34:02 AM	6.02	2.48	3.49	0.00	0.00	0.00	0.00	0.49	12.00	100.00	2.89	23.49	3191	2481	1572	0	0	0	0	0	7245	177.23	15.70	4.92	21.56	21.43	21.97	39.12	1.28	24.53	22.29
8/20/2020 9:34:05 AM	6.30	2.49	3.09	0.00	0.00	0.00	0.00	0.44	11.87	100.00	2.93	23.53	3339	2486	1389	0	0	0	0	0	7214	176.93	14.79	4.50	21.58	20.54	21.57	37.75	1.29	24.56	22.31
8/20/2020 9:34:07 AM	6.27	2.44	3.26	0.00	0.00	0.00	0.00	0.44	11.97	100.00	2.98	23.49	3324	2437	1469	0	0	0	0	0	7230	176.97	15.13	4.93	21.47	20.83	21.53	38.48	1.29	24.59	22.33
8/20/2020 9:34:10 AM	6.54	2.48	3.37	0.00	0.00	0.00	0.00	0.41	12.38	100.00	3.00	23.40	3466	2475	1515	0	0	0	0	0	7456	176.94	15.53	4.98	22.27	21.15	21.69	39.59	1.29	24.62	22.31
8/20/2020 9:34:12 AM	5.94	2.36	3.27	0.00	0.00	0.00	0.00	0.44	11.57	100.00	3.02	23.42	3147	2362	1470	0	0	0	0	0	6979	177.00	14.90	4.70	20.95	20.30	20.85	37.39	1.30	24.64	22.36
8/20/2020 9:34:14 AM	6.13	2.29	3.22	0.00	0.00	0.00	0.00	0.41	11.63	100.00	3.03	23.46	3247	2287	1448	0	0	0	0	0	6981	176.63	14.71	4.55	20.26	20.09	21.10	37.49	1.30	24.67	22.35
8/20/2020 9:34:17 AM	5.53	2.22	3.15	0.00	0.00	0.00	0.00	0.42	10.90	100.00	3.05	23.45	2933	2217	1416	0	0	0	0	0	6567	176.58	14.17	4.61	19.54	19.25	20.04	35.40	1.30	24.69	22.40
8/20/2020 9:34:19 AM	4.73	2.10	2.79	0.00	0.00	0.00	0.00	0.44	9.62	100.00	3.07	23.46	2509	2096	1256	0	0	0	0	0	5861	175.82	12.75	4.05	17.51	17.55	18.99	31.34	1.30	24.72	22.40
8/20/2020 9:34:22 AM	4.29	2.02	2.23	0.00	0.00	0.00	0.00	0.46	8.54	100.00	3.10	23.48	2275	2017	1001	0	0	0	0	0	5294	175.29	11.15	3.92	16.76	16.11	17.08	27.56	1.30	24.74	22.41
8/20/2020 9:34:24 AM	4.65	2.12	2.01	0.00	0.00	0.00	0.00	0.44	8.78	100.00	3.13	23.42	2462	2119	905	0	0	0	0	0	5486	174.48	10.89	3.78	17.18	16.13	17.70	27.64	1.31	24.77	22.40
8/20/2020 9:34:26 AM	4.42	2.05	2.28	0.00	0.00	0.00	0.00	0.42	8.76	100.00	3.16	23.41	2345	2054	1026	0	0	0	0	0	5425	173.90	11.30	3.72	16.87	16.02	17.64	27.93	1.31	24.80	22.50
8/20/2020 9:34:29 AM	4.17	2.07	2.11	0.00	0.00	0.00	0.00	0.43	8.34	100.00	3.20	23.42	2207	2073	947	0	0	0	0	0	5228	173.52	10.74	3.94	16.66	15.48	17.16	26.42	1.31	24.82	22.49
8/20/2020 9:34:31 AM	4.02	2.18	2.06	0.00	0.00	0.00	0.00	0.50	8.25	100.00	3.24	23.37	2128	2175	927	0	0	0	0	0	5230	173.45	10.82	3.91	17.15	15.93	17.30	26.29	1.32	24.85	22.48
8/20/2020 9:34:33 AM	4.26	2.42	2.31	0.00	0.00	0.00	0.00	0.48	8.99	100.00	3.27	23.37	2259	2424	1038	0	0	0	0	0	5721	173.34	11.66	4.52	18.45	16.69	19.05	28.10	1.32	24.87	22.52
8/20/2020 9:34:36 AM	5.21	2.52	2.41	0.27	0.00	0.00	0.00	0.42	10.40	100.00	3.31	23.38	2759	2523	1083	8	0	0	0	0	6373	173.13	13.22	5.36	20.30	18.18	21.46	32.35	1.32	24.90	22.52
8/20/2020 9:34:38 AM	5.04	2.64	2.63	0.47	0.00	0.00	0.00	0.49	10.77	100.00	3.34	23.38	2671	2637	1182	14	0	0	0	0	6504	173.07	14.53	5.94	21.44	19.43	22.81	34.22	1.33	24.93	22.56
8/20/2020 9:34:41 AM	4.88	2.59	2.87	0.54	0.00	0.00	0.00	0.51	10.89	100.00	3.39	23.42	2587	2592	1293	16	0	0	0	0	6489	173.44	15.30	5.96	21.47	20.00	23.13	35.32	1.33	24.95	22.56
8/20/2020 9:34:43 AM	4.83	2.74	3.06	0.38	0.00	0.00	0.00	0.47	11.01	100.00	3.40	23.44	2559	2740	1377	11	0	0	0	0	6687	173.32	15.20	5.92	21.88	19.57	23.25	34.92	1.33	24.97	22.60
8/20/2020 9:34:45 AM	6.22	3.36	3.96	0.27	0.00	0.00	0.00	0.48	13.81	100.00	3.43	23.44	3299	3359	1783	8	0	0	0	0	8449	173.45	18.36	7.14	26.57	23.53	27.45	43.21	1.34	24.99	22.64
8/20/2020 9:34:48 AM	7.18	3.30	3.69	0.81	0.00	0.00	0.00	0.43	14.98	100.00	3.44	23.43	3805	3302	1660	24	0	0	0	0	8791	173.36	19.82	7.80	28.06	24.85	29.89	47.06	1.34	25.00	22.62
8/20/2020 9:34:50 AM	6.77	2.91	3.05	0.80	0.00	0.00	0.00	0.48	13.53	100.00	3.46	23.43	3588	2907	1373	24	0	0	0	0	7891	173.34	17.83	7.17	25.33	23.38	27.13	43.17	1.34	25.03	22.61
8/20/2020 9:34:52 AM	5.98	2.65	2.92	0.74	0.00	0.00	0.00	0.43	12.29	100.00	3.48	23.28	3171	2650	1313	22	0	0	0	0	7156	173.88	16.50	6.44	23.12	21.17	25.08	39.27	1.34	25.04	22.67
8/20/2020 9:34:55 AM	5.73	2.50	2.67	0.84	0.00	0.00	0.00	0.47	11.73	100.00	3.50	23.05	3036	2502	1200	25	0	0	0	0	6764	174.12	16.04	6.28	22.23	20.80	24.40	38.01	1.34	25.07	22.69
8/20/2020 9:34:57 AM	5.59	3.06	3.20	0.41	0.00	0.00	0.00	0.46	12.26	100.00	3.51	22.87	2962	3056	1438	12	0	0	0	0	7469	173.58	16.32	6.55	24.20	21.12	25.43	38.17	1.34	25.09	22.70
8/20/2020 9:35:00 AM	5.49	2.66	3.06	0.55	0.00	0.00	0.00	0.46	11.76	100.00	3.53	22.74	2912	2665	1376	16	0	0	0	0	6969	174.48	16.07	5.92	22.39	20.73	24.30	37.75	1.35	25.11	22.74
8/20/2020 9:35:02 AM	7.15	3.45	3.51	0.93	0.00	0.00	0.00	0.51	15.04	100.00	3.57	22.22	3788	3454	1581	28	0	0	0	0	8851	174.37	20.07	8.11	28.87	25.63	30.78	47.38	1.35	25.13	22.72
8/20/2020 9:35:04 AM	8.65	4.65	4.28	1.28	0.00	0.00	0.00	0.62	18.87	100.00	3.58	21.57	4587	4652	1927	38	0	0	0	0	11204	175.29	25.17	10.43	37.22	31.73	39.32	58.43	1.35	25.15	22.76
8/20/2020 9:35:07 AM	7.94	4.09	3.68	1.57	0.00	0.00	0.00	0.61	17.28	100.00	3.62	21.22	4206	4087	1657	47	0	0	0	0	9998	175.15	23.72	10.08	34.20	29.62	36.74	54.46	1.35	25.17	22.79
8/20/2020 9:35:09 AM	8.13	4.44	3.75	1.47	0.00	0.00	0.00	0.64	17.78	100.00	3.65	20.79	4307	4437	1686	44	0	0	0	0	10474	175.63	24.08	10.09	35.69	30.46	38.24	55.34	1.36	25.17	22.77
8/20/2020 9:35:11 AM	7.86	4.70	3.94	1.82	0.00	0.00	0.00	0.60	18.33	100.00	3.67	20.63	4168	4697	1774	55	0	0	0	0	10694	175.74	25.58	11.01	37.70	30.79	40.59	56.64	1.36	25.20	22.80
8/20/2020 9:35:14 AM	8.09	4.68	3.94	1.66	0.00	0.00	0.00	0.54	18.37	100.00	3.70	20.70	4286	4683	1775	50	0	0	0	0	10793	175.35	25.04	10.70	37.38	30.19	40.08	56.16	1.36	25.20	22.81
8/20/2020 9:35:16 AM	7.99	5.17	4.13	1.60	0.00	0.00	0.00	0.56	18.89	100.00	3.73	20.43	4236	5166	1860	48	0	0	0	0	11311	175.87	25.69	11.14	39.54	30.84	42.02	56.74	1.37	25.22	22.81
8/20/2020 9:35:19 AM	7.74	5.86	4.41	1.67	0.00	0.00	0.00	0.56	19.68	100.00	3.78	20.20	4101	5858	1987	50	0	0	0	0	11996	176.45	26.97	12.41	43.05	31.61	45.02	57.69	1.37	25.23	22.86
8/20/2020 9:35:21 AM	7.81	5.88	4.57	1.54	0.00	0.00	0.00	0.51	19.80	100.00	3.81	20.10	4138	5883	2057	46	0	0	0	0	12124	175.82	26.88	12.18	43.00	31.26	44.89	57.65	1.37	25.24	22.86
8/20/2020 9:35:23 AM	8.40	5.50	3.41	2.11	0.00	0.00	0.00	0.59	19.42	100.00	3.86	20.25	4452	5501	1534	63	0	0	0	0	11551	176.06	26.19	11.74	41.79	31.68	45.14	57.50	1.38	25.26	22.87
8/20/2020 9:35:26 AM	7.97	5.96	3.53	1.79	0.00	0.00	0.00	0.54	19.24	100.00	3.91	20.35	4222	5961	1587	54	0	0	0	0	11824	176.12	25.41	11.97	42.95	30.50	45.36	54.93	1.38	25.26	22.90
8/20/2020 9:35:28 AM	7.49	7.25	4.67	1.03	0.00	0.00	0.00	0.55	20.43	100.00	3.95	19.81	3968	7248	2100	31	0	0	0	0	13347	176.03	26.52	12.73	47.79	31.50	48.47	55.55	1.39	25.28	22.94
8/20/2020 9:35:31 AM	7.13	6.76	3.76	1.98	0.00	0.00	0.00	0.57	19.64	100.00	3.99	19.74	3780	6755	1694	60	0	0	0	0	12289	175.70	26.85	12.70	46.42	31.00	49.19	54.69	1.39	25.29	22.96
8/20/2020 9:35:33 AM	7.56	7.25	4.42	1.59	0.00	0.00	0.00	0.60	20.82	100.00	4.00	19.87	4005	7248	1991	48	0	0	0	0	13291	175.59	27.93	12.94	48.75	32.72	50.82	57.63	1.39	25.28	22.96
8/20/2020 9:35:35 AM	7.19	7.76	4.81	0.94	0.00	0.00	0.00	0.54	20.70	100.00	4.03	19.87	3810	7759	2165	28	0	0	0	0	13762	174.78	26.84	13.05	49.77	31.54	50.22	55.02	1.40	25.31	22.97
8/20/2020 9:35:38 AM	7.05	7.28	4.22	1.17	0.00	0.00	0.00	0.46	19.72	100.00	4.05	19.60	3737	7277	1900	35	0	0	0	0	12950	175.46	25.49	12.13	47.19	29.52	48.56	52.16	1.40	25.32	22.94
8/20/2020 9:35:40 AM	6.91	8.11	5.08	0.55	0.00	0.00	0.00	0.50	20.66	100.00	4.07	19.33	3665	8114	2287	16	0	0	0	0	14082	175.82	26.28	12.90	50.47	30.78	50.18	53.40	1.40	25.32	22.99
8/20/2020 9:35:42 AM	7.36	7.99	4.36	1.31	0.00	0.00	0.00	0.59	21.02	100.00	4.09	19.42	3902	7988	1961	39	0	0	0	0	13891	176.57	27.34	13.23	51.20	32.30	52.53	55.64	1.40	25.32	22.99
8/20/2020 9:35:45 AM	7.19	7.96	4.39	1.32	0.00	0.00	0.00	0.54	20.88	100.00	4.12	19.05	3813	7964	1978	40	0	0	0	0	13794	176.10	27.19	13.53	51.13	31.58	52.16	54.88	1.40	25.34	23.01
8/20/2020 9:35:47 AM	7.53	8.10	4.30	1.11	0.00	0.00	0.00	0.66	21.03	100.00	4.16	18.55	3989	8098	1936	33	0	0	0	0	14056	176.64	26.90	13.65	51.57	32.86	51.99	55.61	1.41	25.35	23.07
8/20/2020 9:35:50 AM	7.95	7.56	3.67	2.15	0.00	0.00	0.00	0.62	21.33	100.00	4.20	18.57	4212	7557	1652	65	0	0	0	0	13486	176.45	28.43	13.73	51.02	33.41	53.88	58.30	1.41	25.34	23.05
8/20/2020 9:35:52 AM	7.93	8.82	5.08	0.75	0.00	0.00	0.00	0.56	22.59	100.00	4.27	18.21	4204	8823	2287	23	0	0	0	0	15336	176.58	28.23	13.98	55.00	33.65	54.87	58.20	1.42	25.35	23.07
8/20/2020 9:35:54 AM	7.66	9.18	5.19	0.89	0.00	0.00	0.00	0.57	22.92	100.00	4.29	17.60	4062	9183	2336	27	0	0	0	0	15607	176.60	29.08	14.69	56.90	34.14	56.72	58.67	1.42	25.36	23.07
8/20/2020 9:35:57 AM	7.31	8.08	4.67	1.12	0.00	0.00	0.00	0.52	21.17	100.00	4.33	17.64	3875	8079	2100	33	0	0	0	0	14087	176.71	27.31	13.50	51.54	31.75	52.20	55.44	1.42	25.35	23.09
8/20/2020 9:35:59 AM	6.36	8.24	4.65	0.85	0.00	0.00	0.00	0.59	20.10	100.00	4.36	17.84	3370	8242	2092	25	0	0	0	0	13730	176.59	26.17	13.09	50.85	30.71	51.08	51.72	1.43	25.36	23.07
8/20/2020 9:36:02 AM	7.15	7.43	3.82	1.23	0.00	0.00	0.00	0.58	19.62	100.00	4.39	17.44	3787	7426	1719	37	0	0	0	0	12969	177.16	25.17	12.86	47.98	30.42	48.79	51.97	1.43	25.35	23.10
8/20/2020 9:36:04 AM	7.09	7.58	4.11	0.96	0.00	0.00	0.00	0.61	19.73	100.00	4.46	16.91	3759	7578	1849	29	0	0	0	0	13214	176.96	25.19	12.19	48.06	30.73	48.94	52.12	1.44	25.35	23.12
8/20/2020 9:36:06 AM	7.14	7.38	3.84	1.17	0.00	0.00	0.00	0.58	19.53	100.00	4.50	16.91	3786	7385	1726	35	0	0	0	0	12932	177.07	24.98	12.50	47.57	30.28	48.52	51.73	1.44	25.34	23.15
8/20/2020 9:36:09 AM	6.79	6.73	3.88	0.92	0.00	0.00	0.00	0.57	18.32	100.00	4.56	17.34	3597	6732	1744	28	0	0	0	0	12101	177.08	23.56	11.11	43.63	28.84	44.77	49.40	1.45	25.35	23.14
8/20/2020 9:36:11 AM	6.95	6.85	4.18	0.40	0.00	0.00	0.00	0.55	18.38	100.00	4.62	17.13	3683	6850	1881	12	0	0	0	0	12426	177.33	22.76	11.14	43.58	28.55	43.36	48.84	1.45	25.33	23.16
8/20/2020 9:36:13 AM	6.39	6.27	3.10	1.51	0.00	0.00	0.00	0.57	17.27	100.00	4.67	16.72	3389	6272	1393	45	0	0	0	0	11100	176.80	22.93	11.03	41.79	27.55	44.03	47.09	1.46	25.32	23.20
8/20/2020 9:36:16 AM	6.12	6.82	4.22	0.44	0.00	0.00	0.00	0.53	17.60	100.00	4.72	17.05	3244	6818	1899	13	0	0	0	0	11974	176.70	22.39	11.31	42.97	27.25	42.56	46.33	1.46	25.32	23.19
8/20/2020 9:36:18 AM	6.41	6.77	4.11	0.67	0.00	0.00	0.00	0.55	17.97	100.00	4.77	16.86	3399	6774	1852	20	0	0	0	0	12045	175.93	23.07	11.41	43.38	28.12	43.55	48.01	1.47	25.33	23.20
8/20/2020 9:36:21 AM	6.22	5.97	3.34	1.44	0.00	0.00	0.00	0.55	16.97	100.00	4.80	16.54	3299	5968	1502	43	0	0	0	0	10812	176.58	22.84	11.05	40.47	27.15	42.35	47.00	1.47	25.31	23.19
8/20/2020 9:36:23 AM	7.11	6.03	2.92	1.57	0.00	0.00	0.00	0.58	17.63	100.00	4.86	16.37	3770	6029	1314	47	0	0	0	0	11161	176.27	22.94	10.99	41.29	28.34	43.61	48.90	1.48	25.32	23.20
8/20/2020 9:36:25 AM	8.09	6.58	3.82	1.09	0.00	0.00	0.00	0.60	19.58	100.00	4.93	15.95	4286	6583	1719	33	0	0	0	0	12620	174.20	24.65	11.90	44.61	31.04	45.57	54.23	1.48	25.30	23.22
8/20/2020 9:36:28 AM	7.96	6.28	3.34	1.53	0.00	0.00	0.00	0.65	19.10	100.00	4.97	15.87	4219	6278	1502	46	0	0	0	0	12045	173.94	24.69	11.80	43.60	31.12	45.53	53.94	1.49	25.28	23.21
8/20/2020 9:36:30 AM	8.44	6.44	3.81	1.43	0.00	0.00	0.00	0.62	20.13	100.00	5.01	15.38	4473	6442	1715	43	0	0	0	0	12673	173.97	25.85	12.35	45.09	32.24	46.61	56.94	1.49	25.27	23.22
8/20/2020 9:36:32 AM	9.04	6.39	3.80	1.72	0.00	0.00	0.00	0.52	20.95	100.00	5.06	15.16	4794	6386	1709	52	0	0	0	0	12940	173.31	26.81	12.41	45.82	32.57	48.14	59.32	1.50	25.27	23.24
8/20/2020 9:36:35 AM	8.76	6.54	3.80	1.75	0.00	0.00	0.00	0.58	20.85	100.00	5.10	15.43	4644	6537	1709	53	0	0	0	0	12942	173.62	26.95	13.11	46.57	32.86	48.37	58.99	1.50	25.25	23.21
8/20/2020 9:36:37 AM	8.96	6.16	3.81	1.88	0.00	0.00	0.00	0.66	20.81	100.00	5.13	15.60	4747	6160	1717	57	0	0	0	0	12680	173.23	27.47	12.38	45.15	33.95	47.92	60.82	1.50	25.23	23.25
8/20/2020 9:36:40 AM	8.83	6.15	4.14	1.47	0.00	0.00	0.00	0.69	20.58	100.00	5.17	15.95	4678	6151	1861	44	0	0	0	0	12734	173.09	26.92	12.26	44.51	33.92	46.30	60.25	1.51	25.23	23.24
8/20/2020 9:36:42 AM	9.59	6.05	3.66	1.82	0.00	0.00	0.00	0.71	21.12	100.00	5.20	16.37	5085	6047	1646	55	0	0	0	0	12833	172.21	27.32	12.63	45.06	34.97	47.38	62.32	1.51	25.20	23.29
8/20/2020 9:36:44 AM	9.41	6.98	5.01	0.79	0.00	0.00	0.00	0.65	22.20	100.00	5.22	16.64	4988	6982	2257	24	0	0	0	0	14251	171.29	27.79	12.79	48.12	35.27	48.39	62.96	1.51	25.18	23.30
8/20/2020 9:36:47 AM	10.61	6.31	3.93	1.92	0.00	0.00	0.00	0.76	22.77	100.00	5.25	16.57	5621	6311	1770	58	0	0	0	0	13759	171.22	29.22	13.23	47.60	37.69	50.11	67.65	1.51	25.17	23.29
8/20/2020 9:36:49 AM	10.51	6.60	4.54	1.34	0.00	0.00	0.00	0.79	22.99	100.00	5.27	16.26	5568	6598	2043	40	0	0	0	0	14250	170.43	29.10	13.20	48.19	38.11	49.47	67.80	1.52	25.16	23.26
8/20/2020 9:36:51 AM	10.74	6.47	4.38	1.50	0.00	0.00	0.00	0.68	23.09	100.00	5.30	16.11	5693	6468	1970	45	0	0	0	0	14176	169.68	28.99	12.83	47.80	37.28	49.74	67.66	1.52	25.14	23.30
8/20/2020 9:36:54 AM	11.65	6.50	4.43	1.68	0.00	0.00	0.00	0.94	24.27	100.00	5.32	16.31	6176	6500	1995	51	0	0	0	0	14721	168.76	30.92	13.56	49.38	41.63	51.48	73.69	1.52	25.12	23.29
8/20/2020 9:36:56 AM	11.89	7.80	5.97	0.76	0.00	0.00	0.00	0.97	26.42	100.00	5.35	16.36	6303	7803	2684	23	0	0	0	0	16813	167.82	32.94	14.92	55.15	44.30	54.79	77.85	1.52	25.11	23.31
8/20/2020 9:36:59 AM	12.58	7.13	4.48	2.04	0.00	0.00	0.00	1.02	26.23	100.00	5.40	16.16	6667	7128	2017	61	0	0	0	0	15873	166.91	33.43	14.95	53.95	45.02	56.33	79.34	1.53	25.09	23.31
8/20/2020 9:37:01 AM	12.47	7.59	5.08	1.40	0.00	0.00	0.00	1.03	26.53	100.00	5.43	16.00	6607	7588	2285	42	0	0	0	0	16522	167.33	33.18	14.91	55.11	45.23	56.19	79.04	1.53	25.08	23.26
8/20/2020 9:37:03 AM	12.95	7.58	5.17	1.27	0.00	0.00	0.00	1.09	26.97	100.00	5.47	16.08	6862	7583	2327	38	0	0	0	0	16810	167.48	33.44	14.78	55.28	46.46	56.26	80.91	1.54	25.06	23.27
8/20/2020 9:37:06 AM	12.27	7.55	5.30	1.22	0.00	0.00	0.00	1.07	26.33	100.00	5.52	16.10	6503	7548	2383	37	0	0	0	0	16471	166.60	33.07	14.94	54.68	45.38	55.27	78.88	1.54	25.04	23.31
8/20/2020 9:37:08 AM	12.47	6.68	4.49	1.95	0.00	0.00	0.00	1.04	25.60	100.00	5.54	16.11	6611	6684	2022	58	0	0	0	0	15376	166.81	32.83	14.19	51.59	44.61	54.19	78.69	1.54	25.02	23.31
8/20/2020 9:37:11 AM	12.08	6.54	4.13	2.09	0.00	0.00	0.00	1.17	24.83	100.00	5.57	16.16	6401	6543	1857	63	0	0	0	0	14863	168.11	32.34	14.31	50.73	44.86	53.34	77.37	1.55	25.00	23.35
8/20/2020 9:37:13 AM	11.36	6.87	4.58	1.31	0.00	0.00	0.00	1.18	24.12	100.00	5.59	15.92	6018	6873	2063	39	0	0	0	0	14993	168.84	30.85	13.87	50.36	43.59	51.42	73.84	1.55	24.97	23.34
8/20/2020 9:37:15 AM	11.63	6.65	4.03	1.81	0.00	0.00	0.00	1.18	24.12	100.00	5.61	15.50	6166	6647	1814	54	0	0	0	0	14681	168.91	31.10	13.58	49.95	43.72	52.40	74.40	1.55	24.96	23.31
8/20/2020 9:37:18 AM	11.81	6.83	4.38	1.65	0.00	0.00	0.00	1.18	24.66	100.00	5.65	14.99	6259	6828	1969	49	0	0	0	0	15106	168.40	31.67	13.91	50.97	44.46	52.93	75.86	1.55	24.93	23.32
8/20/2020 9:37:20 AM	11.15	6.69	4.43	1.51	0.00	0.00	0.00	1.15	23.79	100.00	5.65	14.24	5909	6689	1996	45	0	0	0	0	14639	168.70	30.81	13.55	49.54	43.00	51.27	73.14	1.55	24.91	23.32
8/20/2020 9:37:22 AM	11.01	6.22	3.95	2.02	0.00	0.00	0.00	1.14	23.20	100.00	5.72	13.61	5835	6223	1777	61	0	0	0	0	13895	168.23	30.75	13.36	47.92	42.35	50.80	72.50	1.56	24.89	23.32
8/20/2020 9:37:25 AM	11.04	6.66	4.40	1.90	0.00	0.00	0.00	1.22	23.99	100.00	5.78	13.41	5852	6655	1979	57	0	0	0	0	14543	169.07	31.99	14.35	50.30	44.13	52.38	74.85	1.57	24.85	23.32
8/20/2020 9:37:27 AM	11.14	6.99	4.98	1.44	0.00	0.00	0.00	1.14	24.54	100.00	5.83	13.75	5903	6986	2240	43	0	0	0	0	15173	169.77	32.06	14.21	51.34	43.84	52.66	75.14	1.57	24.82	23.30
8/20/2020 9:37:30 AM	10.93	6.80	4.71	1.60	0.00	0.00	0.00	1.16	24.04	100.00	5.89	14.03	5795	6798	2119	48	0	0	0	0	14760	170.38	31.70	14.25	50.49	43.47	51.98	74.14	1.58	24.80	23.32
8/20/2020 9:37:32 AM	10.79	7.03	5.34	1.12	0.00	0.00	0.00	1.13	24.28	100.00	5.92	13.90	5720	7033	2402	34	0	0	0	0	15189	170.59	31.74	13.93	50.88	43.39	51.68	74.19	1.58	24.77	23.30
8/20/2020 9:37:34 AM	11.38	7.41	5.53	1.25	0.00	0.00	0.00	1.12	25.56	100.00	5.98	13.68	6030	7411	2488	37	0	0	0	0	15966	170.78	33.18	15.09	53.74	44.91	54.18	77.46	1.59	24.73	23.35
8/20/2020 9:37:37 AM	11.33	7.27	5.26	1.52	0.00	0.00	0.00	1.18	25.38	100.00	6.02	13.65	6003	7272	2367	46	0	0	0	0	15688	170.70	33.44	14.66	53.23	45.37	54.72	77.77	1.59	24.71	23.30
8/20/2020 9:37:39 AM	11.43	6.32	4.00	2.67	0.00	0.00	0.00	1.25	24.42	100.00	6.08	13.90	6058	6321	1800	80	0	0	0	0	14260	170.86	33.49	14.83	50.46	45.35	54.04	77.83	1.60	24.68	23.30
8/20/2020 9:37:41 AM	10.99	6.73	4.63	2.16	0.00	0.00	0.00	1.22	24.51	100.00	6.12	14.23	5822	6730	2085	65	0	0	0	0	14702	170.65	33.38	15.23	51.58	44.98	53.73	76.89	1.60	24.66	23.29
8/20/2020 9:37:44 AM	11.15	6.58	4.43	2.45	0.00	0.00	0.00	1.22	24.62	100.00	6.15	14.30	5911	6583	1994	73	0	0	0	0	14562	170.92	33.80	15.19	51.43	45.25	54.32	77.75	1.60	24.62	23.30
8/20/2020 9:37:46 AM	10.91	7.21	5.44	1.51	0.00	0.00	0.00	1.25	25.07	100.00	6.20	14.21	5784	7207	2450	45	0	0	0	0	15486	170.91	33.73	15.05	52.96	45.83	54.06	77.80	1.61	24.59	23.30
8/20/2020 9:37:49 AM	11.29	7.49	5.26	1.70	0.00	0.00	0.00	1.28	25.73	100.00	6.24	14.26	5983	7486	2366	51	0	0	0	0	15886	170.29	34.41	15.46	54.76	46.84	56.18	79.32	1.61	24.57	23.27
8/20/2020 9:37:51 AM	12.06	6.62	4.65	2.04	0.00	0.00	0.00	1.28	25.37	100.00	6.30	14.33	6392	6625	2092	61	0	0	0	0	15170	170.93	33.78	14.71	51.60	46.85	54.04	80.32	1.62	24.53	23.29
8/20/2020 9:37:53 AM	14.84	8.02	6.67	1.56	0.00	0.00	0.00	1.49	31.09	100.00	6.34	14.23	7863	8018	3002	47	0	0	0	0	18930	169.26	40.44	17.05	61.36	56.64	62.50	98.20	1.62	24.49	23.26
8/20/2020 9:37:56 AM	14.19	8.09	6.71	1.37	0.00	0.00	0.00	1.47	30.36	100.00	6.38	13.79	7519	8089	3018	41	0	0	0	0	18668	169.18	39.54	17.15	60.87	55.30	61.32	95.32	1.63	24.46	23.26
8/20/2020 9:37:58 AM	14.14	7.54	5.98	2.37	0.00	0.00	0.00	1.54	30.03	100.00	6.45	13.26	7497	7539	2690	71	0	0	0	0	17797	168.48	40.64	17.39	59.84	56.05	62.33	96.72	1.63	24.43	23.27
8/20/2020 9:38:01 AM	18.03	8.17	6.13	2.83	0.00	0.00	0.00	1.89	35.15	100.00	6.51	12.82	9554	8170	2757	85	0	0	0	0	20565	167.68	46.20	19.41	67.34	66.74	70.49	114.93	1.64	24.40	23.26
8/20/2020 9:38:03 AM	17.20	8.53	6.88	2.67	0.00	0.00	0.00	1.89	35.27	100.00	6.56	12.66	9114	8526	3096	80	0	0	0	0	20816	167.24	47.26	19.88	68.69	66.77	71.35	114.94	1.64	24.37	23.25
8/20/2020 9:38:05 AM	20.97	9.30	7.10	1.88	0.00	0.00	0.00	2.29	39.25	100.00	6.65	12.52	11113	9301	3193	57	0	0	0	0	23662	164.67	49.27	20.16	73.86	75.90	75.30	128.09	1.65	24.33	23.21
8/20/2020 9:38:08 AM	26.21	11.67	8.97	0.00	0.00	0.00	0.00	3.14	46.85	100.00	6.72	12.41	13891	11669	4037	0	0	0	0	0	29597	160.01	55.21	21.23	87.07	93.86	84.65	152.59	1.66	24.30	23.25
8/20/2020 9:38:10 AM	27.07	11.64	8.30	0.00	0.00	0.00	0.00	3.40	47.01	100.00	6.79	12.42	14348	11639	3736	0	0	0	0	0	29723	158.93	54.86	20.79	87.83	96.53	83.99	154.43	1.67	24.25	23.21
8/20/2020 9:38:12 AM	26.30	11.27	8.50	0.00	0.00	0.00	0.00	3.34	46.08	100.00	6.85	12.65	13941	11270	3826	0	0	0	0	0	29038	158.54	54.31	20.64	84.69	94.88	82.99	152.26	1.67	24.22	23.22
8/20/2020 9:38:15 AM	27.75	10.97	8.09	0.00	0.00	0.00	0.00	3.85	46.81	100.00	6.94	12.63	14710	10965	3639	0	0	0	0	0	29315	159.29	55.28	20.89	84.72	101.29	82.38	159.12	1.68	24.18	23.26
8/20/2020 9:38:17 AM	27.10	11.91	8.74	0.00	0.00	0.00	0.00	4.18	47.75	100.00	7.01	12.28	14362	11911	3932	0	0	0	0	0	30204	157.09	58.13	21.54	89.18	105.57	86.86	162.85	1.69	24.15	23.20
8/20/2020 9:38:20 AM	28.87	12.23	8.68	0.00	0.00	0.00	0.00	4.19	49.78	100.00	7.09	12.44	15300	12232	3904	0	0	0	0	0	31436	156.77	59.36	22.41	92.80	108.35	88.81	168.44	1.69	24.10	23.20
8/20/2020 9:38:22 AM	28.52	11.70	8.19	0.00	0.00	0.00	0.00	4.35	48.40	100.00	7.16	12.50	15114	11698	3684	0	0	0	0	0	30496	157.38	57.94	21.69	89.47	108.22	86.07	166.25	1.70	24.06	23.19
8/20/2020 9:38:24 AM	27.08	10.33	8.02	0.00	0.00	0.00	0.00	4.04	45.44	100.00	7.24	12.16	14352	10334	3611	0	0	0	0	0	28297	160.26	54.78	19.75	81.45	101.72	79.18	158.01	1.71	24.02	23.19
8/20/2020 9:38:27 AM	25.72	10.28	7.77	0.00	0.00	0.00	0.00	3.99	43.77	100.00	7.30	11.90	13632	10284	3496	0	0	0	0	0	27412	160.22	53.20	19.34	80.09	98.77	77.21	152.07	1.71	23.99	23.20
8/20/2020 9:38:29 AM	25.51	10.30	7.78	0.00	0.00	0.00	0.00	4.03	43.60	100.00	7.34	12.10	13521	10303	3502	0	0	0	0	0	27327	159.37	53.22	19.22	79.78	98.90	77.44	151.78	1.72	23.96	23.17
8/20/2020 9:38:31 AM	23.75	10.17	7.98	0.00	0.00	0.00	0.00	3.75	41.90	100.00	7.42	12.46	12590	10169	3589	0	0	0	0	0	26348	160.49	51.82	18.69	77.92	93.77	75.27	144.69	1.73	23.91	23.15
8/20/2020 9:38:34 AM	22.57	9.82	8.04	0.00	0.00	0.00	0.00	3.67	40.43	100.00	7.49	12.36	11963	9822	3618	0	0	0	0	0	25403	159.95	50.74	18.27	75.11	91.09	73.12	140.41	1.73	23.88	23.11
8/20/2020 9:38:36 AM	20.53	8.61	7.39	0.25	0.00	0.00	0.00	3.53	36.78	100.00	7.56	12.40	10883	8613	3324	8	0	0	0	0	22827	161.63	47.36	16.54	67.02	85.14	67.39	130.57	1.74	23.84	23.15
8/20/2020 9:38:39 AM	18.08	7.36	5.98	0.00	0.00	0.00	0.00	2.87	31.43	100.00	7.66	12.37	9585	7364	2692	0	0	0	0	0	19641	163.13	38.99	14.21	57.53	71.04	56.53	109.64	1.75	23.80	23.14
8/20/2020 9:38:41 AM	18.20	7.04	5.78	0.00	0.00	0.00	0.00	2.82	31.02	100.00	7.70	11.84	9647	7037	2601	0	0	0	0	0	19284	163.80	38.15	13.87	55.67	70.10	55.26	108.61	1.75	23.75	23.11
8/20/2020 9:38:43 AM	16.91	7.03	5.96	0.00	0.00	0.00	0.00	2.73	29.90	100.00	7.75	11.53	8961	7031	2680	0	0	0	0	0	18673	161.65	37.56	13.78	54.66	67.68	54.31	104.54	1.76	23.72	23.14
8/20/2020 9:38:46 AM	15.89	6.20	5.17	0.00	0.00	0.00	0.00	2.53	27.26	100.00	7.79	11.53	8422	6201	2325	0	0	0	0	0	16947	163.88	33.89	12.13	49.23	62.15	48.97	95.88	1.76	23.67	23.12
8/20/2020 9:38:48 AM	14.77	5.89	4.81	0.32	0.00	0.00	0.00	2.63	25.79	100.00	7.82	11.51	7829	5890	2164	10	0	0	0	0	15892	164.99	33.40	11.61	46.99	61.31	48.07	92.84	1.77	23.64	23.10
8/20/2020 9:38:50 AM	14.69	5.99	4.65	0.00	0.00	0.00	0.00	2.59	25.33	100.00	7.87	11.40	7788	5987	2091	0	0	0	0	0	15867	163.99	31.97	11.44	47.22	60.01	46.07	90.15	1.77	23.60	23.10
8/20/2020 9:38:53 AM	15.72	6.65	4.51	0.00	0.00	0.00	0.00	2.66	26.88	100.00	7.91	11.28	8333	6650	2028	0	0	0	0	0	17010	164.35	32.98	12.55	51.44	62.47	49.04	93.61	1.77	23.55	23.07
8/20/2020 9:38:55 AM	15.00	6.17	4.57	0.00	0.00	0.00	0.00	2.57	25.75	100.00	7.95	11.33	7952	6169	2058	0	0	0	0	0	16179	164.54	32.05	11.86	48.31	60.23	46.85	90.69	1.78	23.52	23.11
8/20/2020 9:38:58 AM	13.98	5.52	4.08	0.00	0.00	0.00	0.00	2.42	23.57	100.00	8.03	11.43	7409	5516	1835	0	0	0	0	0	14760	165.14	29.34	10.53	43.55	55.96	43.08	83.86	1.79	23.47	23.05
8/20/2020 9:39:00 AM	13.59	5.12	3.71	0.00	0.00	0.00	0.00	2.33	22.42	100.00	8.14	11.35	7201	5119	1671	0	0	0	0	0	13991	164.97	27.63	9.95	40.81	53.48	40.83	80.09	1.80	23.44	23.07
8/20/2020 9:39:02 AM	13.24	5.29	3.70	0.00	0.00	0.00	0.00	2.33	22.22	100.00	8.18	11.35	7015	5289	1663	0	0	0	0	0	13968	165.50	27.55	10.12	41.60	53.09	40.87	78.94	1.80	23.39	23.04
8/20/2020 9:39:05 AM	12.93	4.91	3.65	0.00	0.00	0.00	0.00	2.29	21.49	100.00	8.20	11.49	6854	4910	1640	0	0	0	0	0	13404	164.93	26.81	9.55	39.27	51.83	39.27	77.27	1.80	23.36	23.04
8/20/2020 9:39:07 AM	11.59	4.82	3.64	0.00	0.00	0.00	0.00	2.21	20.06	100.00	8.25	11.81	6145	4825	1639	0	0	0	0	0	12608	165.73	25.73	9.22	37.74	49.04	37.70	72.28	1.81	23.32	22.99
8/20/2020 9:39:10 AM	11.65	4.90	3.75	0.00	0.00	0.00	0.00	2.21	20.30	100.00	8.28	11.98	6175	4900	1686	0	0	0	0	0	12761	165.47	26.06	9.73	38.26	49.42	38.09	73.00	1.81	23.27	23.01
8/20/2020 9:39:12 AM	12.04	4.83	3.58	0.00	0.00	0.00	0.00	2.28	20.44	100.00	8.33	11.99	6379	4827	1609	0	0	0	0	0	12815	165.13	26.00	9.41	37.99	50.29	38.15	73.98	1.82	23.22	22.97
8/20/2020 9:39:14 AM	12.13	4.74	3.35	0.00	0.00	0.00	0.00	2.17	20.22	100.00	8.37	12.00	6428	4740	1507	0	0	0	0	0	12674	165.62	25.17	9.05	37.45	48.85	37.51	72.37	1.82	23.19	22.96
8/20/2020 9:39:17 AM	12.18	4.44	3.14	0.00	0.00	0.00	0.00	2.17	19.76	100.00	8.46	12.02	6454	4444	1411	0	0	0	0	0	12310	166.03	24.46	8.68	35.97	48.34	36.06	71.51	1.83	23.15	22.97
8/20/2020 9:39:19 AM	12.27	4.70	3.42	0.00	0.00	0.00	0.00	2.20	20.38	100.00	8.52	11.72	6502	4700	1537	0	0	0	0	0	12739	165.30	25.46	9.37	37.77	49.43	37.19	73.33	1.83	23.11	22.94
8/20/2020 9:39:21 AM	12.68	4.98	3.55	0.00	0.00	0.00	0.00	2.29	21.20	100.00	8.55	11.23	6718	4980	1595	0	0	0	0	0	13293	165.66	26.48	9.68	39.29	51.43	39.21	76.09	1.84	23.07	22.90
8/20/2020 9:39:24 AM	12.40	5.03	3.36	0.00	0.00	0.00	0.00	2.23	20.79	100.00	8.58	11.38	6574	5029	1511	0	0	0	0	0	13113	165.24	25.80	9.56	39.70	50.13	38.26	73.89	1.84	23.03	22.89
8/20/2020 9:39:26 AM	12.41	4.73	3.28	0.00	0.00	0.00	0.00	2.22	20.43	100.00	8.65	11.50	6579	4732	1477	0	0	0	0	0	12788	165.68	25.34	9.22	38.04	49.67	37.21	73.41	1.85	22.98	22.90
8/20/2020 9:39:29 AM	12.93	4.88	3.34	0.00	0.00	0.00	0.00	2.29	21.15	100.00	8.70	11.34	6854	4883	1501	0	0	0	0	0	13238	165.33	26.08	9.46	39.22	51.33	38.41	75.92	1.85	22.94	22.89
8/20/2020 9:39:31 AM	12.29	4.69	3.24	0.00	0.00	0.00	0.00	2.20	20.21	100.00	8.74	11.29	6514	4685	1456	0	0	0	0	0	12655	165.40	25.03	9.03	37.33	49.14	37.22	72.61	1.86	22.89	22.84
8/20/2020 9:39:33 AM	12.73	5.02	3.21	0.00	0.00	0.00	0.00	2.28	20.96	100.00	8.77	11.10	6747	5017	1446	0	0	0	0	0	13211	165.50	25.76	9.55	39.63	50.86	38.54	74.72	1.86	22.85	22.84
8/20/2020 9:39:36 AM	12.81	5.01	3.08	0.00	0.00	0.00	0.00	2.22	20.90	100.00	8.83	11.12	6789	5012	1384	0	0	0	0	0	13185	165.21	25.34	9.60	39.87	50.14	38.00	73.89	1.87	22.81	22.85
8/20/2020 9:39:38 AM	11.81	4.62	2.83	0.00	0.00	0.00	0.00	2.23	19.26	100.00	8.88	11.15	6260	4622	1275	0	0	0	0	0	12156	165.09	23.86	8.72	36.72	48.04	35.62	69.51	1.87	22.77	22.81
8/20/2020 9:39:40 AM	11.71	4.54	2.95	0.00	0.00	0.00	0.00	2.23	19.20	100.00	8.93	11.30	6204	4545	1326	0	0	0	0	0	12076	165.88	23.98	8.87	36.11	48.09	35.63	69.71	1.87	22.73	22.84
8/20/2020 9:39:43 AM	11.45	4.42	2.65	0.00	0.00	0.00	0.00	2.20	18.51	100.00	8.98	11.21	6067	4415	1193	0	0	0	0	0	11675	165.81	22.97	8.36	35.36	46.75	34.16	67.24	1.88	22.69	22.81
8/20/2020 9:39:45 AM	10.82	3.88	2.26	0.00	0.00	0.00	0.00	2.11	16.97	100.00	9.05	10.81	5735	3881	1019	0	0	0	0	0	10635	166.18	20.99	7.55	31.89	43.87	31.03	62.62	1.89	22.65	22.77
8/20/2020 9:39:48 AM	11.66	4.13	2.53	0.00	0.00	0.00	0.00	2.14	18.31	100.00	9.10	10.66	6177	4129	1137	0	0	0	0	0	11444	165.36	22.40	7.81	33.87	45.96	33.24	66.76	1.89	22.61	22.80
8/20/2020 9:39:50 AM	11.12	4.04	2.61	0.00	0.00	0.00	0.00	2.13	17.76	100.00	9.15	10.85	5892	4040	1173	0	0	0	0	0	11105	165.61	22.18	7.64	32.89	45.26	32.72	65.35	1.90	22.57	22.74
8/20/2020 9:39:52 AM	11.18	4.08	2.48	0.00	0.00	0.00	0.00	2.22	17.75	100.00	9.18	11.02	5927	4084	1117	0	0	0	0	0	11127	166.50	22.20	7.95	33.52	46.08	32.34	65.72	1.90	22.51	22.71
8/20/2020 9:39:55 AM	11.20	3.96	2.55	0.00	0.00	0.00	0.00	2.14	17.72	100.00	9.20	11.15	5939	3962	1147	0	0	0	0	0	11047	166.08	22.06	7.76	32.81	45.32	32.11	65.42	1.90	22.47	22.71
8/20/2020 9:39:57 AM	11.32	4.18	2.27	0.00	0.00	0.00	0.00	2.16	17.77	100.00	9.22	11.27	6000	4178	1022	0	0	0	0	0	11201	165.71	21.71	7.89	33.95	45.34	32.46	64.76	1.90	22.42	22.70
8/20/2020 9:40:00 AM	10.93	4.03	2.29	0.00	0.00	0.00	0.00	2.19	17.25	100.00	9.25	11.51	5793	4029	1032	0	0	0	0	0	10854	165.59	21.47	7.61	32.83	44.97	31.73	63.76	1.91	22.39	22.66
8/20/2020 9:40:02 AM	11.22	4.05	2.22	0.00	0.00	0.00	0.00	2.19	17.49	100.00	9.30	11.73	5948	4048	997	0	0	0	0	0	10993	165.00	21.51	7.75	33.51	45.33	31.50	64.40	1.91	22.35	22.65
8/20/2020 9:40:04 AM	11.58	4.23	2.08	0.00	0.00	0.00	0.00	2.15	17.88	100.00	9.33	11.22	6138	4226	934	0	0	0	0	0	11298	166.10	21.47	7.80	34.73	45.36	32.10	64.69	1.91	22.32	22.64
8/20/2020 9:40:07 AM	11.03	3.82	2.13	0.00	0.00	0.00	0.00	2.12	16.98	100.00	9.37	11.02	5848	3816	957	0	0	0	0	0	10621	165.64	20.78	7.24	31.66	43.98	30.82	62.75	1.92	22.27	22.64
8/20/2020 9:40:09 AM	10.91	3.97	2.19	0.00	0.00	0.00	0.00	2.20	17.08	100.00	9.46	11.17	5784	3973	985	0	0	0	0	0	10742	165.54	21.23	7.59	32.82	44.91	30.98	63.36	1.93	22.22	22.62
8/20/2020 9:40:11 AM	11.05	3.96	2.41	0.00	0.00	0.00	0.00	2.14	17.41	100.00	9.52	11.06	5857	3955	1082	0	0	0	0	0	10895	165.86	21.63	7.66	32.69	44.84	31.60	64.28	1.93	22.18	22.59
8/20/2020 9:40:14 AM	10.54	3.84	2.43	0.00	0.00	0.00	0.00	2.16	16.81	100.00	9.57	10.85	5584	3838	1096	0	0	0	0	0	10518	166.07	21.30	7.44	31.30	44.23	31.22	62.85	1.94	22.15	22.59
8/20/2020 9:40:16 AM	10.49	4.00	2.45	0.00	0.00	0.00	0.00	2.17	16.94	100.00	9.62	10.70	5561	4003	1101	0	0	0	0	0	10666	165.66	21.50	7.60	32.46	44.40	31.43	62.87	1.94	22.11	22.56
8/20/2020 9:40:19 AM	10.79	4.00	2.30	0.00	0.00	0.00	0.00	2.22	17.10	100.00	9.67	10.71	5720	4005	1035	0	0	0	0	0	10760	165.69	21.49	7.60	32.79	45.15	31.36	63.63	1.95	22.06	22.55
8/20/2020 9:40:21 AM	10.65	3.93	2.48	0.00	0.00	0.00	0.00	2.19	17.06	100.00	9.69	10.69	5642	3935	1116	0	0	0	0	0	10693	165.12	21.65	7.62	32.04	44.87	31.62	63.69	1.95	22.03	22.55
8/20/2020 9:40:23 AM	10.94	3.96	2.45	0.00	0.00	0.00	0.00	2.19	17.35	100.00	9.70	10.60	5799	3961	1102	0	0	0	0	0	10862	165.35	21.78	7.49	32.16	45.27	32.21	64.53	1.95	21.99	22.51
8/20/2020 9:40:26 AM	10.83	3.98	2.36	0.00	0.00	0.00	0.00	2.16	17.17	100.00	9.71	10.67	5740	3980	1061	0	0	0	0	0	10781	165.74	21.46	7.80	32.89	44.65	31.11	63.50	1.95	21.95	22.48
8/20/2020 9:40:28 AM	10.99	4.16	2.19	0.00	0.00	0.00	0.00	2.22	17.34	100.00	9.74	10.75	5826	4160	984	0	0	0	0	0	10970	165.34	21.47	7.89	33.92	45.31	31.63	63.79	1.95	21.91	22.49
8/20/2020 9:40:30 AM	11.61	4.23	2.03	0.00	0.00	0.00	0.00	2.20	17.87	100.00	9.76	10.73	6153	4226	914	0	0	0	0	0	11292	165.94	21.54	7.60	34.79	45.82	32.07	64.97	1.96	21.86	22.45
8/20/2020 9:40:33 AM	10.46	3.91	2.39	0.00	0.00	0.00	0.00	2.29	16.77	100.00	9.79	10.78	5546	3913	1076	0	0	0	0	0	10535	165.82	21.58	7.46	31.68	45.49	31.43	63.53	1.96	21.83	22.44
8/20/2020 9:40:35 AM	10.72	3.88	2.24	0.00	0.00	0.00	0.00	2.27	16.84	100.00	9.81	11.00	5683	3879	1008	0	0	0	0	0	10570	164.79	21.32	7.29	31.96	45.30	30.94	63.45	1.96	21.79	22.45
8/20/2020 9:40:38 AM	10.97	3.88	2.25	0.00	0.00	0.00	0.00	2.28	17.10	100.00	9.85	11.21	5812	3878	1013	0	0	0	0	0	10704	165.37	21.53	7.28	32.25	45.77	31.10	64.37	1.96	21.75	22.46
8/20/2020 9:40:40 AM	10.73	4.10	2.20	0.00	0.00	0.00	0.00	2.31	17.03	100.00	9.88	11.25	5687	4095	991	0	0	0	0	0	10774	165.70	21.53	7.79	33.33	45.85	31.37	63.72	1.97	21.70	22.40
8/20/2020 9:40:42 AM	11.03	4.12	1.89	0.00	0.00	0.00	0.00	2.24	17.04	100.00	9.93	11.24	5848	4116	849	0	0	0	0	0	10813	165.87	20.87	7.40	33.93	45.05	30.72	62.74	1.97	21.66	22.40
8/20/2020 9:40:45 AM	11.19	3.99	1.83	0.00	0.00	0.00	0.00	2.26	17.01	100.00	9.97	11.20	5930	3991	823	0	0	0	0	0	10744	165.98	20.72	7.40	33.02	45.25	30.71	63.10	1.98	21.63	22.34
8/20/2020 9:40:47 AM	11.34	3.76	1.75	0.00	0.00	0.00	0.00	2.23	16.86	100.00	9.99	11.12	6011	3765	789	0	0	0	0	0	10564	165.84	20.41	6.91	32.13	44.91	29.75	62.97	1.98	21.59	22.34
8/20/2020 9:40:50 AM	11.02	3.45	1.67	0.00	0.00	0.00	0.00	2.17	16.14	100.00	10.02	11.11	5842	3451	750	0	0	0	0	0	10042	165.02	19.56	6.52	29.97	43.43	28.41	60.97	1.98	21.54	22.33
8/20/2020 9:40:52 AM	10.78	3.35	1.63	0.00	0.00	0.00	0.00	2.18	15.76	100.00	10.04	11.16	5712	3348	734	0	0	0	0	0	9795	165.69	19.29	6.19	29.31	43.01	27.72	60.05	1.98	21.51	22.34
8/20/2020 9:40:54 AM	10.82	3.37	1.65	0.00	0.00	0.00	0.00	2.21	15.84	100.00	10.08	11.16	5736	3366	744	0	0	0	0	0	9845	165.90	19.43	6.24	29.06	43.44	28.30	60.55	1.99	21.48	22.29
8/20/2020 9:40:57 AM	11.27	3.87	1.97	0.00	0.00	0.00	0.00	2.18	17.12	100.00	10.10	11.15	5975	3874	887	0	0	0	0	0	10736	165.68	20.87	6.99	32.80	44.77	30.33	63.36	1.99	21.43	22.26
8/20/2020 9:40:59 AM	10.92	3.42	1.65	0.00	0.00	0.00	0.00	2.22	15.99	100.00	10.13	11.08	5788	3416	744	0	0	0	0	0	9947	165.68	19.60	6.01	29.51	43.76	28.51	60.98	1.99	21.40	22.25
8/20/2020 9:41:01 AM	10.60	3.36	1.63	0.00	0.00	0.00	0.00	2.26	15.59	100.00	10.15	10.94	5618	3357	732	0	0	0	0	0	9708	165.81	19.40	5.99	28.96	43.63	27.99	60.15	1.99	21.36	22.24
8/20/2020 9:41:04 AM	10.81	3.66	1.74	0.00	0.00	0.00	0.00	2.22	16.21	100.00	10.18	10.76	5732	3657	782	0	0	0	0	0	10171	165.19	19.97	6.38	31.18	43.89	28.88	61.05	2.00	21.32	22.25
8/20/2020 9:41:06 AM	10.91	3.67	1.58	0.00	0.00	0.00	0.00	2.18	16.16	100.00	10.20	10.84	5782	3672	709	0	0	0	0	0	10163	165.94	19.58	6.14	31.16	43.40	28.84	60.37	2.00	21.29	22.16
8/20/2020 9:41:09 AM	10.93	3.51	1.70	0.00	0.00	0.00	0.00	2.18	16.14	100.00	10.29	10.86	5791	3512	767	0	0	0	0	0	10070	165.52	19.70	6.13	30.09	43.47	28.82	60.90	2.01	21.24	22.18
8/20/2020 9:41:11 AM	10.98	3.42	1.55	0.00	0.00	0.00	0.00	2.21	15.94	100.00	10.32	10.51	5818	3416	698	0	0	0	0	0	9932	166.32	19.38	5.93	29.77	43.51	28.11	60.59	2.01	21.20	22.18
8/20/2020 9:41:13 AM	10.34	3.62	1.85	0.00	0.00	0.00	0.00	2.20	15.81	100.00	10.35	10.53	5478	3625	830	0	0	0	0	0	9933	165.58	19.87	6.15	30.36	43.24	28.87	59.89	2.01	21.17	22.16
8/20/2020 9:41:16 AM	10.97	3.70	1.80	0.00	0.00	0.00	0.00	2.19	16.47	100.00	10.40	10.78	5814	3700	812	0	0	0	0	0	10326	165.37	20.18	6.50	31.50	44.00	29.30	61.66	2.02	21.12	22.11
8/20/2020 9:41:18 AM	10.62	3.60	1.66	0.00	0.00	0.00	0.00	2.25	15.87	100.00	10.42	10.91	5629	3595	746	0	0	0	0	0	9970	165.45	19.72	5.91	30.46	43.79	28.68	60.34	2.02	21.09	22.09
8/20/2020 9:41:20 AM	11.64	3.62	1.51	0.00	0.00	0.00	0.00	2.30	16.76	100.00	10.44	10.94	6167	3621	678	0	0	0	0	0	10466	165.18	20.11	6.20	31.58	45.47	29.19	63.30	2.02	21.06	22.10
8/20/2020 9:41:23 AM	11.62	3.59	1.57	0.00	0.00	0.00	0.00	2.26	16.78	100.00	10.47	11.02	6156	3592	706	0	0	0	0	0	10454	165.51	20.15	5.94	31.37	45.16	29.25	63.23	2.03	21.02	22.06
8/20/2020 9:41:25 AM	11.06	3.32	1.62	0.00	0.00	0.00	0.00	2.21	15.99	100.00	10.51	11.10	5860	3317	727	0	0	0	0	0	9904	165.95	19.53	5.69	29.35	43.72	27.98	61.15	2.03	21.00	22.06
8/20/2020 9:41:28 AM	11.14	3.54	1.63	0.00	0.00	0.00	0.00	2.31	16.30	100.00	10.55	11.16	5902	3538	734	0	0	0	0	0	10173	165.95	20.07	5.97	30.60	45.05	28.92	62.34	2.03	20.97	22.00
8/20/2020 9:41:30 AM	12.66	4.07	1.68	0.00	0.00	0.00	0.00	2.42	18.42	100.00	10.60	11.13	6712	4069	757	0	0	0	0	0	11538	165.28	21.90	6.64	35.06	48.87	31.87	68.54	2.04	20.92	22.03
8/20/2020 9:41:32 AM	14.35	4.87	2.47	0.00	0.00	0.00	0.00	2.58	21.68	100.00	10.64	10.95	7605	4869	1109	0	0	0	0	0	13583	164.75	25.92	7.51	41.18	54.86	37.45	78.95	2.04	20.88	21.99
8/20/2020 9:41:35 AM	15.94	4.95	2.27	0.00	0.00	0.00	0.00	2.70	23.16	100.00	10.65	10.81	8450	4948	1021	0	0	0	0	0	14420	164.51	26.77	7.87	42.83	58.04	38.88	84.17	2.04	20.84	21.93
