Date/Time	Green Algae	Bluegreen	Diatoms	Cryptophyta	#5	#6	#7	Yellow substances	Total conc.	Transmission	Depth	Temp. Sample	Green Algae	Bluegreen	Diatoms	Cryptophyta	#5	#6	#7	Yellow substances	Total cell count	Trans. 700 nm	LED 3 [525 nm]	LED 4 [570 nm]	LED 5 [610 nm]	LED 6 [370 nm]	LED 7 [590 nm]	LED 8 [470 nm]	Pressure	Temp. LEDs	Temp. Sensor
date	µg/l	µg/l	µg/l	µg/l	µg/l	µg/l	µg/l	r.u.	µg/l	%	m	°C	cells/ml	cells/ml	cells/ml	cells/ml	cells/ml	cells/ml	cells/ml	r.u.	cells/ml	digits	digits	digits	digits	digits	digits	digits	bar	°C	°C
9/3/2020 1:41:43 PM	6.21	2.74	10.58	0.04	0.00	0.00	0.00	0.00	19.57	100.00	0.06	27.30	3289	2743	4760	1	0	0	0	0	10793	172.89	31.40	7.31	29.81	25.54	31.61	68.75	1.01	30.18	29.54
9/3/2020 1:41:45 PM	7.08	2.45	9.65	0.47	0.00	0.00	0.00	0.00	19.65	100.00	0.17	27.27	3752	2454	4343	14	0	0	0	0	10563	172.83	30.79	7.88	29.49	25.84	31.51	69.21	1.02	30.20	29.38
9/3/2020 1:41:47 PM	6.58	2.74	10.09	0.02	0.00	0.00	0.00	0.00	19.43	100.00	0.22	27.31	3485	2743	4543	0	0	0	0	0	10772	172.45	30.34	7.01	29.63	24.78	31.33	67.87	1.02	30.22	29.42
9/3/2020 1:41:50 PM	6.75	2.34	9.38	0.80	0.00	0.00	0.00	0.00	19.27	100.00	0.31	27.28	3577	2338	4220	24	0	0	0	0	10158	172.46	30.88	8.17	29.24	25.33	31.71	68.40	1.03	30.27	29.37
9/3/2020 1:41:52 PM	6.89	2.57	9.56	0.30	0.00	0.00	0.00	0.00	19.32	100.00	0.33	27.28	3651	2567	4303	9	0	0	0	0	10529	172.19	30.08	8.11	29.38	25.87	30.86	67.22	1.03	30.26	29.37
9/3/2020 1:41:55 PM	7.38	2.47	8.93	0.63	0.00	0.00	0.00	0.00	19.42	100.00	0.38	27.24	3913	2470	4021	19	0	0	0	0	10423	172.58	29.81	8.06	29.46	25.76	31.60	67.56	1.04	30.29	29.58
9/3/2020 1:41:57 PM	6.33	2.59	9.83	0.19	0.00	0.00	0.00	0.00	18.93	100.00	0.45	27.26	3355	2589	4423	6	0	0	0	0	10372	171.91	30.13	7.15	28.61	25.61	30.83	65.98	1.04	30.30	29.41
9/3/2020 1:41:59 PM	6.26	2.78	9.09	0.00	0.00	0.00	0.00	0.00	18.13	100.00	0.51	27.19	3317	2777	4092	0	0	0	0	0	10186	172.45	28.01	6.67	28.12	24.82	30.02	61.44	1.05	30.32	29.39
9/3/2020 1:42:02 PM	6.12	2.75	8.94	0.11	0.00	0.00	0.00	0.00	17.92	100.00	0.57	27.11	3242	2751	4023	3	0	0	0	0	10020	173.06	27.80	7.09	28.11	24.22	29.90	60.91	1.06	30.33	29.46
9/3/2020 1:42:04 PM	5.96	2.87	8.98	0.00	0.00	0.00	0.00	0.00	17.81	100.00	0.64	27.05	3157	2870	4043	0	0	0	0	0	10069	172.46	27.61	6.90	28.30	24.16	29.88	60.07	1.06	30.33	29.48
9/3/2020 1:42:06 PM	5.62	2.69	9.23	0.00	0.00	0.00	0.00	0.00	17.54	100.00	0.73	26.86	2976	2691	4153	0	0	0	0	0	9820	172.37	27.81	6.92	27.64	23.63	28.94	60.13	1.07	30.38	29.41
9/3/2020 1:42:09 PM	5.69	2.76	8.52	0.00	0.00	0.00	0.00	0.00	16.98	100.00	0.83	26.70	3017	2764	3836	0	0	0	0	0	9616	172.82	26.29	6.94	27.17	23.30	28.54	56.99	1.08	30.41	29.47
9/3/2020 1:42:11 PM	6.01	2.90	7.33	0.00	0.00	0.00	0.00	0.00	16.24	100.00	0.88	26.58	3184	2904	3297	0	0	0	0	0	9385	172.28	23.83	6.92	26.83	22.84	27.90	52.33	1.09	30.38	29.52
9/3/2020 1:42:14 PM	5.84	3.01	7.64	0.00	0.00	0.00	0.00	0.00	16.49	100.00	0.97	26.37	3096	3015	3437	0	0	0	0	0	9547	172.63	24.60	6.89	27.43	23.32	28.66	53.16	1.10	30.42	29.61
9/3/2020 1:42:16 PM	4.97	2.92	7.38	0.00	0.00	0.00	0.00	0.07	15.26	100.00	1.07	26.21	2632	2919	3320	0	0	0	0	0	8871	172.65	23.64	6.55	26.34	22.59	26.91	49.60	1.10	30.45	29.44
9/3/2020 1:42:18 PM	5.49	3.01	6.91	0.00	0.00	0.00	0.00	0.06	15.40	100.00	1.06	26.22	2908	3010	3108	0	0	0	0	0	9025	172.74	22.83	6.75	26.52	22.48	27.37	49.15	1.10	30.43	29.53
9/3/2020 1:42:21 PM	5.21	2.82	6.36	0.31	0.00	0.00	0.00	0.15	14.70	100.00	1.12	26.09	2762	2824	2860	9	0	0	0	0	8455	173.17	22.36	6.73	25.36	22.41	27.34	47.81	1.11	30.46	29.54
9/3/2020 1:42:23 PM	5.27	3.10	6.99	0.00	0.00	0.00	0.00	0.07	15.35	100.00	1.27	26.04	2792	3098	3144	0	0	0	0	0	9034	173.41	22.99	6.70	26.62	22.49	27.88	48.92	1.12	30.46	29.56
9/3/2020 1:42:26 PM	4.95	3.15	7.06	0.00	0.00	0.00	0.00	0.05	15.16	100.00	1.33	26.04	2623	3151	3176	0	0	0	0	0	8951	173.66	22.97	7.20	27.14	22.03	27.31	48.08	1.13	30.49	29.59
9/3/2020 1:42:28 PM	5.04	2.95	7.07	0.08	0.00	0.00	0.00	0.13	15.14	100.00	1.31	26.10	2672	2947	3180	2	0	0	0	0	8802	173.46	23.27	7.38	26.19	22.90	27.24	49.29	1.13	30.50	29.49
9/3/2020 1:42:30 PM	5.58	3.22	6.90	0.00	0.00	0.00	0.00	0.07	15.70	100.00	1.32	26.10	2960	3219	3105	0	0	0	0	0	9283	173.32	23.06	7.01	27.48	22.86	28.38	49.57	1.13	30.52	29.63
9/3/2020 1:42:33 PM	4.96	3.04	7.24	0.04	0.00	0.00	0.00	0.09	15.28	100.00	1.35	26.07	2630	3036	3257	1	0	0	0	0	8924	173.71	23.50	7.07	26.42	22.70	27.77	49.35	1.13	30.53	29.68
9/3/2020 1:42:35 PM	5.09	3.09	7.03	0.14	0.00	0.00	0.00	0.09	15.35	100.00	1.46	26.02	2699	3088	3166	4	0	0	0	0	8956	173.28	23.44	7.19	26.79	22.75	28.26	49.32	1.14	30.53	29.70
9/3/2020 1:42:37 PM	5.70	3.65	6.98	0.00	0.00	0.00	0.00	0.08	16.33	100.00	1.48	25.71	3022	3646	3142	0	0	0	0	0	9810	172.94	23.76	7.15	29.96	23.58	30.03	50.51	1.15	30.55	29.67
9/3/2020 1:42:40 PM	5.39	3.57	7.60	0.08	0.00	0.00	0.00	0.10	16.64	100.00	1.53	25.50	2855	3574	3418	3	0	0	0	0	9849	172.61	25.24	7.60	29.57	24.53	31.11	52.76	1.15	30.57	29.70
9/3/2020 1:42:42 PM	6.06	3.77	8.17	0.00	0.00	0.00	0.00	0.13	18.00	100.00	1.62	25.24	3214	3775	3675	0	0	0	0	0	10663	172.91	26.99	8.03	31.57	26.77	32.68	57.38	1.16	30.59	29.56
9/3/2020 1:42:45 PM	6.50	4.21	8.58	0.00	0.00	0.00	0.00	0.14	19.29	100.00	1.67	25.02	3445	4207	3860	0	0	0	0	0	11513	172.18	28.68	8.93	35.05	28.58	34.51	60.85	1.16	30.59	29.57
9/3/2020 1:42:47 PM	7.34	3.95	8.37	0.00	0.00	0.00	0.00	0.21	19.65	100.00	1.74	25.06	3888	3946	3767	0	0	0	0	0	11600	172.14	28.56	8.92	33.78	29.90	34.55	63.08	1.17	30.58	29.66
9/3/2020 1:42:49 PM	8.33	4.14	8.84	0.00	0.00	0.00	0.00	0.24	21.31	100.00	1.80	25.13	4414	4140	3978	0	0	0	0	0	12533	171.92	30.55	9.14	36.14	32.53	36.62	68.61	1.18	30.61	29.68
9/3/2020 1:42:52 PM	8.67	4.73	9.63	0.00	0.00	0.00	0.00	0.46	23.04	100.00	1.84	25.23	4598	4734	4333	0	0	0	0	0	13664	171.53	33.82	9.58	40.43	37.13	40.06	75.19	1.18	30.62	29.59
9/3/2020 1:42:54 PM	10.97	5.32	10.09	0.00	0.00	0.00	0.00	0.63	26.39	100.00	1.92	24.89	5816	5320	4542	0	0	0	0	0	15679	171.04	37.19	11.10	45.60	43.39	44.97	86.19	1.19	30.61	29.67
9/3/2020 1:42:56 PM	14.15	5.87	10.13	0.00	0.00	0.00	0.00	0.73	30.15	100.00	1.98	24.62	7499	5870	4559	0	0	0	0	0	17928	170.45	39.98	11.83	51.56	49.43	49.35	97.53	1.19	30.63	29.62
9/3/2020 1:42:59 PM	14.88	6.08	10.41	0.00	0.00	0.00	0.00	0.75	31.37	100.00	2.05	24.79	7886	6079	4687	0	0	0	0	0	18651	170.62	41.28	12.09	52.90	51.32	51.73	101.36	1.20	30.64	29.63
9/3/2020 1:43:01 PM	16.20	6.24	9.92	0.00	0.00	0.00	0.00	0.92	32.35	100.00	2.07	24.65	8585	6238	4463	0	0	0	0	0	19285	169.80	41.44	12.69	54.50	54.26	52.81	104.86	1.20	30.65	29.70
9/3/2020 1:43:04 PM	16.19	6.28	10.30	0.00	0.00	0.00	0.00	0.89	32.77	100.00	2.13	24.58	8583	6278	4634	0	0	0	0	0	19495	170.01	42.33	12.53	55.07	54.58	53.40	106.27	1.21	30.64	29.70
9/3/2020 1:43:06 PM	14.41	5.78	9.82	0.00	0.00	0.00	0.00	0.92	30.01	100.00	2.20	24.59	7635	5781	4419	0	0	0	0	0	17835	170.42	39.79	11.40	50.52	51.18	49.70	98.52	1.22	30.65	29.70
9/3/2020 1:43:08 PM	12.96	5.20	8.57	0.00	0.00	0.00	0.00	0.72	26.73	100.00	2.22	24.38	6868	5203	3856	0	0	0	0	0	15927	170.60	34.84	10.71	45.20	44.42	44.59	86.51	1.22	30.65	29.72
9/3/2020 1:43:11 PM	12.41	5.41	7.96	0.00	0.00	0.00	0.00	0.79	25.77	100.00	2.25	24.44	6576	5406	3581	0	0	0	0	0	15563	170.81	33.46	10.61	45.66	43.51	43.74	82.70	1.22	30.65	29.69
9/3/2020 1:43:13 PM	11.41	5.14	7.39	0.00	0.00	0.00	0.00	0.77	23.95	100.00	2.31	24.58	6049	5143	3326	0	0	0	0	0	14518	171.09	31.24	9.82	42.96	40.68	41.29	76.74	1.23	30.66	29.72
9/3/2020 1:43:16 PM	9.42	4.02	6.48	0.00	0.00	0.00	0.00	0.61	19.92	100.00	2.36	24.45	4992	4020	2916	0	0	0	0	0	11928	172.01	26.40	8.44	34.04	33.81	34.98	64.70	1.23	30.66	29.70
9/3/2020 1:43:18 PM	7.52	3.64	5.65	0.00	0.00	0.00	0.00	0.62	16.81	100.00	2.42	24.35	3984	3640	2542	0	0	0	0	0	10166	172.23	23.00	7.27	29.92	29.45	30.88	54.85	1.24	30.66	29.72
9/3/2020 1:43:20 PM	7.70	3.70	5.26	0.00	0.00	0.00	0.00	0.64	16.67	100.00	2.48	24.36	4081	3705	2369	0	0	0	0	0	10155	173.02	22.28	7.54	30.16	29.34	30.66	53.94	1.24	30.66	29.74
9/3/2020 1:43:23 PM	6.56	3.17	4.15	0.00	0.00	0.00	0.00	0.68	13.87	100.00	2.56	24.27	3477	3165	1866	0	0	0	0	0	8509	173.09	18.58	6.57	25.81	25.76	26.06	45.47	1.25	30.68	29.69
9/3/2020 1:43:25 PM	5.25	2.53	2.80	0.03	0.00	0.00	0.00	0.68	10.61	100.00	2.62	24.01	2781	2525	1261	1	0	0	0	0	6568	173.66	14.14	5.27	20.31	21.19	21.19	35.29	1.26	30.68	29.73
9/3/2020 1:43:27 PM	4.88	2.27	2.50	0.25	0.00	0.00	0.00	0.69	9.90	100.00	2.69	23.83	2585	2274	1127	7	0	0	0	0	5993	173.60	13.69	5.02	19.02	20.37	20.42	33.67	1.26	30.68	29.75
9/3/2020 1:43:30 PM	4.29	1.97	2.10	0.43	0.00	0.00	0.00	0.69	8.79	100.00	2.73	23.83	2275	1969	944	13	0	0	0	0	5200	174.01	12.68	4.94	17.25	18.97	18.78	30.72	1.27	30.68	29.74
9/3/2020 1:43:32 PM	4.66	1.94	1.97	0.31	0.00	0.00	0.00	0.66	8.88	100.00	2.78	23.85	2468	1936	886	9	0	0	0	0	5300	172.66	12.14	4.49	16.90	18.72	18.50	30.56	1.27	30.70	29.72
9/3/2020 1:43:35 PM	4.36	2.02	2.34	0.19	0.00	0.00	0.00	0.73	8.91	100.00	2.79	23.73	2313	2016	1055	6	0	0	0	0	5390	172.77	12.70	4.69	17.19	19.50	18.44	31.30	1.27	30.67	29.77
9/3/2020 1:43:37 PM	4.43	1.83	2.05	0.43	0.00	0.00	0.00	0.69	8.74	100.00	2.81	23.83	2348	1830	921	13	0	0	0	0	5112	173.04	12.54	4.83	16.71	18.96	18.28	30.90	1.27	30.67	29.77
9/3/2020 1:43:39 PM	4.46	1.91	2.45	0.43	0.00	0.00	0.00	0.72	9.24	100.00	2.91	23.88	2364	1905	1101	13	0	0	0	0	5382	172.60	13.65	5.08	17.47	20.12	19.04	33.05	1.29	30.66	29.77
9/3/2020 1:43:42 PM	5.25	2.22	2.08	1.22	0.00	0.00	0.00	0.85	10.77	100.00	3.05	23.54	2784	2217	934	37	0	0	0	0	5972	171.89	16.31	6.74	21.19	23.53	23.72	38.58	1.30	30.67	29.78
9/3/2020 1:43:44 PM	5.05	2.24	2.29	1.05	0.00	0.00	0.00	0.83	10.63	100.00	3.11	23.34	2678	2237	1031	31	0	0	0	0	5978	171.63	16.13	6.48	20.88	23.12	23.21	37.97	1.30	30.66	29.77
9/3/2020 1:43:46 PM	5.02	2.57	2.41	1.23	0.00	0.00	0.00	0.86	11.22	100.00	3.13	23.42	2662	2565	1083	37	0	0	0	0	6347	171.76	17.28	7.18	22.91	24.12	25.36	39.49	1.31	30.66	29.75
9/3/2020 1:43:49 PM	5.41	2.66	2.47	0.99	0.00	0.00	0.00	0.79	11.52	100.00	3.14	23.52	2868	2656	1110	30	0	0	0	0	6663	171.36	16.79	7.25	23.22	23.75	25.00	39.45	1.31	30.67	29.78
9/3/2020 1:43:51 PM	5.34	2.82	2.83	0.82	0.00	0.00	0.00	0.82	11.81	100.00	3.19	23.60	2830	2820	1275	24	0	0	0	0	6950	171.70	17.31	7.06	23.77	24.39	25.51	40.37	1.31	30.66	29.69
9/3/2020 1:43:54 PM	5.65	2.43	2.50	2.47	0.00	0.00	0.00	0.78	13.05	100.00	3.31	23.54	2996	2425	1127	74	0	0	0	0	6622	171.29	21.48	8.79	25.72	26.48	30.34	46.76	1.32	30.66	29.77
9/3/2020 1:43:56 PM	7.42	4.39	4.20	6.58	0.00	0.00	0.00	0.61	22.58	100.00	3.41	23.08	3934	4385	1889	197	0	0	0	0	10406	170.34	40.53	18.96	47.87	38.82	57.07	77.22	1.33	30.66	29.78
9/3/2020 1:43:58 PM	8.40	4.49	4.24	9.12	0.00	0.00	0.00	0.51	26.26	100.00	3.52	22.41	4454	4492	1909	274	0	0	0	0	11128	169.73	49.06	22.32	54.92	43.80	68.64	90.98	1.35	30.64	29.75
9/3/2020 1:44:01 PM	9.81	6.26	5.60	12.06	0.00	0.00	0.00	0.41	33.73	100.00	3.66	21.36	5199	6256	2519	362	0	0	0	0	14337	169.58	63.52	29.89	72.63	53.67	89.67	114.25	1.36	30.64	29.77
9/3/2020 1:44:03 PM	9.44	6.25	4.95	10.18	0.00	0.00	0.00	0.47	30.81	100.00	3.76	20.42	5003	6248	2226	305	0	0	0	0	13782	170.10	55.98	26.59	67.12	49.32	81.40	102.37	1.37	30.62	29.82
9/3/2020 1:44:05 PM	8.70	7.40	4.40	6.42	0.00	0.00	0.00	0.43	26.92	100.00	3.86	19.81	4609	7400	1982	193	0	0	0	0	14184	171.30	43.32	21.40	62.12	41.16	70.54	81.11	1.38	30.62	29.79
9/3/2020 1:44:08 PM	8.63	7.37	4.06	6.48	0.00	0.00	0.00	0.44	26.53	100.00	3.89	19.83	4571	7366	1828	194	0	0	0	0	13959	172.19	42.62	21.25	61.68	40.63	70.20	79.68	1.38	30.62	29.79
9/3/2020 1:44:10 PM	9.23	7.68	4.40	6.56	0.00	0.00	0.00	0.38	27.88	100.00	3.96	20.12	4893	7684	1982	197	0	0	0	0	14756	171.77	44.16	21.97	64.16	41.89	72.65	83.14	1.39	30.60	29.75
9/3/2020 1:44:13 PM	7.99	7.86	4.60	5.06	0.00	0.00	0.00	0.44	25.51	100.00	4.06	19.67	4235	7857	2070	152	0	0	0	0	14314	172.21	39.52	19.73	60.55	38.61	66.81	74.02	1.40	30.58	29.77
9/3/2020 1:44:15 PM	8.63	7.97	4.48	4.97	0.00	0.00	0.00	0.42	26.05	100.00	4.16	18.88	4572	7972	2017	149	0	0	0	0	14710	171.43	39.35	20.02	61.37	39.00	67.17	74.99	1.41	30.57	29.80
9/3/2020 1:44:17 PM	7.02	7.74	4.07	2.68	0.00	0.00	0.00	0.46	21.51	100.00	4.27	18.48	3722	7743	1833	80	0	0	0	0	13378	173.16	30.15	15.66	53.04	32.22	55.67	58.17	1.42	30.55	29.79
9/3/2020 1:44:20 PM	6.56	7.44	3.61	2.53	0.00	0.00	0.00	0.54	20.14	100.00	4.29	18.32	3475	7439	1625	76	0	0	0	0	12615	173.51	28.27	14.80	50.46	31.06	53.04	54.51	1.42	30.53	29.75
9/3/2020 1:44:22 PM	7.07	7.67	3.90	2.45	0.00	0.00	0.00	0.53	21.09	100.00	4.33	18.52	3748	7666	1756	73	0	0	0	0	13244	173.64	29.18	15.26	52.08	32.27	54.33	57.13	1.42	30.52	29.79
9/3/2020 1:44:25 PM	6.37	7.19	3.45	2.10	0.00	0.00	0.00	0.47	19.12	100.00	4.42	18.49	3378	7190	1554	63	0	0	0	0	12185	173.74	26.07	13.82	47.99	28.94	49.95	50.76	1.43	30.50	29.82
9/3/2020 1:44:27 PM	6.56	6.55	2.83	2.04	0.00	0.00	0.00	0.52	17.99	100.00	4.49	18.19	3475	6553	1275	61	0	0	0	0	11365	173.64	24.14	12.23	44.26	27.97	46.95	48.48	1.44	30.49	29.77
9/3/2020 1:44:29 PM	6.18	6.58	3.35	1.20	0.00	0.00	0.00	0.53	17.31	100.00	4.58	17.95	3275	6582	1506	36	0	0	0	0	11400	173.70	22.56	11.52	42.75	27.04	43.85	45.98	1.45	30.46	29.77
9/3/2020 1:44:32 PM	6.12	6.09	2.68	1.45	0.00	0.00	0.00	0.51	16.34	100.00	4.59	17.59	3244	6092	1206	44	0	0	0	0	10585	174.12	21.23	11.31	40.47	25.64	41.85	43.59	1.45	30.45	29.82
9/3/2020 1:44:34 PM	6.17	6.26	3.25	1.15	0.00	0.00	0.00	0.56	16.83	100.00	4.60	17.61	3271	6258	1460	35	0	0	0	0	11024	173.43	21.96	11.10	41.07	26.82	42.19	45.41	1.45	30.43	29.74
9/3/2020 1:44:36 PM	6.21	5.92	2.65	1.43	0.00	0.00	0.00	0.58	16.22	100.00	4.61	18.00	3293	5923	1193	43	0	0	0	0	10452	173.29	21.24	10.62	39.54	26.29	41.48	44.20	1.45	30.41	29.74
9/3/2020 1:44:39 PM	5.88	6.41	3.11	1.10	0.00	0.00	0.00	0.54	16.51	100.00	4.62	18.59	3119	6412	1402	33	0	0	0	0	10966	174.52	21.40	10.92	41.21	26.01	42.32	43.58	1.45	30.38	29.73
9/3/2020 1:44:41 PM	5.69	6.41	3.32	1.03	0.00	0.00	0.00	0.58	16.45	100.00	4.66	18.57	3016	6406	1494	31	0	0	0	0	10947	174.10	21.63	11.25	41.22	26.33	41.90	43.84	1.46	30.36	29.77
9/3/2020 1:44:44 PM	6.09	5.94	3.00	1.13	0.00	0.00	0.00	0.58	16.16	100.00	4.74	18.10	3226	5938	1350	34	0	0	0	0	10547	174.10	21.03	10.76	39.31	26.14	40.37	43.96	1.46	30.34	29.74
9/3/2020 1:44:46 PM	5.85	5.66	3.12	0.93	0.00	0.00	0.00	0.67	15.57	100.00	4.82	17.54	3103	5658	1403	28	0	0	0	0	10193	174.78	20.58	10.03	37.47	26.38	38.55	43.51	1.47	30.31	29.75
9/3/2020 1:44:48 PM	6.21	5.60	3.11	0.73	0.00	0.00	0.00	0.64	15.65	100.00	4.91	17.29	3289	5600	1399	22	0	0	0	0	10311	174.54	20.04	9.76	37.03	26.25	37.78	43.53	1.48	30.30	29.77
9/3/2020 1:44:51 PM	6.07	5.43	3.17	0.65	0.00	0.00	0.00	0.70	15.33	100.00	4.98	16.94	3219	5426	1428	20	0	0	0	0	10093	174.47	19.85	9.54	36.04	26.44	36.70	43.40	1.49	30.27	29.75
9/3/2020 1:44:53 PM	6.16	4.90	2.95	0.57	0.00	0.00	0.00	0.66	14.58	100.00	5.07	16.40	3264	4901	1327	17	0	0	0	0	9508	174.67	18.56	8.81	33.30	25.21	33.97	41.80	1.50	30.24	29.70
9/3/2020 1:44:55 PM	6.19	4.87	3.08	0.17	0.00	0.00	0.00	0.72	14.31	100.00	5.18	16.07	3283	4869	1385	5	0	0	0	0	9543	174.13	17.77	8.58	32.53	25.46	32.32	41.27	1.51	30.21	29.73
9/3/2020 1:44:58 PM	6.28	4.76	3.06	0.07	0.00	0.00	0.00	0.71	14.17	100.00	5.27	15.78	3331	4761	1377	2	0	0	0	0	9471	174.09	17.37	7.87	31.67	25.16	31.78	40.88	1.52	30.19	29.75
9/3/2020 1:45:00 PM	6.87	4.38	2.69	0.00	0.00	0.00	0.00	0.80	13.95	100.00	5.33	15.52	3641	4382	1213	0	0	0	0	0	9236	173.58	16.57	7.54	30.27	25.91	29.75	41.47	1.52	30.15	29.69
9/3/2020 1:45:03 PM	7.78	4.27	2.61	0.00	0.00	0.00	0.00	0.84	14.65	100.00	5.42	15.40	4123	4267	1173	0	0	0	0	0	9564	172.95	16.94	7.25	30.49	27.33	29.96	44.25	1.53	30.13	29.67
9/3/2020 1:45:05 PM	8.84	4.32	2.79	0.00	0.00	0.00	0.00	0.93	15.96	100.00	5.46	15.11	4688	4321	1255	0	0	0	0	0	10264	171.18	18.28	7.56	31.72	30.14	31.49	49.23	1.54	30.09	29.68
9/3/2020 1:45:07 PM	8.69	4.36	2.70	0.00	0.00	0.00	0.00	0.89	15.74	100.00	5.48	15.37	4604	4357	1213	0	0	0	0	0	10174	171.24	17.88	7.56	31.66	29.36	31.34	47.99	1.54	30.07	29.69
9/3/2020 1:45:10 PM	8.30	4.15	2.77	0.00	0.00	0.00	0.00	0.84	15.22	100.00	5.49	16.05	4400	4154	1245	0	0	0	0	0	9798	171.48	17.52	7.11	30.19	28.27	30.53	46.61	1.54	30.03	29.68
9/3/2020 1:45:12 PM	8.92	4.23	2.73	0.00	0.00	0.00	0.00	0.92	15.88	100.00	5.51	16.22	4727	4230	1230	0	0	0	0	0	10186	171.68	18.09	7.62	31.39	30.02	30.99	49.14	1.54	29.98	29.68
9/3/2020 1:45:15 PM	9.45	4.42	2.72	0.00	0.00	0.00	0.00	0.95	16.58	100.00	5.55	16.27	5006	4420	1222	0	0	0	0	0	10649	170.82	18.58	7.89	32.69	31.15	32.23	51.03	1.54	29.95	29.67
9/3/2020 1:45:17 PM	9.66	4.33	2.74	0.00	0.00	0.00	0.00	0.89	16.72	100.00	5.57	16.23	5120	4329	1231	0	0	0	0	0	10680	170.68	18.56	7.78	32.71	30.84	31.74	51.32	1.55	29.92	29.66
9/3/2020 1:45:19 PM	10.67	4.47	2.68	0.00	0.00	0.00	0.00	0.96	17.82	100.00	5.59	16.21	5658	4471	1205	0	0	0	0	0	11334	170.24	19.35	8.17	34.51	33.01	32.82	54.92	1.55	29.88	29.63
9/3/2020 1:45:22 PM	12.53	4.82	2.96	0.00	0.00	0.00	0.00	1.17	20.31	100.00	5.66	16.17	6639	4818	1333	0	0	0	0	0	12789	167.55	21.98	8.58	37.84	38.56	36.53	63.93	1.55	29.84	29.64
9/3/2020 1:45:24 PM	14.00	5.27	3.04	0.00	0.00	0.00	0.00	1.27	22.30	100.00	5.75	15.23	7419	5271	1367	0	0	0	0	0	14056	166.20	23.68	9.29	41.36	42.13	39.69	69.92	1.56	29.80	29.67
9/3/2020 1:45:26 PM	13.96	5.41	3.24	0.00	0.00	0.00	0.00	1.40	22.61	100.00	5.83	14.59	7399	5411	1458	0	0	0	0	0	14268	165.79	24.62	9.44	42.25	43.89	40.55	71.82	1.57	29.77	29.59
9/3/2020 1:45:29 PM	14.48	5.55	3.30	0.00	0.00	0.00	0.00	1.47	23.33	100.00	5.91	14.45	7674	5547	1486	0	0	0	0	0	14707	166.05	25.36	9.78	43.51	45.50	41.52	74.31	1.58	29.74	29.57
9/3/2020 1:45:31 PM	14.30	5.51	3.28	0.00	0.00	0.00	0.00	1.40	23.09	100.00	6.01	14.18	7577	5510	1478	0	0	0	0	0	14565	166.07	25.00	9.60	42.94	44.54	41.39	73.13	1.59	29.70	29.59
9/3/2020 1:45:34 PM	13.54	5.24	3.01	0.00	0.00	0.00	0.00	1.46	21.79	100.00	6.13	14.01	7175	5239	1354	0	0	0	0	0	13768	165.91	23.85	9.13	41.22	43.37	38.94	69.85	1.60	29.66	29.57
9/3/2020 1:45:36 PM	15.53	5.62	2.83	0.00	0.00	0.00	0.00	1.64	23.98	100.00	6.25	13.74	8230	5623	1272	0	0	0	0	0	15125	166.43	25.43	9.43	44.68	48.00	42.04	76.99	1.61	29.62	29.52
9/3/2020 1:45:38 PM	17.89	6.40	3.04	0.00	0.00	0.00	0.00	1.87	27.32	100.00	6.32	13.18	9482	6397	1367	0	0	0	0	0	17246	164.22	28.63	10.63	50.83	54.76	47.31	87.67	1.62	29.57	29.53
9/3/2020 1:45:41 PM	19.57	6.75	3.56	0.00	0.00	0.00	0.00	1.88	29.89	100.00	6.34	13.05	10374	6752	1603	0	0	0	0	0	18729	163.32	31.19	11.41	54.27	58.40	50.91	95.58	1.62	29.53	29.52
9/3/2020 1:45:43 PM	21.06	7.37	3.72	0.00	0.00	0.00	0.00	1.96	32.15	100.00	6.40	13.61	11162	7366	1675	0	0	0	0	0	20203	162.72	33.25	12.22	59.28	62.06	54.14	101.87	1.63	29.48	29.54
9/3/2020 1:45:45 PM	23.41	7.78	3.54	0.00	0.00	0.00	0.00	2.35	34.73	100.00	6.51	13.67	12407	7779	1594	0	0	0	0	0	21779	160.76	35.60	12.75	63.29	69.39	57.78	111.87	1.64	29.44	29.49
9/3/2020 1:45:48 PM	23.37	7.88	4.29	0.00	0.00	0.00	0.00	2.33	35.53	100.00	6.60	13.34	12385	7877	1930	0	0	0	0	0	22191	159.44	37.33	13.23	63.71	70.50	59.71	114.93	1.65	29.39	29.48
9/3/2020 1:45:50 PM	28.96	9.41	4.14	0.00	0.00	0.00	0.00	3.38	42.51	100.00	6.73	12.95	15349	9407	1864	0	0	0	0	0	26619	156.44	44.45	15.58	77.00	90.17	70.00	141.19	1.66	29.33	29.47
9/3/2020 1:45:53 PM	30.57	9.82	3.89	0.00	0.00	0.00	0.00	3.94	44.28	100.00	6.82	12.61	16201	9825	1750	0	0	0	0	0	27776	155.59	46.69	16.20	80.90	98.12	72.52	149.89	1.67	29.28	29.43
9/3/2020 1:45:55 PM	29.66	9.48	4.11	0.00	0.00	0.00	0.00	3.89	43.25	100.00	6.92	12.85	15721	9482	1847	0	0	0	0	0	27050	156.12	46.22	15.79	78.22	96.46	71.13	147.46	1.68	29.25	29.46
9/3/2020 1:45:57 PM	26.37	8.50	3.82	0.00	0.00	0.00	0.00	4.00	38.69	100.00	7.02	12.65	13975	8499	1721	0	0	0	0	0	24194	157.27	43.00	14.52	70.13	91.71	64.65	136.24	1.69	29.18	29.38
9/3/2020 1:46:00 PM	24.43	7.43	3.47	0.00	0.00	0.00	0.00	3.64	35.33	100.00	7.12	12.30	12950	7429	1560	0	0	0	0	0	21939	159.06	39.07	13.04	62.20	83.80	58.89	125.19	1.70	29.15	29.36
9/3/2020 1:46:02 PM	22.41	7.13	3.10	0.00	0.00	0.00	0.00	3.61	32.64	100.00	7.19	12.14	11878	7129	1394	0	0	0	0	0	20402	158.31	36.72	12.06	59.16	79.74	55.12	116.71	1.70	29.09	29.31
9/3/2020 1:46:05 PM	22.53	7.60	3.69	0.00	0.00	0.00	0.00	3.53	33.82	100.00	7.24	12.32	11943	7596	1661	0	0	0	0	0	21201	157.98	38.41	12.92	62.39	80.47	57.26	119.22	1.71	29.05	29.36
9/3/2020 1:46:07 PM	21.98	6.65	3.64	0.00	0.00	0.00	0.00	3.50	32.27	100.00	7.26	12.74	11651	6651	1638	0	0	0	0	0	19940	158.33	36.91	12.12	55.67	78.55	54.75	116.70	1.71	28.99	29.33
9/3/2020 1:46:09 PM	21.85	6.86	3.01	0.00	0.00	0.00	0.00	3.59	31.72	100.00	7.28	12.85	11579	6861	1355	0	0	0	0	0	19794	158.86	35.85	11.91	56.97	78.40	53.80	114.29	1.71	28.93	29.28
9/3/2020 1:46:12 PM	20.88	6.89	3.55	0.00	0.00	0.00	0.00	3.53	31.31	100.00	7.28	12.76	11065	6888	1597	0	0	0	0	0	19550	158.48	36.36	12.08	56.29	77.30	54.15	113.05	1.71	28.89	29.31
9/3/2020 1:46:14 PM	21.11	7.01	3.39	0.00	0.00	0.00	0.00	3.37	31.50	100.00	7.29	12.94	11187	7010	1525	0	0	0	0	0	19721	158.51	35.92	12.02	57.96	75.85	53.37	111.84	1.71	28.83	29.29
9/3/2020 1:46:16 PM	22.27	7.16	2.95	0.00	0.00	0.00	0.00	3.49	32.39	100.00	7.30	13.13	11804	7165	1329	0	0	0	0	0	20298	158.06	36.02	12.30	59.75	78.05	54.06	114.62	1.72	28.78	29.26
9/3/2020 1:46:19 PM	22.12	6.63	2.77	0.00	0.00	0.00	0.00	3.55	31.52	100.00	7.35	13.16	11722	6630	1246	0	0	0	0	0	19597	158.44	35.12	11.55	55.69	77.74	52.99	113.66	1.72	28.73	29.21
9/3/2020 1:46:21 PM	19.22	6.19	2.72	0.00	0.00	0.00	0.00	3.27	28.13	100.00	7.43	12.74	10189	6186	1226	0	0	0	0	0	17601	158.47	32.17	10.70	51.00	70.33	48.53	101.77	1.73	28.67	29.17
9/3/2020 1:46:24 PM	18.10	5.94	2.43	0.00	0.00	0.00	0.00	3.14	26.47	100.00	7.49	12.29	9593	5936	1093	0	0	0	0	0	16622	159.80	30.28	10.28	49.14	66.67	45.49	95.69	1.73	28.62	29.22
9/3/2020 1:46:26 PM	16.43	5.16	2.31	0.00	0.00	0.00	0.00	2.85	23.89	100.00	7.58	12.49	8708	5159	1037	0	0	0	0	0	14904	160.11	27.52	9.12	43.02	60.55	41.51	87.24	1.74	28.55	29.08
9/3/2020 1:46:28 PM	15.88	4.88	2.10	0.00	0.00	0.00	0.00	2.83	22.87	100.00	7.67	12.29	8419	4884	945	0	0	0	0	0	14249	159.74	26.42	8.80	41.12	59.01	39.63	84.33	1.75	28.51	29.08
9/3/2020 1:46:31 PM	13.94	4.50	1.90	0.00	0.00	0.00	0.00	2.56	20.33	100.00	7.77	11.59	7386	4498	856	0	0	0	0	0	12739	160.84	23.73	8.19	37.62	52.74	35.69	74.82	1.76	28.44	29.07
9/3/2020 1:46:33 PM	13.00	4.32	1.85	0.00	0.00	0.00	0.00	2.50	19.17	100.00	7.93	11.14	6888	4320	834	0	0	0	0	0	12042	160.78	22.77	7.85	36.02	50.62	34.00	71.08	1.78	28.40	29.07
9/3/2020 1:46:35 PM	11.52	3.63	1.66	0.00	0.00	0.00	0.00	2.21	16.81	100.00	8.14	10.82	6106	3632	746	0	0	0	0	0	10484	162.00	20.04	6.86	30.77	44.65	30.06	62.91	1.80	28.33	29.04
9/3/2020 1:46:38 PM	11.22	3.67	1.67	0.00	0.00	0.00	0.00	2.20	16.56	100.00	8.26	10.70	5947	3671	752	0	0	0	0	0	10371	162.49	19.91	6.85	30.87	44.17	29.80	61.93	1.81	28.27	29.03
9/3/2020 1:46:40 PM	10.93	3.62	1.52	0.00	0.00	0.00	0.00	2.22	16.07	100.00	8.37	10.76	5794	3620	685	0	0	0	0	0	10099	161.79	19.40	6.72	30.29	43.70	29.15	60.51	1.82	28.22	29.02
9/3/2020 1:46:43 PM	10.43	3.43	1.38	0.00	0.00	0.00	0.00	2.12	15.25	100.00	8.47	10.76	5528	3434	622	0	0	0	0	0	9584	162.68	18.37	6.36	28.96	41.60	27.62	57.43	1.83	28.15	28.97
9/3/2020 1:46:45 PM	9.64	3.12	1.37	0.00	0.00	0.00	0.00	2.01	14.13	100.00	8.57	10.69	5110	3122	616	0	0	0	0	0	8848	162.46	17.31	5.79	26.58	39.05	25.83	53.82	1.84	28.11	28.93
9/3/2020 1:46:47 PM	9.34	3.02	1.27	0.00	0.00	0.00	0.00	2.02	13.63	100.00	8.68	10.66	4951	3020	572	0	0	0	0	0	8543	162.77	16.80	5.76	25.50	38.46	25.31	52.47	1.85	28.03	28.91
9/3/2020 1:46:50 PM	9.31	2.95	1.13	0.00	0.00	0.00	0.00	1.98	13.39	100.00	8.79	10.49	4934	2948	510	0	0	0	0	0	8392	162.47	16.30	5.56	25.10	37.73	24.70	51.42	1.86	27.98	28.93
9/3/2020 1:46:52 PM	9.63	3.12	1.25	0.00	0.00	0.00	0.00	1.97	14.00	100.00	8.82	10.62	5103	3119	564	0	0	0	0	0	8786	162.24	16.88	5.99	26.23	38.46	25.82	52.98	1.86	27.91	28.84
9/3/2020 1:46:54 PM	9.09	2.82	1.09	0.00	0.00	0.00	0.00	1.95	13.00	100.00	8.90	10.88	4816	2821	491	0	0	0	0	0	8128	163.19	15.85	5.57	24.09	36.95	24.09	50.25	1.87	27.85	28.87
9/3/2020 1:46:57 PM	8.99	2.87	1.18	0.00	0.00	0.00	0.00	1.98	13.04	100.00	8.97	10.87	4764	2871	532	0	0	0	0	0	8167	162.83	16.17	5.48	24.47	37.33	24.23	50.61	1.88	27.79	28.81
9/3/2020 1:46:59 PM	9.13	2.87	1.07	0.00	0.00	0.00	0.00	2.00	13.07	100.00	9.05	10.91	4839	2872	481	0	0	0	0	0	8192	162.55	16.04	5.42	24.51	37.54	24.23	50.73	1.89	27.73	28.77
9/3/2020 1:47:02 PM	9.05	2.82	0.97	0.00	0.00	0.00	0.00	1.98	12.84	100.00	9.12	10.92	4796	2823	436	0	0	0	0	0	8055	162.67	15.65	5.36	24.17	37.00	23.76	49.83	1.89	27.66	28.72
9/3/2020 1:47:04 PM	8.98	2.97	0.92	0.00	0.00	0.00	0.00	1.95	12.87	100.00	9.20	10.85	4757	2966	416	0	0	0	0	0	8139	162.10	15.55	5.45	24.81	36.61	24.10	49.20	1.90	27.61	28.72
9/3/2020 1:47:06 PM	8.67	2.78	0.91	0.00	0.00	0.00	0.00	1.95	12.36	100.00	9.32	10.69	4598	2778	410	0	0	0	0	0	7786	162.57	15.17	5.21	23.53	36.01	23.22	48.11	1.91	27.55	28.70
9/3/2020 1:47:09 PM	8.42	2.84	1.20	0.00	0.00	0.00	0.00	1.91	12.46	100.00	9.40	10.53	4463	2841	541	0	0	0	0	0	7845	162.37	15.67	5.35	23.85	35.81	23.59	48.30	1.92	27.49	28.67
9/3/2020 1:47:11 PM	8.41	2.67	0.84	0.00	0.00	0.00	0.00	1.92	11.91	100.00	9.50	10.56	4455	2671	377	0	0	0	0	0	7503	162.59	14.68	5.09	22.84	35.14	22.33	46.66	1.93	27.43	28.61
9/3/2020 1:47:14 PM	8.46	2.75	0.81	0.00	0.00	0.00	0.00	1.95	12.03	100.00	9.60	10.52	4483	2754	366	0	0	0	0	0	7603	162.51	14.79	5.15	23.29	35.49	22.67	46.95	1.94	27.36	28.60
9/3/2020 1:47:16 PM	8.42	2.71	0.89	0.00	0.00	0.00	0.00	1.97	12.03	100.00	9.68	10.36	4464	2711	402	0	0	0	0	0	7577	162.52	14.97	5.16	23.07	35.76	22.65	47.34	1.95	27.30	28.56
9/3/2020 1:47:18 PM	8.27	2.72	0.91	0.00	0.00	0.00	0.00	1.99	11.90	100.00	9.73	10.26	4381	2723	408	0	0	0	0	0	7512	162.53	14.99	5.11	22.95	35.82	22.68	47.11	1.95	27.23	28.56
9/3/2020 1:47:21 PM	8.23	2.64	0.84	0.00	0.00	0.00	0.00	1.93	11.71	100.00	9.75	10.29	4360	2639	380	0	0	0	0	0	7379	162.60	14.57	4.97	22.44	34.90	22.19	46.13	1.96	27.17	28.51
9/3/2020 1:47:23 PM	8.15	2.72	0.80	0.00	0.00	0.00	0.00	1.92	11.67	100.00	9.75	10.49	4318	2717	362	0	0	0	0	0	7397	162.85	14.54	4.83	23.07	34.77	22.02	45.71	1.96	27.10	28.50
9/3/2020 1:47:25 PM	8.05	2.63	0.86	0.00	0.00	0.00	0.00	1.96	11.55	100.00	9.77	10.89	4268	2634	388	0	0	0	0	0	7290	161.60	14.58	5.04	22.33	34.99	22.02	45.89	1.96	27.05	28.47
9/3/2020 1:47:28 PM	8.21	2.62	0.84	0.00	0.00	0.00	0.00	1.97	11.66	100.00	9.83	11.40	4349	2615	377	0	0	0	0	0	7341	162.46	14.62	5.02	22.39	35.26	22.01	46.35	1.96	26.98	28.38
9/3/2020 1:47:30 PM	7.56	2.63	0.96	0.00	0.00	0.00	0.00	1.95	11.15	100.00	9.91	11.50	4005	2633	434	0	0	0	0	0	7071	162.54	14.52	4.87	22.05	34.36	21.67	44.67	1.97	26.94	28.40
9/3/2020 1:47:33 PM	8.62	2.82	0.79	0.00	0.00	0.00	0.00	2.00	12.23	100.00	9.98	11.39	4566	2823	356	0	0	0	0	0	7745	162.57	15.06	5.05	24.01	36.22	22.84	47.76	1.98	26.86	28.37
9/3/2020 1:47:35 PM	8.27	2.63	0.72	0.00	0.00	0.00	0.00	2.07	11.62	100.00	10.05	11.20	4382	2634	325	0	0	0	0	0	7340	162.26	14.67	5.02	22.41	36.25	22.13	46.90	1.98	26.81	28.38
9/3/2020 1:47:37 PM	8.25	2.48	0.65	0.00	0.00	0.00	0.00	2.00	11.39	100.00	10.14	11.18	4372	2483	295	0	0	0	0	0	7149	162.34	14.18	4.84	21.48	35.28	21.50	45.93	1.99	26.74	28.30
9/3/2020 1:47:40 PM	8.01	2.75	0.80	0.00	0.00	0.00	0.00	2.02	11.57	100.00	10.22	11.37	4247	2749	362	0	0	0	0	0	7358	162.36	14.70	5.02	22.87	35.61	22.37	46.09	2.00	26.68	28.32
9/3/2020 1:47:42 PM	8.25	2.71	0.77	0.00	0.00	0.00	0.00	2.05	11.74	100.00	10.32	11.20	4371	2715	348	0	0	0	0	0	7434	162.09	14.81	5.07	23.04	36.13	22.25	46.89	2.01	26.60	28.18
9/3/2020 1:47:44 PM	8.28	2.66	0.76	0.00	0.00	0.00	0.00	2.06	11.70	100.00	10.42	10.97	4388	2661	343	0	0	0	0	0	7393	162.03	14.76	5.24	22.64	36.26	22.21	47.05	2.02	26.54	28.18
9/3/2020 1:47:47 PM	8.21	2.63	0.71	0.00	0.00	0.00	0.00	2.00	11.55	100.00	10.49	10.57	4352	2628	321	0	0	0	0	0	7301	161.90	14.44	4.80	22.32	35.39	22.00	46.09	2.03	26.48	28.18
9/3/2020 1:47:49 PM	8.03	2.61	0.75	0.00	0.00	0.00	0.00	1.99	11.40	100.00	10.56	10.54	4257	2615	338	0	0	0	0	0	7210	162.45	14.38	4.87	22.17	35.07	21.79	45.58	2.03	26.43	28.11
9/3/2020 1:47:52 PM	8.01	2.61	0.66	0.00	0.00	0.00	0.00	2.00	11.27	100.00	10.65	10.76	4244	2606	296	0	0	0	0	0	7146	162.46	14.16	4.83	22.00	35.00	21.66	45.18	2.04	26.37	28.07
9/3/2020 1:47:54 PM	7.91	2.68	0.63	0.00	0.00	0.00	0.00	2.04	11.21	100.00	10.76	10.51	4190	2679	281	0	0	0	0	0	7150	162.36	14.21	4.81	22.33	35.27	21.78	45.06	2.05	26.30	28.10
9/3/2020 1:47:56 PM	8.07	2.64	0.79	0.00	0.00	0.00	0.00	2.01	11.50	100.00	10.85	10.23	4276	2639	355	0	0	0	0	0	7271	162.12	14.56	4.89	22.29	35.41	22.05	46.03	2.06	26.23	28.02
9/3/2020 1:47:59 PM	8.18	2.60	0.78	0.00	0.00	0.00	0.00	1.99	11.55	100.00	10.91	10.24	4333	2597	349	0	0	0	0	0	7279	161.92	14.51	4.78	22.12	35.32	22.01	46.15	2.07	26.17	27.97
9/3/2020 1:48:01 PM	7.67	2.49	0.65	0.00	0.00	0.00	0.00	2.02	10.81	100.00	10.99	10.52	4063	2495	291	0	0	0	0	0	6849	161.79	13.91	4.68	21.18	34.66	20.94	44.20	2.08	26.11	27.97
9/3/2020 1:48:04 PM	7.75	2.67	0.72	0.00	0.00	0.00	0.00	2.05	11.14	100.00	11.06	10.33	4107	2667	325	0	0	0	0	0	7099	162.09	14.36	4.82	22.18	35.34	21.77	45.09	2.08	26.05	27.91
9/3/2020 1:48:06 PM	8.54	2.80	0.66	0.00	0.00	0.00	0.00	2.09	11.99	100.00	11.17	9.98	4524	2799	297	0	0	0	0	0	7619	161.82	14.90	5.01	23.39	36.85	22.96	47.70	2.09	25.98	27.86
