Date/Time	Green Algae	Bluegreen	Diatoms	Cryptophyta	#5	#6	#7	Yellow substances	Total conc.	Transmission	Depth	Temp. Sample	Green Algae	Bluegreen	Diatoms	Cryptophyta	#5	#6	#7	Yellow substances	Total cell count	Trans. 700 nm	LED 3 [525 nm]	LED 4 [570 nm]	LED 5 [610 nm]	LED 6 [370 nm]	LED 7 [590 nm]	LED 8 [470 nm]	Pressure	Temp. LEDs	Temp. Sensor
date	µg/l	µg/l	µg/l	µg/l	µg/l	µg/l	µg/l	r.u.	µg/l	%	m	°C	cells/ml	cells/ml	cells/ml	cells/ml	cells/ml	cells/ml	cells/ml	r.u.	cells/ml	digits	digits	digits	digits	digits	digits	digits	bar	°C	°C
8/19/2020 12:27:42 PM	0.44	1.20	1.13	0.00	0.00	0.00	0.00	0.57	2.76	100.00	0.24	26.54	232	1196	507	0	0	0	0	0	1934	178.60	5.94	1.01	8.62	9.23	9.58	10.94	1.02	26.57	26.34
8/19/2020 12:27:45 PM	0.70	0.62	1.64	0.21	0.00	0.00	0.00	0.22	3.17	100.00	0.30	26.53	369	620	739	6	0	0	0	0	1734	180.69	6.45	2.20	6.87	6.81	8.57	11.95	1.03	26.62	26.36
8/19/2020 12:27:47 PM	2.50	0.62	0.39	0.08	0.00	0.00	0.00	0.30	3.59	100.00	0.35	26.53	1327	618	175	3	0	0	0	0	2122	180.75	4.32	1.88	6.89	7.85	8.22	12.33	1.03	26.66	26.39
8/19/2020 12:27:49 PM	3.76	0.55	0.22	0.00	0.00	0.00	0.00	0.20	4.53	100.00	0.40	26.55	1995	546	98	0	0	0	0	0	2639	178.03	4.17	0.64	6.91	8.11	8.92	14.44	1.04	26.72	26.40
8/19/2020 12:27:52 PM	2.51	0.78	0.08	0.17	0.00	0.00	0.00	0.42	3.54	100.00	0.45	26.55	1331	780	37	5	0	0	0	0	2153	180.74	4.33	1.88	7.50	8.86	9.10	12.43	1.04	26.75	26.44
8/19/2020 12:27:54 PM	1.94	0.64	1.08	0.00	0.00	0.00	0.00	0.26	3.65	100.00	0.48	26.52	1026	636	484	0	0	0	0	0	2146	179.97	5.28	2.30	7.14	7.73	7.99	12.89	1.05	26.79	26.45
8/19/2020 12:27:57 PM	1.65	0.54	1.09	0.00	0.00	0.00	0.00	0.24	3.28	100.00	0.52	26.50	877	539	489	0	0	0	0	0	1905	179.23	5.01	2.40	7.01	6.99	6.72	11.77	1.05	26.84	26.45
8/19/2020 12:27:59 PM	2.64	0.39	0.00	0.60	0.00	0.00	0.00	0.30	3.63	100.00	0.59	26.46	1401	391	0	18	0	0	0	0	1810	178.59	4.84	2.28	6.74	8.10	9.05	13.24	1.06	26.88	26.44
8/19/2020 12:28:01 PM	2.89	0.59	0.19	0.13	0.00	0.00	0.00	0.38	3.79	100.00	0.66	26.47	1530	588	85	4	0	0	0	0	2207	179.04	4.44	1.31	6.78	8.89	8.80	13.50	1.06	26.92	26.46
8/19/2020 12:28:04 PM	1.40	0.79	0.94	0.00	0.00	0.00	0.00	0.53	3.13	100.00	0.73	26.49	740	794	424	0	0	0	0	0	1959	179.59	5.49	2.10	7.29	9.61	8.38	12.79	1.07	26.95	26.46
8/19/2020 12:28:06 PM	2.20	0.61	1.04	0.26	0.00	0.00	0.00	0.24	4.11	100.00	0.76	26.51	1164	608	470	8	0	0	0	0	2249	180.42	6.17	1.18	7.18	8.18	9.97	14.51	1.07	27.00	26.51
8/19/2020 12:28:09 PM	2.17	0.63	0.56	0.23	0.00	0.00	0.00	0.38	3.59	100.00	0.79	26.48	1149	626	250	7	0	0	0	0	2033	180.86	5.22	1.87	7.09	8.70	8.96	13.27	1.08	27.03	26.55
8/19/2020 12:28:11 PM	2.39	0.57	0.79	0.17	0.00	0.00	0.00	0.27	3.91	100.00	0.86	26.47	1269	569	353	5	0	0	0	0	2196	180.25	5.33	2.43	7.29	8.20	8.47	13.85	1.08	27.06	26.53
8/19/2020 12:28:13 PM	0.40	0.80	0.00	1.64	0.00	0.00	0.00	0.58	2.84	100.00	0.93	26.47	214	797	0	49	0	0	0	0	1060	178.54	6.92	3.65	8.05	10.07	14.61	13.08	1.09	27.09	26.54
8/19/2020 12:28:16 PM	2.85	0.92	0.50	0.00	0.00	0.00	0.00	0.29	4.27	100.00	0.97	26.45	1513	917	225	0	0	0	0	0	2656	179.65	4.75	2.69	9.03	8.52	8.85	13.59	1.09	27.13	26.56
8/19/2020 12:28:18 PM	2.73	0.46	0.00	0.46	0.00	0.00	0.00	0.35	3.65	100.00	1.03	26.45	1447	457	0	14	0	0	0	0	1918	180.94	4.58	2.64	6.96	8.57	8.66	13.35	1.10	27.17	26.56
8/19/2020 12:28:20 PM	2.84	0.51	0.00	0.82	0.00	0.00	0.00	0.06	4.17	100.00	1.08	26.47	1505	507	0	25	0	0	0	0	2036	180.05	5.09	2.94	7.93	6.39	10.29	12.96	1.11	27.19	26.61
8/19/2020 12:28:23 PM	4.00	0.94	0.00	0.00	0.00	0.00	0.00	0.22	4.94	100.00	1.15	26.46	2118	941	0	0	0	0	0	0	3059	178.32	3.25	2.08	8.97	8.69	10.16	14.51	1.11	27.24	26.59
8/19/2020 12:28:25 PM	2.71	0.66	0.32	0.22	0.00	0.00	0.00	0.38	3.91	100.00	1.20	26.47	1435	657	144	7	0	0	0	0	2243	180.50	4.99	1.71	7.37	9.10	9.33	13.95	1.12	27.27	26.64
8/19/2020 12:28:28 PM	1.96	0.40	0.00	0.67	0.00	0.00	0.00	0.47	3.03	100.00	1.24	26.48	1036	400	0	20	0	0	0	0	1457	178.40	4.42	2.66	5.78	9.14	9.67	12.79	1.12	27.30	26.63
8/19/2020 12:28:30 PM	2.78	0.40	0.00	0.52	0.00	0.00	0.00	0.33	3.70	100.00	1.27	26.46	1476	403	0	15	0	0	0	0	1895	180.16	4.55	2.59	6.67	8.53	8.96	13.61	1.12	27.32	26.66
8/19/2020 12:28:32 PM	2.27	0.78	0.73	0.07	0.00	0.00	0.00	0.27	3.86	100.00	1.33	26.45	1200	784	330	2	0	0	0	0	2317	179.16	5.01	2.45	7.88	7.89	8.84	12.85	1.13	27.36	26.66
8/19/2020 12:28:35 PM	2.24	0.26	0.09	0.90	0.00	0.00	0.00	0.30	3.48	100.00	1.38	26.46	1185	259	38	27	0	0	0	0	1509	179.93	5.71	2.55	6.66	8.11	9.36	13.61	1.13	27.40	26.66
8/19/2020 12:28:37 PM	1.77	0.51	0.77	0.27	0.00	0.00	0.00	0.40	3.31	100.00	1.42	26.47	936	508	345	8	0	0	0	0	1796	179.50	5.56	1.87	6.54	8.69	8.50	13.20	1.14	27.44	26.70
8/19/2020 12:28:39 PM	1.87	0.64	1.05	0.00	0.00	0.00	0.00	0.31	3.55	100.00	1.47	26.47	989	637	473	0	0	0	0	0	2099	179.48	5.36	1.54	6.84	8.08	8.33	12.95	1.14	27.46	26.70
8/19/2020 12:28:42 PM	2.48	0.22	0.00	0.89	0.00	0.00	0.00	0.32	3.59	100.00	1.49	26.47	1312	221	0	27	0	0	0	0	1560	180.47	5.52	2.40	6.40	8.49	9.54	14.13	1.15	27.49	26.71
8/19/2020 12:28:44 PM	2.38	0.76	1.16	0.00	0.00	0.00	0.00	0.16	4.31	100.00	1.50	26.46	1260	764	524	0	0	0	0	0	2548	180.16	5.61	1.77	7.82	7.48	9.36	13.87	1.15	27.53	26.74
8/19/2020 12:28:47 PM	3.05	0.50	0.01	0.34	0.00	0.00	0.00	0.33	3.90	100.00	1.54	26.44	1618	500	3	10	0	0	0	0	2131	180.42	4.52	1.90	6.98	8.61	8.88	13.71	1.15	27.56	26.73
8/19/2020 12:28:49 PM	2.20	0.45	0.12	0.58	0.00	0.00	0.00	0.42	3.35	100.00	1.58	26.45	1165	448	56	17	0	0	0	0	1687	179.99	5.28	1.74	6.60	8.89	9.34	13.26	1.16	27.58	26.76
8/19/2020 12:28:51 PM	2.32	0.58	0.74	0.15	0.00	0.00	0.00	0.36	3.79	100.00	1.65	26.46	1231	578	331	5	0	0	0	0	2145	180.28	5.41	1.94	7.05	8.91	8.68	14.08	1.16	27.61	26.76
8/19/2020 12:28:54 PM	3.67	0.66	0.07	0.00	0.00	0.00	0.00	0.24	4.40	100.00	1.72	26.45	1945	661	32	0	0	0	0	0	2639	179.77	3.92	1.24	7.56	8.19	8.74	13.81	1.17	27.63	26.78
8/19/2020 12:28:56 PM	1.71	0.60	0.70	0.11	0.00	0.00	0.00	0.44	3.12	100.00	1.80	26.47	907	598	314	3	0	0	0	0	1823	179.07	5.04	1.74	6.49	8.72	8.13	12.39	1.18	27.68	26.80
8/19/2020 12:28:59 PM	2.05	0.83	0.90	0.00	0.00	0.00	0.00	0.34	3.78	100.00	1.87	26.46	1087	830	404	0	0	0	0	0	2321	179.90	5.34	1.58	7.84	8.48	9.03	13.13	1.18	27.71	26.85
8/19/2020 12:29:01 PM	2.58	0.31	0.00	0.73	0.00	0.00	0.00	0.24	3.61	100.00	1.91	26.46	1365	305	0	22	0	0	0	0	1692	180.91	4.87	2.74	6.63	7.54	9.03	13.08	1.19	27.72	26.80
8/19/2020 12:29:03 PM	1.75	0.49	0.00	0.96	0.00	0.00	0.00	0.42	3.20	100.00	1.96	26.48	927	493	0	29	0	0	0	0	1449	180.41	5.92	2.17	7.15	8.77	10.51	12.96	1.19	27.76	26.83
8/19/2020 12:29:06 PM	1.52	0.66	1.35	0.00	0.00	0.00	0.00	0.36	3.53	100.00	2.01	26.47	808	655	606	0	0	0	0	0	2069	179.46	6.01	1.72	7.09	8.60	8.30	13.54	1.20	27.78	26.84
8/19/2020 12:29:08 PM	2.69	0.73	0.54	0.00	0.00	0.00	0.00	0.37	3.96	100.00	2.07	26.46	1425	728	243	0	0	0	0	0	2396	180.31	4.84	1.72	7.51	9.07	8.79	13.86	1.20	27.81	26.83
8/19/2020 12:29:10 PM	1.79	0.66	0.95	0.05	0.00	0.00	0.00	0.45	3.45	100.00	2.11	26.43	948	659	429	2	0	0	0	0	2038	179.48	5.63	1.41	6.79	9.35	8.75	13.64	1.21	27.83	26.84
8/19/2020 12:29:13 PM	1.92	0.62	1.04	0.00	0.00	0.00	0.00	0.39	3.57	100.00	2.16	26.43	1016	615	468	0	0	0	0	0	2100	179.32	5.54	1.52	6.78	8.88	8.35	13.66	1.21	27.87	26.85
8/19/2020 12:29:15 PM	3.13	0.71	0.39	0.05	0.00	0.00	0.00	0.28	4.28	100.00	2.24	26.40	1661	712	174	2	0	0	0	0	2548	179.99	4.64	1.59	7.60	8.51	9.26	14.06	1.22	27.88	26.88
8/19/2020 12:29:18 PM	1.75	0.71	1.24	0.00	0.00	0.00	0.00	0.39	3.70	100.00	2.27	26.40	929	709	556	0	0	0	0	0	2194	179.51	6.04	1.70	7.79	9.11	8.26	14.05	1.22	27.92	26.93
8/19/2020 12:29:20 PM	2.44	0.63	0.00	0.88	0.00	0.00	0.00	0.31	3.96	100.00	2.30	26.39	1295	633	0	26	0	0	0	0	1954	179.82	5.89	2.01	7.99	8.55	11.52	13.99	1.23	27.94	26.94
8/19/2020 12:29:22 PM	2.67	1.02	0.00	0.53	0.00	0.00	0.00	0.37	4.22	100.00	2.35	26.38	1415	1020	0	16	0	0	0	0	2451	179.03	5.42	2.57	9.44	9.24	11.59	13.84	1.23	27.95	26.93
8/19/2020 12:29:25 PM	2.10	0.79	1.05	0.00	0.00	0.00	0.00	0.39	3.95	100.00	2.42	26.38	1115	790	473	0	0	0	0	0	2379	178.90	5.82	2.18	8.24	9.31	8.64	14.36	1.24	27.98	26.94
8/19/2020 12:29:27 PM	2.83	0.61	0.29	0.36	0.00	0.00	0.00	0.32	4.10	100.00	2.47	26.37	1501	612	133	11	0	0	0	0	2256	179.13	5.24	1.95	7.58	8.86	9.68	14.37	1.24	28.01	26.96
8/19/2020 12:29:29 PM	2.84	0.68	1.09	0.00	0.00	0.00	0.00	0.22	4.61	100.00	2.55	26.36	1503	682	491	0	0	0	0	0	2676	179.50	5.78	2.34	8.19	8.59	8.85	15.49	1.25	28.03	26.99
8/19/2020 12:29:32 PM	2.70	0.73	0.81	0.00	0.00	0.00	0.00	0.28	4.25	100.00	2.61	26.37	1433	733	364	0	0	0	0	0	2529	179.26	5.27	1.68	7.69	8.63	9.17	14.37	1.26	28.07	26.96
8/19/2020 12:29:34 PM	2.62	0.66	0.89	0.00	0.00	0.00	0.00	0.33	4.16	100.00	2.68	26.36	1387	656	400	0	0	0	0	0	2442	179.08	5.43	2.19	7.72	9.01	8.43	14.74	1.26	28.08	27.02
8/19/2020 12:29:37 PM	1.48	0.70	0.85	0.40	0.00	0.00	0.00	0.49	3.42	100.00	2.75	26.36	783	695	381	12	0	0	0	0	1871	179.60	6.39	2.11	7.51	9.71	9.78	13.99	1.27	28.11	27.02
8/19/2020 12:29:39 PM	3.12	0.63	0.88	0.00	0.00	0.00	0.00	0.25	4.63	100.00	2.80	26.35	1652	632	397	0	0	0	0	0	2680	179.87	5.48	2.25	7.86	8.90	8.82	15.70	1.27	28.12	27.04
8/19/2020 12:29:41 PM	2.39	0.49	0.77	0.56	0.00	0.00	0.00	0.22	4.21	100.00	2.84	26.36	1266	491	346	17	0	0	0	0	2120	178.67	6.37	2.13	7.51	8.28	10.07	15.06	1.28	28.15	27.04
8/19/2020 12:29:44 PM	2.51	0.45	0.57	0.41	0.00	0.00	0.00	0.30	3.95	100.00	2.90	26.36	1330	453	258	12	0	0	0	0	2053	179.92	5.65	2.44	7.18	8.60	8.94	14.53	1.28	28.18	27.07
8/19/2020 12:29:46 PM	3.86	0.44	0.00	0.37	0.00	0.00	0.00	0.25	4.67	100.00	2.95	26.35	2045	440	0	11	0	0	0	0	2497	179.49	4.41	2.56	7.20	9.04	9.60	15.81	1.29	28.20	27.06
8/19/2020 12:29:49 PM	2.76	0.65	0.99	0.00	0.00	0.00	0.00	0.29	4.40	100.00	3.00	26.36	1464	649	445	0	0	0	0	0	2557	179.44	5.73	1.79	8.09	9.06	8.48	15.39	1.29	28.22	27.07
8/19/2020 12:29:51 PM	2.49	0.65	1.06	0.00	0.00	0.00	0.00	0.28	4.21	100.00	3.07	26.36	1321	653	477	0	0	0	0	0	2451	179.87	5.65	2.01	7.57	8.66	8.70	14.74	1.30	28.23	27.09
8/19/2020 12:29:53 PM	2.23	0.75	1.25	0.00	0.00	0.00	0.00	0.30	4.22	100.00	3.16	26.35	1181	750	560	0	0	0	0	0	2492	179.22	6.11	1.91	8.28	8.84	8.82	14.86	1.31	28.27	27.07
8/19/2020 12:29:56 PM	2.57	0.81	0.83	0.00	0.00	0.00	0.00	0.32	4.22	100.00	3.22	26.35	1365	811	375	0	0	0	0	0	2550	179.41	5.42	1.33	7.80	8.85	9.69	14.34	1.32	28.28	27.09
8/19/2020 12:29:58 PM	2.61	0.70	1.07	0.00	0.00	0.00	0.00	0.27	4.38	100.00	3.25	26.35	1384	702	480	0	0	0	0	0	2566	178.88	5.79	1.67	7.95	8.75	9.01	15.07	1.32	28.30	27.14
8/19/2020 12:30:00 PM	2.59	0.80	0.97	0.00	0.00	0.00	0.00	0.38	4.35	100.00	3.28	26.36	1372	796	436	0	0	0	0	0	2604	179.46	5.92	1.59	8.18	9.75	9.51	15.48	1.32	28.31	27.15
8/19/2020 12:30:03 PM	2.21	0.53	0.98	0.28	0.00	0.00	0.00	0.29	4.00	100.00	3.34	26.35	1169	534	441	8	0	0	0	0	2152	179.91	6.11	2.17	7.27	8.65	9.11	14.77	1.33	28.34	27.11
8/19/2020 12:30:05 PM	1.93	0.76	1.17	0.00	0.00	0.00	0.00	0.39	3.86	100.00	3.40	26.35	1024	756	528	0	0	0	0	0	2308	179.28	5.97	2.06	7.72	9.25	8.86	14.35	1.33	28.36	27.16
8/19/2020 12:30:08 PM	2.30	0.85	1.16	0.00	0.00	0.00	0.00	0.32	4.30	100.00	3.47	26.34	1219	846	521	0	0	0	0	0	2586	179.62	6.05	2.04	8.39	9.11	9.52	14.94	1.34	28.38	27.17
8/19/2020 12:30:10 PM	2.34	0.75	1.19	0.00	0.00	0.00	0.00	0.31	4.28	100.00	3.52	26.33	1238	750	535	0	0	0	0	0	2524	179.53	6.08	1.57	7.79	9.08	9.48	15.12	1.34	28.42	27.19
8/19/2020 12:30:12 PM	2.81	0.91	1.04	0.12	0.00	0.00	0.00	0.28	4.88	100.00	3.58	26.31	1489	914	467	4	0	0	0	0	2874	179.52	6.39	2.15	9.06	9.48	10.80	16.28	1.35	28.42	27.19
8/19/2020 12:30:15 PM	2.51	0.67	0.57	0.55	0.00	0.00	0.00	0.39	4.30	100.00	3.67	26.26	1332	667	258	16	0	0	0	0	2274	178.52	6.50	2.96	8.54	9.99	10.38	15.99	1.36	28.43	27.22
8/19/2020 12:30:17 PM	2.31	0.86	1.42	0.00	0.00	0.00	0.00	0.32	4.59	100.00	3.76	26.24	1226	861	638	0	0	0	0	0	2724	178.43	6.66	2.54	8.85	9.55	9.68	16.10	1.37	28.45	27.24
8/19/2020 12:30:19 PM	2.25	0.98	1.33	0.00	0.00	0.00	0.00	0.37	4.56	100.00	3.82	26.24	1195	979	599	0	0	0	0	0	2772	178.61	6.69	2.12	9.12	9.98	10.31	16.02	1.37	28.48	27.21
8/19/2020 12:30:22 PM	2.06	0.74	0.99	0.48	0.00	0.00	0.00	0.42	4.27	100.00	3.86	26.25	1092	745	444	14	0	0	0	0	2295	178.57	7.18	2.55	8.59	10.28	10.82	16.31	1.38	28.49	27.24
8/19/2020 12:30:24 PM	3.07	0.84	1.15	0.00	0.00	0.00	0.00	0.29	5.07	100.00	3.92	26.24	1630	838	520	0	0	0	0	0	2987	178.93	6.48	1.35	8.87	9.85	10.36	17.14	1.38	28.51	27.24
8/19/2020 12:30:27 PM	2.65	0.94	1.33	0.00	0.00	0.00	0.00	0.32	4.92	100.00	3.96	26.23	1404	944	599	0	0	0	0	0	2947	178.33	6.74	2.33	9.31	9.96	10.38	16.84	1.39	28.53	27.22
8/19/2020 12:30:29 PM	2.57	1.08	1.44	0.00	0.00	0.00	0.00	0.30	5.09	100.00	3.98	26.22	1361	1083	647	0	0	0	0	0	3091	178.26	6.99	2.87	10.04	9.99	10.86	16.98	1.39	28.55	27.27
8/19/2020 12:30:31 PM	2.66	0.95	1.34	0.00	0.00	0.00	0.00	0.35	4.95	100.00	4.02	26.22	1411	950	601	0	0	0	0	0	2963	178.02	6.85	2.51	9.45	10.35	10.34	17.19	1.39	28.56	27.31
8/19/2020 12:30:34 PM	2.87	1.09	1.21	0.00	0.00	0.00	0.00	0.35	5.16	100.00	4.06	26.19	1519	1086	544	0	0	0	0	0	3149	177.97	6.78	2.55	10.07	10.51	10.99	17.31	1.40	28.58	27.27
8/19/2020 12:30:36 PM	2.55	0.96	1.49	0.04	0.00	0.00	0.00	0.32	5.04	100.00	4.12	26.19	1351	964	670	1	0	0	0	0	2986	178.97	7.20	2.54	9.47	10.22	10.81	17.44	1.40	28.60	27.34
8/19/2020 12:30:38 PM	2.79	0.90	1.50	0.00	0.00	0.00	0.00	0.34	5.19	100.00	4.16	26.17	1479	900	676	0	0	0	0	0	3055	178.55	7.31	1.97	9.38	10.67	10.63	18.23	1.41	28.62	27.30
8/19/2020 12:30:41 PM	2.70	1.02	1.37	0.00	0.00	0.00	0.00	0.36	5.09	100.00	4.22	26.17	1429	1023	616	0	0	0	0	0	3068	178.59	7.05	2.14	9.52	10.60	11.13	17.55	1.41	28.63	27.32
8/19/2020 12:30:43 PM	2.52	1.05	1.48	0.07	0.00	0.00	0.00	0.35	5.12	100.00	4.27	26.16	1334	1047	665	2	0	0	0	0	3049	178.77	7.41	2.66	9.90	10.57	11.28	17.69	1.42	28.65	27.37
8/19/2020 12:30:46 PM	2.32	1.10	1.50	0.00	0.00	0.00	0.00	0.41	4.92	100.00	4.30	26.18	1229	1101	676	0	0	0	0	0	3006	178.30	7.33	2.47	9.88	10.85	11.10	17.33	1.42	28.66	27.32
8/19/2020 12:30:48 PM	2.74	1.08	1.32	0.00	0.00	0.00	0.00	0.37	5.14	100.00	4.37	26.18	1451	1081	592	0	0	0	0	0	3125	178.45	7.00	2.38	9.88	10.67	11.21	17.51	1.43	28.68	27.32
8/19/2020 12:30:50 PM	2.65	0.98	1.43	0.02	0.00	0.00	0.00	0.37	5.09	100.00	4.45	26.19	1406	984	644	1	0	0	0	0	3034	178.39	7.22	2.23	9.45	10.70	11.06	17.80	1.44	28.69	27.40
8/19/2020 12:30:53 PM	2.72	1.14	1.45	0.00	0.00	0.00	0.00	0.33	5.31	100.00	4.52	26.19	1441	1141	653	0	0	0	0	0	3235	178.24	7.30	2.35	10.35	10.57	11.48	17.78	1.44	28.72	27.40
8/19/2020 12:30:55 PM	2.74	1.12	1.53	0.00	0.00	0.00	0.00	0.32	5.39	100.00	4.56	26.19	1451	1116	690	0	0	0	0	0	3257	178.67	7.43	2.42	10.36	10.54	11.43	18.06	1.45	28.73	27.36
8/19/2020 12:30:58 PM	2.62	1.30	1.35	0.08	0.00	0.00	0.00	0.42	5.35	100.00	4.58	26.19	1386	1297	608	2	0	0	0	0	3294	178.07	7.57	2.81	10.99	11.40	12.39	18.12	1.45	28.74	27.41
8/19/2020 12:31:00 PM	2.40	1.17	1.34	0.21	0.00	0.00	0.00	0.42	5.12	100.00	4.62	26.18	1270	1174	604	6	0	0	0	0	3054	177.66	7.71	3.03	10.62	11.22	12.06	17.90	1.45	28.77	27.44
8/19/2020 12:31:02 PM	2.89	1.46	1.44	0.00	0.00	0.00	0.00	0.38	5.79	100.00	4.69	26.15	1530	1457	649	0	0	0	0	0	3636	177.91	7.74	2.97	12.19	11.48	12.65	18.74	1.46	28.78	27.41
8/19/2020 12:31:05 PM	3.25	1.31	1.40	0.00	0.00	0.00	0.00	0.29	5.96	100.00	4.75	26.12	1721	1312	630	0	0	0	0	0	3663	178.65	7.49	2.97	11.72	10.90	12.25	18.95	1.47	28.78	27.47
8/19/2020 12:31:07 PM	2.79	1.25	1.72	0.00	0.00	0.00	0.00	0.33	5.76	100.00	4.79	26.07	1476	1253	775	0	0	0	0	0	3505	177.94	8.16	2.09	11.76	11.16	11.78	19.18	1.47	28.80	27.42
8/19/2020 12:31:09 PM	3.14	1.44	1.24	0.19	0.00	0.00	0.00	0.36	6.02	100.00	4.86	26.03	1664	1443	560	6	0	0	0	0	3673	177.87	7.90	3.68	12.44	11.62	13.41	19.36	1.48	28.82	27.46
8/19/2020 12:31:12 PM	3.02	2.03	1.56	0.00	0.00	0.00	0.00	0.30	6.62	100.00	4.92	26.00	1602	2035	702	0	0	0	0	0	4339	177.40	8.42	3.37	15.15	11.57	15.13	19.30	1.48	28.83	27.49
8/19/2020 12:31:14 PM	2.95	1.62	1.75	0.00	0.00	0.00	0.00	0.35	6.32	100.00	4.96	25.76	1565	1618	786	0	0	0	0	0	3969	177.12	8.58	3.19	13.39	11.90	13.56	20.09	1.49	28.85	27.49
8/19/2020 12:31:17 PM	2.84	1.71	1.08	0.52	0.00	0.00	0.00	0.43	6.16	100.00	5.02	25.50	1507	1709	488	16	0	0	0	0	3720	176.72	8.81	3.83	13.84	12.47	15.71	19.84	1.49	28.86	27.47
8/19/2020 12:31:19 PM	1.95	2.22	2.52	0.00	0.00	0.00	0.00	0.55	6.69	100.00	5.07	25.51	1036	2218	1132	0	0	0	0	0	4386	176.69	10.85	3.81	15.98	14.33	16.39	22.10	1.50	28.86	27.50
8/19/2020 12:31:21 PM	1.43	2.55	2.70	0.35	0.00	0.00	0.00	0.67	7.03	100.00	5.12	25.51	758	2547	1214	11	0	0	0	0	4529	175.97	12.60	5.44	17.97	16.07	18.99	23.91	1.50	28.89	27.50
8/19/2020 12:31:24 PM	1.69	2.37	2.64	0.32	0.00	0.00	0.00	0.70	7.01	100.00	5.18	25.45	896	2366	1187	10	0	0	0	0	4458	174.83	12.41	5.34	17.28	16.36	18.21	24.44	1.51	28.89	27.51
8/19/2020 12:31:26 PM	1.76	2.22	2.59	0.54	0.00	0.00	0.00	0.64	7.11	100.00	5.22	25.25	931	2222	1165	16	0	0	0	0	4334	175.30	12.78	5.27	17.05	16.09	18.58	24.93	1.51	28.90	27.55
8/19/2020 12:31:28 PM	1.03	2.50	3.54	0.42	0.00	0.00	0.00	0.93	7.50	100.00	5.28	24.31	546	2504	1594	13	0	0	0	0	4657	176.50	15.25	5.66	18.48	19.68	19.96	28.70	1.52	28.93	27.52
8/19/2020 12:31:31 PM	1.04	2.16	3.19	0.79	0.00	0.00	0.00	0.94	7.18	100.00	5.31	22.90	554	2164	1434	24	0	0	0	0	4176	177.45	15.29	6.08	17.61	19.58	19.39	28.76	1.52	28.92	27.54
8/19/2020 12:31:33 PM	1.75	2.36	3.27	0.24	0.00	0.00	0.00	0.95	7.62	100.00	5.34	21.70	926	2362	1471	7	0	0	0	0	4766	177.10	14.40	5.34	17.79	20.03	18.94	29.13	1.52	28.93	27.56
8/19/2020 12:31:36 PM	1.58	2.82	3.74	0.19	0.00	0.00	0.00	0.81	8.33	100.00	5.34	21.19	838	2818	1682	6	0	0	0	0	5344	176.83	15.23	6.48	20.25	19.39	20.56	29.46	1.52	28.95	27.59
8/19/2020 12:31:38 PM	1.22	2.29	4.03	0.13	0.00	0.00	0.00	0.78	7.66	100.00	5.35	20.70	645	2288	1813	4	0	0	0	0	4749	176.61	15.05	5.21	17.39	18.58	18.51	28.89	1.52	28.93	27.57
8/19/2020 12:31:40 PM	1.37	2.00	3.16	0.63	0.00	0.00	0.00	0.83	7.15	100.00	5.36	20.48	726	1996	1420	19	0	0	0	0	4161	177.15	14.50	5.26	16.50	18.45	18.48	28.02	1.53	28.95	27.60
8/19/2020 12:31:43 PM	1.74	1.79	2.49	0.76	0.00	0.00	0.00	0.79	6.78	100.00	5.41	20.54	920	1792	1119	23	0	0	0	0	3854	177.03	13.27	4.96	15.49	17.45	17.75	26.43	1.53	28.95	27.60
8/19/2020 12:31:45 PM	1.58	1.91	2.91	0.58	0.00	0.00	0.00	0.79	6.98	100.00	5.46	20.80	835	1909	1309	18	0	0	0	0	4072	177.19	13.73	5.03	15.91	17.78	17.83	27.07	1.53	28.96	27.61
8/19/2020 12:31:48 PM	1.53	2.32	3.15	0.55	0.00	0.00	0.00	0.91	7.55	100.00	5.52	20.73	812	2316	1417	17	0	0	0	0	4562	177.66	14.80	5.97	18.12	19.63	19.44	28.95	1.54	28.94	27.62
8/19/2020 12:31:50 PM	0.79	2.49	3.60	0.76	0.00	0.00	0.00	1.06	7.65	100.00	5.58	19.93	420	2493	1621	23	0	0	0	0	4557	177.76	16.62	6.55	19.30	21.33	20.97	30.70	1.55	28.95	27.65
8/19/2020 12:31:52 PM	0.87	2.49	3.67	0.63	0.00	0.00	0.00	1.07	7.68	100.00	5.64	19.33	463	2495	1653	19	0	0	0	0	4630	177.90	16.48	6.61	19.23	21.53	20.53	30.87	1.55	28.96	27.65
8/19/2020 12:31:55 PM	0.85	2.55	3.70	0.59	0.00	0.00	0.00	1.08	7.69	100.00	5.74	19.06	451	2552	1664	18	0	0	0	0	4686	177.91	16.46	6.50	19.35	21.62	20.66	30.81	1.56	28.96	27.61
8/19/2020 12:31:57 PM	0.68	3.03	3.43	0.99	0.00	0.00	0.00	1.14	8.13	100.00	5.77	18.70	361	3030	1542	30	0	0	0	0	4962	178.48	17.51	7.47	22.08	22.57	23.81	31.46	1.57	28.95	27.64
8/19/2020 12:31:59 PM	0.00	3.55	4.34	0.55	0.00	0.00	0.00	1.19	8.44	100.00	5.80	18.90	0	3554	1953	16	0	0	0	0	5524	178.47	18.46	7.76	23.83	23.28	24.65	31.91	1.57	28.96	27.64
8/19/2020 12:32:02 PM	0.29	3.06	3.92	0.77	0.00	0.00	0.00	1.14	8.04	100.00	5.85	18.96	153	3060	1764	23	0	0	0	0	5001	178.12	17.79	7.28	21.85	22.47	23.31	31.40	1.57	28.94	27.62
8/19/2020 12:32:04 PM	0.00	3.73	4.20	0.44	0.00	0.00	0.00	1.18	8.37	100.00	5.96	18.28	0	3730	1889	13	0	0	0	0	5633	178.39	18.03	7.65	24.22	22.95	24.79	30.75	1.58	28.94	27.65
8/19/2020 12:32:07 PM	0.00	3.54	3.91	0.70	0.00	0.00	0.00	1.16	8.14	100.00	6.07	17.70	0	3536	1759	21	0	0	0	0	5316	178.62	18.11	7.63	23.64	22.54	24.63	30.24	1.59	28.94	27.65
8/19/2020 12:32:09 PM	0.00	3.46	3.02	1.31	0.00	0.00	0.00	1.22	7.79	100.00	6.19	17.83	0	3462	1359	39	0	0	0	0	4861	178.65	18.28	8.08	23.92	22.71	25.70	29.32	1.61	28.93	27.70
8/19/2020 12:32:11 PM	0.00	3.85	3.56	0.96	0.00	0.00	0.00	1.11	8.37	100.00	6.30	17.68	0	3846	1603	29	0	0	0	0	5477	178.72	18.52	8.02	25.28	22.18	26.53	29.41	1.62	28.93	27.72
8/19/2020 12:32:14 PM	0.00	3.44	2.79	1.51	0.00	0.00	0.00	1.16	7.74	100.00	6.45	17.11	0	3443	1256	45	0	0	0	0	4744	178.49	18.62	8.09	24.06	22.09	26.04	28.40	1.63	28.91	27.67
8/19/2020 12:32:16 PM	0.00	3.74	2.88	1.41	0.00	0.00	0.00	1.08	8.02	100.00	6.59	16.60	0	3736	1295	42	0	0	0	0	5073	178.68	18.64	8.53	25.33	21.50	26.69	27.73	1.65	28.90	27.69
8/19/2020 12:32:18 PM	0.00	4.87	2.73	1.42	0.00	0.00	0.00	1.00	9.02	100.00	6.75	16.04	0	4865	1230	43	0	0	0	0	6138	178.59	19.86	9.20	30.26	21.47	31.21	26.46	1.66	28.91	27.67
8/19/2020 12:32:21 PM	0.00	4.27	1.15	2.79	0.00	0.00	0.00	0.94	8.22	100.00	6.94	15.28	0	4274	519	84	0	0	0	0	4877	178.40	21.41	10.31	29.63	20.43	31.52	23.84	1.68	28.87	27.82
8/19/2020 12:32:23 PM	0.00	4.38	1.06	2.97	0.00	0.00	0.00	0.87	8.42	100.00	7.03	14.81	0	4384	478	89	0	0	0	0	4951	178.83	22.15	10.59	30.49	20.13	32.39	23.49	1.69	28.85	27.75
8/19/2020 12:32:26 PM	0.00	4.36	1.09	2.90	0.00	0.00	0.00	0.88	8.35	100.00	7.07	15.12	0	4356	491	87	0	0	0	0	4935	178.64	22.22	10.72	30.36	20.16	31.81	23.22	1.69	28.84	27.80
8/19/2020 12:32:28 PM	0.00	4.05	0.76	3.23	0.00	0.00	0.00	0.86	8.05	100.00	7.12	15.09	0	4048	344	97	0	0	0	0	4489	178.77	21.80	10.87	29.40	19.64	31.51	23.15	1.70	28.82	27.70
8/19/2020 12:32:30 PM	0.00	4.28	1.56	2.82	0.00	0.00	0.00	0.76	8.67	100.00	7.20	14.60	0	4282	704	85	0	0	0	0	5070	178.25	23.66	10.76	30.43	19.73	31.25	23.40	1.71	28.84	27.75
8/19/2020 12:32:33 PM	0.00	3.67	0.66	3.65	0.00	0.00	0.00	0.77	7.98	100.00	7.26	14.17	0	3674	299	109	0	0	0	0	4082	178.17	23.78	10.97	28.75	19.30	30.93	22.84	1.71	28.81	27.71
8/19/2020 12:32:35 PM	0.00	2.24	0.00	4.15	0.00	0.00	0.00	0.72	6.39	100.00	7.37	14.37	0	2239	0	125	0	0	0	0	2364	178.91	22.73	10.12	22.35	17.74	26.52	20.91	1.72	28.76	27.69
8/19/2020 12:32:37 PM	0.00	1.38	0.00	3.44	0.00	0.00	0.00	0.70	4.82	100.00	7.48	14.27	0	1376	0	103	0	0	0	0	1479	180.01	19.17	8.48	16.64	15.52	20.29	17.54	1.73	28.73	27.72
8/19/2020 12:32:40 PM	0.00	1.33	0.00	3.02	0.00	0.00	0.00	0.73	4.35	100.00	7.57	13.46	0	1330	0	91	0	0	0	0	1421	179.38	17.25	7.66	15.29	14.90	18.82	16.29	1.74	28.70	27.69
8/19/2020 12:32:42 PM	0.00	0.89	0.00	2.62	0.00	0.00	0.00	0.71	3.51	100.00	7.75	13.12	0	895	0	79	0	0	0	0	973	179.72	15.19	6.33	12.11	13.61	15.80	14.42	1.76	28.67	27.72
8/19/2020 12:32:45 PM	0.00	0.75	0.00	2.44	0.00	0.00	0.00	0.70	3.19	100.00	7.97	13.07	0	750	0	73	0	0	0	0	823	181.21	13.85	6.53	11.41	12.93	14.07	13.99	1.78	28.65	27.67
8/19/2020 12:32:47 PM	0.00	0.68	0.00	2.01	0.00	0.00	0.00	0.70	2.68	100.00	8.01	13.23	0	675	0	60	0	0	0	0	736	179.81	12.06	4.95	9.72	11.99	12.69	12.38	1.78	28.61	27.69
8/19/2020 12:32:49 PM	0.00	0.75	0.10	1.30	0.00	0.00	0.00	0.73	2.16	100.00	8.13	12.92	0	755	45	39	0	0	0	0	839	179.76	9.28	3.59	8.58	10.92	10.59	10.72	1.80	28.58	27.67
8/19/2020 12:32:52 PM	0.00	0.90	0.57	0.94	0.00	0.00	0.00	0.70	2.41	100.00	8.25	12.39	0	897	254	28	0	0	0	0	1180	179.85	9.09	3.81	8.97	10.85	10.10	11.10	1.81	28.55	27.67
8/19/2020 12:32:54 PM	0.00	0.58	0.00	1.30	0.00	0.00	0.00	0.73	1.87	100.00	8.40	12.10	0	577	0	39	0	0	0	0	616	180.24	8.50	3.61	7.64	10.55	9.78	10.36	1.82	28.52	27.69
8/19/2020 12:32:57 PM	0.00	0.60	0.21	1.18	0.00	0.00	0.00	0.71	1.98	100.00	8.49	12.03	0	595	94	35	0	0	0	0	724	179.89	8.42	3.53	7.68	10.45	9.58	10.73	1.83	28.48	27.72
8/19/2020 12:32:59 PM	0.00	0.52	0.14	1.22	0.00	0.00	0.00	0.71	1.88	100.00	8.53	12.10	0	518	63	37	0	0	0	0	617	179.56	8.21	3.40	7.31	10.30	9.46	10.65	1.84	28.42	27.74
8/19/2020 12:33:01 PM	0.00	0.63	0.20	1.21	0.00	0.00	0.00	0.70	2.03	100.00	8.56	12.40	0	626	90	36	0	0	0	0	753	179.60	8.46	3.57	7.86	10.40	9.85	10.79	1.84	28.42	27.69
8/19/2020 12:33:04 PM	0.00	0.68	0.23	1.06	0.00	0.00	0.00	0.71	1.97	100.00	8.64	12.72	0	683	103	32	0	0	0	0	818	179.88	8.02	3.36	7.76	10.29	9.63	10.42	1.85	28.39	27.67
8/19/2020 12:33:06 PM	0.00	0.59	0.17	1.04	0.00	0.00	0.00	0.72	1.81	100.00	8.81	12.23	0	592	78	31	0	0	0	0	701	175.17	7.54	3.04	7.14	10.11	9.31	10.24	1.86	28.31	27.76
8/19/2020 12:33:08 PM	0.00	0.77	0.96	0.66	0.00	0.00	0.00	0.68	2.39	100.00	8.92	11.50	0	773	430	20	0	0	0	0	1223	170.04	8.05	2.97	7.78	10.48	9.47	11.88	1.87	28.29	27.65
8/19/2020 12:33:11 PM	0.00	0.89	1.40	0.50	0.00	0.00	0.00	0.66	2.80	100.00	9.04	11.38	0	892	630	15	0	0	0	0	1537	165.75	8.80	3.16	8.46	10.86	9.72	12.94	1.89	28.22	27.74
8/19/2020 12:33:13 PM	0.00	0.99	1.96	0.36	0.00	0.00	0.00	0.66	3.31	100.00	9.17	11.30	0	988	880	11	0	0	0	0	1879	161.70	9.53	3.16	9.04	11.66	10.35	15.02	1.90	28.19	27.66
8/19/2020 12:33:16 PM	0.00	1.02	2.01	0.43	0.00	0.00	0.00	0.65	3.45	100.00	9.30	11.07	0	1020	904	13	0	0	0	0	1937	160.53	9.84	3.19	9.33	11.70	10.84	15.40	1.91	28.16	27.65
8/19/2020 12:33:18 PM	0.00	0.94	2.09	0.35	0.00	0.00	0.00	0.65	3.37	100.00	9.46	11.03	0	938	940	10	0	0	0	0	1888	160.26	9.74	3.04	8.86	11.67	10.26	15.38	1.93	28.11	27.61
8/19/2020 12:33:20 PM	0.00	0.96	2.25	0.38	0.00	0.00	0.00	0.64	3.59	100.00	9.59	10.95	0	957	1014	12	0	0	0	0	1982	159.64	10.31	3.26	9.24	12.00	10.60	16.21	1.94	28.06	27.67
8/19/2020 12:33:23 PM	0.00	1.12	2.71	0.21	0.00	0.00	0.00	0.65	4.04	100.00	9.73	10.92	0	1122	1220	6	0	0	0	0	2348	159.39	11.00	3.48	10.08	12.70	11.02	17.59	1.95	28.01	27.64
8/19/2020 12:33:25 PM	0.00	0.92	2.07	0.36	0.00	0.00	0.00	0.67	3.36	100.00	9.82	11.26	0	921	933	11	0	0	0	0	1865	158.66	9.74	3.17	8.85	11.91	10.20	15.62	1.96	27.97	27.60
8/19/2020 12:33:27 PM	0.00	0.97	2.04	0.26	0.00	0.00	0.00	0.66	3.27	100.00	9.91	11.79	0	973	918	8	0	0	0	0	1899	158.30	9.19	2.97	8.75	11.54	10.07	15.01	1.97	27.91	27.57
8/19/2020 12:33:30 PM	0.00	0.99	1.75	0.14	0.00	0.00	0.00	0.68	2.88	100.00	10.06	11.71	0	986	786	4	0	0	0	0	1776	158.91	8.08	2.65	8.22	10.98	9.42	13.40	1.99	27.87	27.56
8/19/2020 12:33:32 PM	0.00	0.94	1.61	0.09	0.00	0.00	0.00	0.65	2.64	100.00	10.20	11.13	0	936	726	3	0	0	0	0	1665	160.00	7.29	2.46	7.69	10.27	8.92	12.44	2.00	27.80	27.62
8/19/2020 12:33:35 PM	0.00	1.00	1.71	0.04	0.00	0.00	0.00	0.67	2.75	100.00	10.25	10.96	0	997	771	1	0	0	0	0	1769	159.88	7.46	2.58	7.99	10.61	9.06	12.85	2.00	27.76	27.56
8/19/2020 12:33:37 PM	0.00	0.99	1.80	0.08	0.00	0.00	0.00	0.68	2.87	100.00	10.27	11.12	0	990	809	2	0	0	0	0	1802	159.47	7.85	2.63	8.13	11.01	9.30	13.53	2.01	27.69	27.60
8/19/2020 12:33:39 PM	0.00	0.85	1.66	0.18	0.00	0.00	0.00	0.68	2.68	100.00	10.32	11.46	0	848	745	5	0	0	0	0	1598	159.52	7.87	2.48	7.56	10.80	8.90	13.11	2.01	27.63	27.56
8/19/2020 12:33:42 PM	0.00	0.81	1.41	0.27	0.00	0.00	0.00	0.66	2.49	100.00	10.42	11.69	0	813	634	8	0	0	0	0	1455	159.41	7.36	2.53	7.37	10.33	8.84	12.38	2.02	27.59	27.57
8/19/2020 12:33:44 PM	0.00	0.93	1.50	0.08	0.00	0.00	0.00	0.63	2.51	100.00	10.57	11.17	0	933	676	2	0	0	0	0	1611	160.76	6.84	2.50	7.55	9.86	8.65	11.78	2.04	27.53	27.51
8/19/2020 12:33:47 PM	0.00	0.72	1.01	0.24	0.00	0.00	0.00	0.63	1.98	100.00	10.70	10.78	0	724	456	7	0	0	0	0	1188	162.29	6.08	2.23	6.48	9.16	7.93	10.24	2.05	27.47	27.49
8/19/2020 12:33:49 PM	0.00	0.71	0.82	0.26	0.00	0.00	0.00	0.63	1.80	100.00	10.81	10.74	0	713	369	8	0	0	0	0	1090	162.93	5.61	2.12	6.26	8.90	7.83	9.58	2.06	27.43	27.47
8/19/2020 12:33:51 PM	0.00	0.70	0.74	0.19	0.00	0.00	0.00	0.64	1.63	100.00	10.91	10.68	0	701	333	6	0	0	0	0	1040	163.05	5.11	1.98	5.95	8.64	7.44	8.99	2.07	27.37	27.42
8/19/2020 12:33:54 PM	0.00	0.73	0.98	0.11	0.00	0.00	0.00	0.64	1.81	100.00	11.03	10.86	0	729	439	3	0	0	0	0	1171	163.09	5.34	2.03	6.11	8.89	7.48	9.69	2.08	27.32	27.41
8/19/2020 12:33:56 PM	0.00	0.75	0.85	0.08	0.00	0.00	0.00	0.64	1.68	100.00	11.11	10.94	0	748	385	2	0	0	0	0	1135	162.74	4.93	1.92	5.99	8.64	7.35	9.07	2.09	27.24	27.40
8/19/2020 12:33:58 PM	0.00	0.76	0.96	0.03	0.00	0.00	0.00	0.63	1.75	100.00	11.16	10.76	0	761	431	1	0	0	0	0	1193	162.76	5.09	1.94	6.06	8.64	7.28	9.19	2.09	27.20	27.34
8/19/2020 12:34:01 PM	0.00	0.70	0.73	0.12	0.00	0.00	0.00	0.64	1.56	100.00	11.23	10.73	0	700	330	4	0	0	0	0	1034	162.83	4.77	1.87	5.75	8.48	7.20	8.71	2.10	27.13	27.34
8/19/2020 12:34:03 PM	0.00	0.74	0.89	0.09	0.00	0.00	0.00	0.63	1.71	100.00	11.32	10.96	0	737	398	3	0	0	0	0	1138	163.06	5.01	1.96	6.00	8.58	7.34	9.14	2.11	27.07	27.37
8/19/2020 12:34:06 PM	0.00	0.78	0.98	0.00	0.00	0.00	0.00	0.64	1.76	100.00	11.42	10.97	0	783	441	0	0	0	0	0	1224	163.23	5.12	1.98	6.17	8.83	7.22	9.30	2.12	27.02	27.27
8/19/2020 12:34:08 PM	0.03	0.67	0.77	0.17	0.00	0.00	0.00	0.63	1.65	100.00	11.52	10.90	17	669	347	5	0	0	0	0	1039	163.51	4.96	1.97	5.80	8.58	7.31	9.15	2.13	26.96	27.24
8/19/2020 12:34:10 PM	0.00	0.70	0.64	0.11	0.00	0.00	0.00	0.64	1.46	100.00	11.63	10.95	2	697	290	3	0	0	0	0	993	163.56	4.50	1.84	5.64	8.34	7.05	8.33	2.14	26.89	27.22
8/19/2020 12:34:13 PM	0.00	0.80	0.96	0.00	0.00	0.00	0.00	0.64	1.76	100.00	11.70	10.81	0	796	434	0	0	0	0	0	1229	164.01	5.00	1.92	6.17	8.71	7.32	9.21	2.15	26.84	27.22
8/19/2020 12:34:15 PM	0.08	0.65	0.78	0.15	0.00	0.00	0.00	0.63	1.67	100.00	11.73	10.65	44	654	350	5	0	0	0	0	1053	164.14	4.94	1.94	5.74	8.61	7.24	9.25	2.15	26.77	27.17
8/19/2020 12:34:17 PM	0.16	0.60	0.64	0.20	0.00	0.00	0.00	0.62	1.61	100.00	11.77	10.86	85	605	288	6	0	0	0	0	984	164.13	4.76	1.88	5.55	8.47	7.16	9.05	2.15	26.72	27.15
8/19/2020 12:34:20 PM	0.16	0.60	0.55	0.17	0.00	0.00	0.00	0.63	1.47	100.00	11.88	11.07	82	600	246	5	0	0	0	0	933	164.97	4.43	1.74	5.33	8.31	6.91	8.52	2.16	26.65	27.20
8/19/2020 12:34:22 PM	0.19	0.62	0.57	0.15	0.00	0.00	0.00	0.62	1.53	100.00	11.96	10.87	103	625	254	4	0	0	0	0	987	164.87	4.43	1.84	5.48	8.27	6.94	8.56	2.17	26.57	27.17
8/19/2020 12:34:25 PM	0.09	0.65	0.59	0.10	0.00	0.00	0.00	0.62	1.44	100.00	12.05	10.81	50	653	266	3	0	0	0	0	972	164.93	4.30	1.70	5.39	8.11	6.85	8.14	2.18	26.52	27.09
8/19/2020 12:34:27 PM	0.12	0.64	0.55	0.11	0.00	0.00	0.00	0.62	1.42	100.00	12.14	10.81	64	641	249	3	0	0	0	0	957	164.84	4.23	1.75	5.36	8.06	6.77	8.07	2.19	26.46	27.06
8/19/2020 12:34:29 PM	0.08	0.65	0.54	0.10	0.00	0.00	0.00	0.61	1.38	100.00	12.22	10.74	45	649	244	3	0	0	0	0	940	164.86	4.16	1.80	5.37	7.94	6.71	7.85	2.20	26.38	27.10
8/19/2020 12:34:32 PM	0.07	0.62	0.51	0.13	0.00	0.00	0.00	0.61	1.33	100.00	12.32	10.75	36	623	230	4	0	0	0	0	893	164.93	4.15	1.64	5.21	7.89	6.75	7.77	2.21	26.34	27.05
8/19/2020 12:34:34 PM	0.10	0.59	0.43	0.16	0.00	0.00	0.00	0.62	1.28	100.00	12.41	10.95	54	588	192	5	0	0	0	0	838	164.88	4.06	1.70	5.11	7.91	6.65	7.71	2.22	26.26	27.05
8/19/2020 12:34:37 PM	0.16	0.67	0.42	0.10	0.00	0.00	0.00	0.62	1.34	100.00	12.49	10.98	84	672	187	3	0	0	0	0	947	164.98	3.92	1.71	5.38	7.88	6.76	7.55	2.22	26.22	26.95
8/19/2020 12:34:39 PM	0.11	0.66	0.48	0.11	0.00	0.00	0.00	0.62	1.35	100.00	12.58	11.03	56	659	217	3	0	0	0	0	935	165.10	4.06	1.68	5.34	7.91	6.79	7.69	2.23	26.14	26.98
8/19/2020 12:34:41 PM	0.06	0.60	0.35	0.19	0.00	0.00	0.00	0.62	1.21	100.00	12.70	10.92	34	604	159	6	0	0	0	0	804	164.89	3.96	1.73	5.15	7.80	6.70	7.40	2.24	26.07	26.93
8/19/2020 12:34:44 PM	0.06	0.57	0.29	0.21	0.00	0.00	0.00	0.63	1.13	100.00	12.85	10.66	32	566	129	6	0	0	0	0	734	164.64	3.87	1.70	4.96	7.81	6.55	7.27	2.26	26.02	26.90
8/19/2020 12:34:46 PM	0.11	0.56	0.21	0.26	0.00	0.00	0.00	0.62	1.15	100.00	12.89	10.51	60	558	94	8	0	0	0	0	721	164.91	3.84	1.72	5.00	7.71	6.69	7.22	2.26	25.94	26.88
8/19/2020 12:34:48 PM	0.14	0.71	0.42	0.05	0.00	0.00	0.00	0.62	1.32	100.00	12.90	10.49	74	709	188	1	0	0	0	0	974	164.75	3.78	1.68	5.42	7.78	6.69	7.28	2.26	25.88	26.81
8/19/2020 12:34:51 PM	0.13	0.63	0.40	0.16	0.00	0.00	0.00	0.62	1.32	100.00	12.90	10.70	70	627	180	5	0	0	0	0	881	164.54	4.02	1.77	5.29	7.89	6.76	7.65	2.26	25.83	26.79
8/19/2020 12:34:53 PM	0.16	0.65	0.33	0.17	0.00	0.00	0.00	0.62	1.32	100.00	12.94	11.05	86	649	150	5	0	0	0	0	891	164.67	3.94	1.81	5.39	7.89	6.83	7.54	2.27	25.77	26.76
8/19/2020 12:34:56 PM	0.06	0.62	0.28	0.20	0.00	0.00	0.00	0.63	1.16	100.00	13.07	11.09	30	615	128	6	0	0	0	0	780	164.13	3.85	1.75	5.16	7.74	6.70	7.16	2.28	25.71	26.71
8/19/2020 12:34:58 PM	0.06	0.63	0.35	0.17	0.00	0.00	0.00	0.61	1.20	100.00	13.21	10.74	32	626	156	5	0	0	0	0	819	164.08	3.88	1.71	5.18	7.69	6.70	7.22	2.29	25.63	26.74
8/19/2020 12:35:00 PM	0.00	0.70	0.47	0.11	0.00	0.00	0.00	0.63	1.28	100.00	13.37	10.60	0	700	212	3	0	0	0	0	915	164.01	4.05	1.77	5.46	7.92	6.82	7.43	2.31	25.59	26.71
8/19/2020 12:35:03 PM	0.07	0.68	0.39	0.10	0.00	0.00	0.00	0.63	1.24	100.00	13.48	10.55	39	679	174	3	0	0	0	0	895	164.05	3.84	1.64	5.29	7.84	6.72	7.25	2.32	25.51	26.68
8/19/2020 12:35:05 PM	0.03	0.65	0.34	0.19	0.00	0.00	0.00	0.64	1.21	100.00	13.56	10.52	14	653	155	6	0	0	0	0	827	163.49	4.01	1.81	5.35	7.95	6.85	7.40	2.33	25.44	26.66
8/19/2020 12:35:07 PM	0.03	0.65	0.35	0.18	0.00	0.00	0.00	0.64	1.21	100.00	13.68	10.45	17	647	157	5	0	0	0	0	827	163.85	3.98	1.81	5.32	7.94	6.79	7.39	2.34	25.40	26.55
8/19/2020 12:35:10 PM	0.09	0.65	0.32	0.17	0.00	0.00	0.00	0.64	1.24	100.00	13.82	10.27	48	652	145	5	0	0	0	0	851	163.91	3.92	1.72	5.31	7.93	6.84	7.39	2.35	25.33	26.58
8/19/2020 12:35:12 PM	0.04	0.68	0.47	0.12	0.00	0.00	0.00	0.63	1.32	100.00	13.93	10.25	22	680	212	4	0	0	0	0	917	164.18	4.11	1.75	5.43	8.03	6.87	7.67	2.37	25.25	26.56
8/19/2020 12:35:15 PM	0.00	0.68	0.27	0.25	0.00	0.00	0.00	0.66	1.20	100.00	14.08	10.25	0	675	123	7	0	0	0	0	806	163.71	4.10	1.81	5.47	8.14	7.12	7.42	2.38	25.20	26.54
8/19/2020 12:35:17 PM	0.00	0.65	0.33	0.17	0.00	0.00	0.00	0.66	1.15	100.00	14.20	10.26	0	645	147	5	0	0	0	0	798	164.27	3.96	1.70	5.22	8.08	6.77	7.34	2.39	25.13	26.49
8/19/2020 12:35:19 PM	0.00	0.62	0.34	0.18	0.00	0.00	0.00	0.64	1.14	100.00	14.23	10.34	0	622	151	5	0	0	0	0	778	164.37	3.95	1.72	5.14	7.84	6.65	7.18	2.39	25.08	26.48
8/19/2020 12:35:22 PM	0.00	0.70	0.39	0.10	0.00	0.00	0.00	0.64	1.19	100.00	14.30	10.40	0	698	175	3	0	0	0	0	876	164.27	3.87	1.74	5.37	7.92	6.72	7.17	2.40	25.00	26.48
8/19/2020 12:35:24 PM	0.00	0.67	0.35	0.13	0.00	0.00	0.00	0.64	1.15	100.00	14.41	10.37	0	674	159	4	0	0	0	0	837	164.06	3.82	1.74	5.28	7.81	6.68	7.05	2.41	24.96	26.40
8/19/2020 12:35:26 PM	0.05	0.64	0.34	0.14	0.00	0.00	0.00	0.65	1.16	100.00	14.54	10.28	24	638	152	4	0	0	0	0	818	163.94	3.86	1.63	5.14	7.99	6.66	7.30	2.42	24.90	26.30
8/19/2020 12:35:29 PM	0.00	0.68	0.32	0.12	0.00	0.00	0.00	0.66	1.12	100.00	14.69	10.23	0	676	145	4	0	0	0	0	825	163.73	3.85	1.71	5.26	8.02	6.65	7.10	2.44	24.85	26.33
8/19/2020 12:35:31 PM	0.00	0.66	0.36	0.13	0.00	0.00	0.00	0.65	1.15	100.00	14.85	10.18	0	658	163	4	0	0	0	0	825	162.69	3.98	1.65	5.21	7.99	6.65	7.16	2.46	24.77	26.29
8/19/2020 12:35:34 PM	0.00	0.71	0.41	0.08	0.00	0.00	0.00	0.66	1.20	100.00	15.01	10.13	0	709	185	2	0	0	0	0	897	162.08	3.92	1.68	5.38	8.05	6.75	7.28	2.47	24.71	26.25
8/19/2020 12:35:36 PM	0.00	0.67	0.29	0.17	0.00	0.00	0.00	0.66	1.13	100.00	15.16	10.16	0	668	130	5	0	0	0	0	804	161.14	3.86	1.74	5.28	7.99	6.78	7.13	2.49	24.65	26.25
8/19/2020 12:35:38 PM	0.00	0.67	0.30	0.16	0.00	0.00	0.00	0.67	1.13	100.00	15.35	10.16	0	672	133	5	0	0	0	0	810	160.95	3.89	1.67	5.27	8.06	6.79	7.15	2.50	24.58	26.21
8/19/2020 12:35:41 PM	0.00	0.64	0.26	0.21	0.00	0.00	0.00	0.65	1.10	100.00	15.50	10.13	0	638	117	6	0	0	0	0	761	160.32	4.01	1.76	5.23	7.94	6.70	7.01	2.52	24.54	26.15
8/19/2020 12:35:43 PM	0.00	0.70	0.39	0.09	0.00	0.00	0.00	0.68	1.18	100.00	15.55	10.17	0	702	173	3	0	0	0	0	878	160.17	3.96	1.72	5.37	8.23	6.71	7.35	2.52	24.46	26.19
8/19/2020 12:35:46 PM	0.00	0.63	0.30	0.19	0.00	0.00	0.00	0.68	1.12	100.00	15.65	10.25	0	630	133	6	0	0	0	0	770	160.37	4.01	1.73	5.19	8.20	6.73	7.38	2.53	24.41	26.14
8/19/2020 12:35:48 PM	0.00	0.69	0.37	0.10	0.00	0.00	0.00	0.67	1.16	100.00	15.72	10.35	0	688	168	3	0	0	0	0	859	160.26	4.01	1.73	5.34	8.14	6.64	7.20	2.54	24.36	26.05
8/19/2020 12:35:50 PM	0.00	0.71	0.35	0.06	0.00	0.00	0.00	0.67	1.13	100.00	15.81	10.36	0	715	157	2	0	0	0	0	874	160.72	3.79	1.67	5.33	8.08	6.62	7.02	2.55	24.30	26.04
8/19/2020 12:35:53 PM	0.00	0.67	0.35	0.13	0.00	0.00	0.00	0.68	1.14	100.00	15.85	10.37	0	669	155	4	0	0	0	0	828	160.15	4.00	1.69	5.26	8.26	6.68	7.34	2.55	24.24	26.03
8/19/2020 12:35:55 PM	0.00	0.68	0.00	0.44	0.00	0.00	0.00	0.68	1.12	100.00	15.87	10.33	0	680	0	13	0	0	0	0	693	160.21	4.11	2.07	5.69	8.24	7.56	7.19	2.56	24.18	26.05
8/19/2020 12:35:57 PM	0.00	0.76	0.33	0.14	0.00	0.00	0.00	0.67	1.23	100.00	15.93	10.31	0	756	149	4	0	0	0	0	909	160.34	4.13	1.86	5.71	8.26	7.00	7.25	2.56	24.12	25.97
8/19/2020 12:36:00 PM	0.00	0.72	0.35	0.09	0.00	0.00	0.00	0.69	1.16	100.00	16.03	10.41	0	718	160	3	0	0	0	0	880	160.14	3.98	1.64	5.39	8.31	6.76	7.25	2.57	24.07	25.89
8/19/2020 12:36:02 PM	0.00	0.70	0.35	0.14	0.00	0.00	0.00	0.68	1.18	100.00	16.15	10.34	0	699	155	4	0	0	0	0	858	160.20	4.01	1.74	5.41	8.32	6.84	7.42	2.58	24.00	25.95
8/19/2020 12:36:05 PM	0.00	0.70	0.49	0.13	0.00	0.00	0.00	0.70	1.31	100.00	16.24	10.24	0	696	221	4	0	0	0	0	921	160.18	4.45	1.78	5.54	8.70	6.94	8.08	2.59	23.94	25.87
8/19/2020 12:36:07 PM	0.00	0.73	0.55	0.08	0.00	0.00	0.00	0.69	1.37	100.00	16.37	10.24	0	734	248	2	0	0	0	0	984	160.32	4.36	1.82	5.66	8.68	7.00	8.18	2.60	23.89	25.80
8/19/2020 12:36:09 PM	0.00	0.66	0.40	0.08	0.00	0.00	0.00	0.68	1.14	100.00	16.51	10.20	0	662	180	2	0	0	0	0	844	161.61	3.96	1.60	5.15	8.25	6.53	7.35	2.62	23.83	25.84
8/19/2020 12:36:12 PM	0.00	0.70	0.47	0.08	0.00	0.00	0.00	0.68	1.25	100.00	16.57	10.17	0	702	211	2	0	0	0	0	915	161.47	4.18	1.71	5.43	8.37	6.75	7.63	2.62	23.78	25.82
8/19/2020 12:36:14 PM	0.00	0.68	0.43	0.10	0.00	0.00	0.00	0.69	1.21	100.00	16.61	10.20	0	677	193	3	0	0	0	0	873	161.29	4.10	1.67	5.31	8.41	6.73	7.65	2.63	23.74	25.69
8/19/2020 12:36:16 PM	0.00	0.67	0.43	0.09	0.00	0.00	0.00	0.67	1.20	100.00	16.72	10.27	0	674	195	3	0	0	0	0	872	161.43	4.05	1.67	5.28	8.27	6.68	7.53	2.64	23.67	25.68
8/19/2020 12:36:19 PM	0.00	0.65	0.42	0.06	0.00	0.00	0.00	0.67	1.13	100.00	16.80	10.21	0	649	189	2	0	0	0	0	840	161.76	3.85	1.55	5.05	8.12	6.45	7.30	2.65	23.62	25.67
8/19/2020 12:36:21 PM	0.00	0.63	0.26	0.12	0.00	0.00	0.00	0.68	1.01	100.00	16.91	10.15	0	628	117	4	0	0	0	0	749	162.01	3.68	1.53	4.93	8.01	6.42	6.89	2.66	23.56	25.65
8/19/2020 12:36:24 PM	0.06	0.63	0.26	0.09	0.00	0.00	0.00	0.67	1.04	100.00	17.00	10.12	29	632	118	3	0	0	0	0	781	162.02	3.57	1.56	4.95	7.97	6.35	6.92	2.67	23.51	25.64
8/19/2020 12:36:26 PM	0.00	0.59	0.31	0.09	0.00	0.00	0.00	0.65	0.99	100.00	17.12	10.12	0	592	138	3	0	0	0	0	733	161.92	3.59	1.48	4.74	7.77	6.23	6.81	2.68	23.48	25.55
8/19/2020 12:36:28 PM	0.00	0.63	0.30	0.08	0.00	0.00	0.00	0.68	1.01	100.00	17.19	10.13	0	630	136	2	0	0	0	0	768	162.16	3.64	1.52	4.90	8.05	6.34	6.96	2.68	23.40	25.59
8/19/2020 12:36:31 PM	0.00	0.65	0.28	0.07	0.00	0.00	0.00	0.67	0.99	100.00	17.21	10.16	0	646	125	2	0	0	0	0	773	162.27	3.54	1.50	4.91	7.88	6.31	6.70	2.69	23.36	25.48
8/19/2020 12:36:33 PM	0.00	0.65	0.21	0.13	0.00	0.00	0.00	0.69	0.99	100.00	17.29	10.18	0	647	95	4	0	0	0	0	747	162.19	3.63	1.61	5.03	8.08	6.51	6.86	2.69	23.31	25.44
8/19/2020 12:36:36 PM	0.00	0.69	0.39	0.02	0.00	0.00	0.00	0.68	1.10	100.00	17.36	10.21	0	693	173	1	0	0	0	0	867	162.02	3.69	1.58	5.14	8.14	6.42	7.08	2.70	23.25	25.42
8/19/2020 12:36:38 PM	0.00	0.60	0.22	0.18	0.00	0.00	0.00	0.68	0.99	100.00	17.46	10.17	0	600	97	5	0	0	0	0	703	161.95	3.76	1.65	4.93	8.02	6.44	6.93	2.71	23.21	25.42
8/19/2020 12:36:40 PM	0.00	0.64	0.30	0.05	0.00	0.00	0.00	0.67	0.99	100.00	17.55	10.18	0	636	135	2	0	0	0	0	773	161.98	3.56	1.49	4.86	7.91	6.22	6.72	2.72	23.12	25.42
8/19/2020 12:36:43 PM	0.00	0.65	0.28	0.06	0.00	0.00	0.00	0.68	0.99	100.00	17.64	10.18	0	654	125	2	0	0	0	0	781	162.18	3.55	1.58	4.97	8.01	6.27	6.77	2.73	23.10	25.32
8/19/2020 12:36:45 PM	0.00	0.63	0.19	0.12	0.00	0.00	0.00	0.69	0.94	100.00	17.75	10.18	0	628	87	4	0	0	0	0	718	161.63	3.53	1.58	4.90	8.03	6.35	6.73	2.74	23.03	25.39
8/19/2020 12:36:47 PM	0.00	0.67	0.23	0.06	0.00	0.00	0.00	0.70	0.96	100.00	17.83	10.15	0	671	102	2	0	0	0	0	775	159.75	3.50	1.53	4.99	8.11	6.36	6.70	2.75	23.00	25.25
8/19/2020 12:36:50 PM	0.00	0.73	0.26	0.03	0.00	0.00	0.00	0.68	1.02	100.00	17.95	10.12	0	726	119	1	0	0	0	0	846	159.47	3.50	1.61	5.21	8.02	6.42	6.60	2.76	22.96	25.20
8/19/2020 12:36:52 PM	0.00	0.74	0.31	0.01	0.00	0.00	0.00	0.70	1.05	100.00	18.08	10.10	0	736	139	0	0	0	0	0	876	158.14	3.61	1.54	5.23	8.23	6.48	6.83	2.77	22.88	25.28
8/19/2020 12:36:55 PM	0.00	0.73	0.28	0.06	0.00	0.00	0.00	0.71	1.07	100.00	18.25	10.09	0	728	128	2	0	0	0	0	857	158.12	3.79	1.66	5.33	8.42	6.59	7.04	2.79	22.84	25.27
8/19/2020 12:36:57 PM	0.00	0.77	0.33	0.01	0.00	0.00	0.00	0.72	1.12	100.00	18.37	10.09	0	774	151	0	0	0	0	0	925	158.16	3.73	1.59	5.44	8.48	6.69	7.11	2.80	22.81	25.14
8/19/2020 12:36:59 PM	0.02	0.74	0.28	0.06	0.00	0.00	0.00	0.70	1.10	100.00	18.42	10.05	8	740	124	2	0	0	0	0	875	158.21	3.68	1.64	5.37	8.33	6.72	7.06	2.81	22.76	25.16
8/19/2020 12:37:02 PM	0.00	0.77	0.35	0.05	0.00	0.00	0.00	0.72	1.17	100.00	18.54	10.08	0	765	159	1	0	0	0	0	926	157.13	3.94	1.65	5.52	8.60	6.82	7.35	2.82	22.68	25.13
8/19/2020 12:37:04 PM	0.00	0.79	0.51	0.04	0.00	0.00	0.00	0.75	1.34	100.00	18.64	10.09	0	786	231	1	0	0	0	0	1018	156.50	4.43	1.82	5.81	9.19	7.02	8.26	2.83	22.65	25.04
8/19/2020 12:37:06 PM	0.00	0.80	0.63	0.00	0.00	0.00	0.00	0.75	1.43	100.00	18.73	10.08	0	802	281	0	0	0	0	0	1084	156.55	4.49	1.77	5.88	9.29	7.10	8.62	2.83	22.61	25.09
8/19/2020 12:37:09 PM	0.00	0.82	0.56	0.01	0.00	0.00	0.00	0.75	1.40	100.00	18.80	10.07	0	818	254	0	0	0	0	0	1073	156.12	4.50	1.84	5.95	9.28	7.10	8.40	2.84	22.54	25.06
8/19/2020 12:37:11 PM	0.00	0.82	0.63	0.00	0.00	0.00	0.00	0.75	1.45	100.00	18.83	10.10	0	820	284	0	0	0	0	0	1103	155.96	4.54	1.77	6.06	9.32	7.07	8.64	2.85	22.50	25.01
8/19/2020 12:37:14 PM	0.00	0.80	0.55	0.04	0.00	0.00	0.00	0.77	1.39	100.00	18.88	10.13	0	803	246	1	0	0	0	0	1050	156.19	4.53	1.84	5.91	9.46	7.15	8.60	2.85	22.45	24.96
8/19/2020 12:37:16 PM	0.00	0.80	0.55	0.02	0.00	0.00	0.00	0.75	1.37	100.00	18.96	10.14	0	798	250	1	0	0	0	0	1049	156.43	4.40	1.71	5.80	9.23	7.11	8.41	2.86	22.41	25.01
8/19/2020 12:37:18 PM	0.00	0.83	0.66	0.00	0.00	0.00	0.00	0.75	1.49	100.00	19.05	10.16	0	833	296	0	0	0	0	0	1128	156.21	4.66	1.80	6.05	9.42	7.25	8.77	2.87	22.36	24.93
8/19/2020 12:37:21 PM	0.00	0.95	1.36	0.00	0.00	0.00	0.00	0.84	2.31	100.00	19.15	10.11	0	950	614	0	0	0	0	0	1564	152.06	6.79	2.22	7.41	11.70	8.48	12.63	2.88	22.35	24.83
8/19/2020 12:37:23 PM	0.00	1.09	2.19	0.00	0.00	0.00	0.00	0.95	3.28	96.85	19.33	10.06	0	1090	986	0	0	0	0	0	2076	146.98	9.18	2.52	9.05	14.29	9.93	17.15	2.89	22.26	24.86
8/19/2020 12:37:26 PM	0.00	1.26	2.48	0.00	0.00	0.00	0.00	0.96	3.73	95.74	19.43	10.04	0	1256	1114	0	0	0	0	0	2370	145.30	10.04	2.86	10.19	15.03	10.84	18.56	2.90	22.24	24.81
8/19/2020 12:37:28 PM	0.00	1.11	2.33	0.00	0.00	0.00	0.00	0.96	3.44	96.07	19.48	10.07	0	1111	1049	0	0	0	0	0	2160	145.79	9.51	2.65	9.34	14.63	10.13	17.89	2.91	22.20	24.77
8/19/2020 12:37:30 PM	0.00	1.15	2.21	0.00	0.00	0.00	0.00	0.95	3.36	96.05	19.52	10.07	0	1151	993	0	0	0	0	0	2144	145.77	9.19	2.64	9.43	14.37	10.13	17.32	2.91	22.14	24.82
8/19/2020 12:37:33 PM	0.00	1.19	2.30	0.00	0.00	0.00	0.00	0.96	3.48	96.35	19.67	10.04	0	1186	1034	0	0	0	0	0	2220	146.22	9.66	2.83	9.64	14.68	10.37	17.66	2.93	22.12	24.69
8/19/2020 12:37:35 PM	0.00	1.09	2.11	0.00	0.00	0.00	0.00	0.95	3.19	96.87	19.78	10.05	0	1085	949	0	0	0	0	0	2034	147.01	8.89	2.48	8.98	14.17	9.82	16.89	2.94	22.06	24.68
8/19/2020 12:37:37 PM	0.00	1.03	1.74	0.00	0.00	0.00	0.00	0.90	2.77	98.01	19.89	10.05	0	1034	781	0	0	0	0	0	1815	148.74	7.89	2.41	8.25	12.99	9.23	14.77	2.95	22.02	24.76
8/19/2020 12:37:40 PM	0.00	1.01	1.48	0.00	0.00	0.00	0.00	0.88	2.49	98.31	19.99	10.04	0	1010	666	0	0	0	0	0	1676	149.19	7.24	2.20	7.89	12.31	8.82	13.44	2.96	21.97	24.68
8/19/2020 12:37:42 PM	0.00	1.03	1.39	0.00	0.00	0.00	0.00	0.91	2.42	97.99	20.07	10.03	0	1028	624	0	0	0	0	0	1653	148.71	7.05	2.21	7.93	12.45	8.79	13.31	2.97	21.91	24.63
8/19/2020 12:37:45 PM	0.00	1.05	1.37	0.00	0.00	0.00	0.00	0.89	2.42	97.35	20.17	9.99	0	1052	615	0	0	0	0	0	1667	147.74	7.04	2.32	7.97	12.26	8.86	13.02	2.98	21.89	24.53
8/19/2020 12:37:47 PM	0.00	1.07	1.43	0.00	0.00	0.00	0.00	0.89	2.50	97.00	20.21	9.98	0	1069	644	0	0	0	0	0	1713	147.22	7.28	2.34	8.12	12.38	8.98	13.26	2.98	21.85	24.47
8/19/2020 12:37:49 PM	0.00	1.14	1.38	0.00	0.00	0.00	0.00	0.90	2.52	97.09	20.25	10.00	0	1143	621	0	0	0	0	0	1764	147.35	7.16	2.41	8.51	12.44	9.14	13.20	2.98	21.84	24.44
8/19/2020 12:37:52 PM	0.00	1.09	1.45	0.00	0.00	0.00	0.00	0.89	2.54	96.96	20.35	10.00	0	1087	654	0	0	0	0	0	1741	147.16	7.20	2.51	8.32	12.44	8.98	13.48	2.99	21.76	24.41
8/19/2020 12:37:54 PM	0.00	1.10	1.46	0.00	0.00	0.00	0.00	0.92	2.56	97.38	20.48	9.94	0	1099	658	0	0	0	0	0	1756	147.79	7.40	2.61	8.32	12.75	9.10	13.65	3.01	21.75	24.43
8/19/2020 12:37:56 PM	0.00	1.06	1.42	0.00	0.00	0.00	0.00	0.91	2.48	96.92	20.57	9.96	0	1057	640	0	0	0	0	0	1697	147.09	7.21	2.36	8.08	12.52	8.92	13.40	3.02	21.67	24.38
8/19/2020 12:37:59 PM	0.00	1.15	1.48	0.00	0.00	0.00	0.00	0.91	2.64	97.03	20.67	9.96	0	1153	667	0	0	0	0	0	1821	147.26	7.49	2.73	8.60	12.80	9.33	13.75	3.03	21.64	24.33
8/19/2020 12:38:01 PM	0.00	1.02	1.40	0.00	0.00	0.00	0.00	0.90	2.42	96.31	20.73	9.92	0	1018	632	0	0	0	0	0	1649	146.16	7.07	2.26	7.86	12.34	8.77	13.25	3.03	21.59	24.31
8/19/2020 12:38:04 PM	0.00	1.15	1.62	0.00	0.00	0.00	0.00	0.92	2.77	96.28	20.96	9.91	0	1148	729	0	0	0	0	0	1878	146.12	7.91	2.80	8.71	13.09	9.45	14.33	3.05	21.56	24.26
8/19/2020 12:38:06 PM	0.00	1.19	1.96	0.00	0.00	0.00	0.00	1.02	3.14	92.22	20.91	9.87	0	1186	881	0	0	0	0	0	2067	139.95	8.88	2.53	9.39	14.66	10.03	16.73	3.05	21.51	24.41
8/19/2020 12:38:08 PM	0.00	1.25	2.33	0.00	0.00	0.00	0.00	1.04	3.58	88.58	21.00	9.84	0	1254	1049	0	0	0	0	0	2302	134.42	10.06	2.69	10.10	15.62	10.68	18.47	3.06	21.48	24.32
8/19/2020 12:38:11 PM	0.17	1.21	2.22	0.00	0.00	0.00	0.00	1.03	3.59	86.52	21.07	9.86	90	1209	997	0	0	0	0	0	2296	131.30	9.58	2.15	10.06	15.47	10.50	18.59	3.06	21.47	24.22
8/19/2020 12:38:13 PM	0.51	1.37	2.11	0.00	0.00	0.00	0.00	1.05	3.99	82.18	21.09	9.83	272	1369	950	0	0	0	0	0	2591	124.71	9.71	2.51	11.01	16.13	11.29	19.47	3.07	21.39	24.18
8/19/2020 12:38:15 PM	0.26	1.53	2.39	0.00	0.00	0.00	0.00	1.12	4.17	80.67	21.20	9.82	135	1528	1076	0	0	0	0	0	2739	122.42	10.53	2.75	11.92	17.02	11.99	20.44	3.08	21.35	24.20
