Date/Time	Green Algae	Bluegreen	Diatoms	Cryptophyta	#5	#6	#7	Yellow substances	Total conc.	Transmission	Depth	Temp. Sample	Green Algae	Bluegreen	Diatoms	Cryptophyta	#5	#6	#7	Yellow substances	Total cell count	Trans. 700 nm	LED 3 [525 nm]	LED 4 [570 nm]	LED 5 [610 nm]	LED 6 [370 nm]	LED 7 [590 nm]	LED 8 [470 nm]	Pressure	Temp. LEDs	Temp. Sensor
date	µg/l	µg/l	µg/l	µg/l	µg/l	µg/l	µg/l	r.u.	µg/l	%	m	°C	cells/ml	cells/ml	cells/ml	cells/ml	cells/ml	cells/ml	cells/ml	r.u.	cells/ml	digits	digits	digits	digits	digits	digits	digits	bar	°C	°C
8/17/2020 9:08:16 AM	6.12	20.84	2.03	0.00	0.00	0.00	0.00	0.44	28.99	91.68	0.01	23.17	3244	20842	914	0	0	0	0	0	24999	139.14	27.48	19.46	104.70	32.43	95.88	38.71	1.00	23.87	22.85
8/17/2020 9:08:18 AM	5.98	20.44	2.51	0.00	0.00	0.00	0.00	0.30	28.93	91.20	0.04	23.19	3169	20441	1130	0	0	0	0	0	24740	138.40	27.72	19.76	102.52	31.23	95.13	39.06	1.00	23.90	22.85
8/17/2020 9:08:21 AM	4.93	20.06	2.55	0.00	0.00	0.00	0.00	0.42	27.55	91.64	0.07	23.20	2615	20061	1149	0	0	0	0	0	23825	139.07	27.35	17.86	99.88	30.81	93.17	36.78	1.01	23.93	22.89
8/17/2020 9:08:23 AM	5.88	20.16	1.94	0.00	0.00	0.00	0.00	0.34	27.98	90.69	0.08	23.19	3118	20159	872	0	0	0	0	0	24149	137.62	26.13	19.28	100.12	30.38	93.78	36.52	1.01	23.97	22.85
8/17/2020 9:08:26 AM	6.97	20.50	1.55	0.00	0.00	0.00	0.00	0.36	29.02	90.34	0.10	23.19	3694	20501	696	0	0	0	0	0	24891	137.10	26.32	18.49	102.61	31.71	95.46	38.55	1.01	24.00	22.91
8/17/2020 9:08:28 AM	5.37	20.51	2.12	0.00	0.00	0.00	0.00	0.56	28.00	90.93	0.13	23.19	2847	20508	954	0	0	0	0	0	24308	138.00	27.10	19.94	101.66	32.42	94.98	37.51	1.01	24.02	22.94
8/17/2020 9:08:30 AM	4.78	20.83	2.92	0.00	0.00	0.00	0.00	0.45	28.53	90.04	0.16	23.18	2534	20829	1315	0	0	0	0	0	24679	136.65	28.75	19.77	103.60	32.14	96.51	38.42	1.02	24.05	22.94
8/17/2020 9:08:33 AM	6.16	20.50	2.44	0.00	0.00	0.00	0.00	0.25	29.10	89.55	0.18	23.15	3263	20501	1099	0	0	0	0	0	24862	135.91	27.59	20.03	103.12	30.96	95.09	38.98	1.02	24.10	22.94
8/17/2020 9:08:35 AM	6.40	20.44	1.95	0.00	0.00	0.00	0.00	0.33	28.78	89.51	0.20	23.14	3392	20435	877	0	0	0	0	0	24704	135.84	26.73	19.40	102.26	31.26	94.93	38.24	1.02	24.13	22.97
8/17/2020 9:08:37 AM	6.22	20.17	2.17	0.00	0.00	0.00	0.00	0.32	28.57	89.62	0.22	23.15	3298	20172	977	0	0	0	0	0	24448	136.00	27.19	16.93	101.64	31.05	93.78	38.45	1.02	24.16	22.99
8/17/2020 9:08:40 AM	5.37	19.82	2.46	0.00	0.00	0.00	0.00	0.38	27.65	89.63	0.24	23.15	2846	19815	1107	0	0	0	0	0	23768	136.01	27.07	17.63	98.95	30.65	92.46	37.34	1.02	24.19	23.00
8/17/2020 9:08:42 AM	4.70	20.51	2.37	0.00	0.00	0.00	0.00	0.52	27.58	88.80	0.26	23.15	2489	20515	1067	0	0	0	0	0	24071	134.75	27.44	18.17	102.00	31.51	94.32	36.14	1.03	24.23	23.01
8/17/2020 9:08:45 AM	6.23	20.35	2.38	0.00	0.00	0.00	0.00	0.28	28.96	88.56	0.28	23.15	3300	20354	1070	0	0	0	0	0	24724	134.39	27.43	19.29	101.77	31.12	95.32	39.12	1.03	24.25	23.01
8/17/2020 9:08:47 AM	5.44	20.58	2.65	0.00	0.00	0.00	0.00	0.34	28.67	87.02	0.29	23.16	2885	20576	1192	0	0	0	0	0	24653	132.05	28.08	18.93	103.16	31.27	95.23	38.35	1.03	24.27	23.02
8/17/2020 9:08:49 AM	5.99	20.29	2.43	0.00	0.00	0.00	0.00	0.33	28.71	87.43	0.31	23.17	3177	20287	1094	0	0	0	0	0	24559	132.68	27.63	18.73	102.15	31.40	94.19	39.01	1.03	24.30	23.04
8/17/2020 9:08:52 AM	5.86	20.24	2.26	0.00	0.00	0.00	0.00	0.30	28.36	88.02	0.33	23.17	3104	20243	1018	0	0	0	0	0	24365	133.57	27.05	18.41	101.94	30.47	93.39	37.48	1.03	24.34	23.06
8/17/2020 9:08:54 AM	5.36	20.08	2.22	0.00	0.00	0.00	0.00	0.39	27.66	87.35	0.35	23.18	2839	20080	1000	0	0	0	0	0	23919	132.56	26.73	18.41	100.54	30.53	92.52	36.41	1.03	24.36	23.07
8/17/2020 9:08:57 AM	5.31	19.96	2.63	0.00	0.00	0.00	0.00	0.36	27.90	86.72	0.38	23.17	2814	19964	1185	0	0	0	0	0	23962	131.60	27.49	18.92	100.60	30.81	92.11	37.80	1.04	24.39	23.11
8/17/2020 9:08:59 AM	5.26	20.43	2.32	0.00	0.00	0.00	0.00	0.36	28.01	85.60	0.40	23.17	2785	20426	1046	0	0	0	0	0	24258	129.91	27.11	18.59	101.85	30.53	94.28	36.42	1.04	24.42	23.10
8/17/2020 9:09:01 AM	5.79	19.97	2.09	0.00	0.00	0.00	0.00	0.33	27.85	85.59	0.42	23.17	3068	19975	940	0	0	0	0	0	23983	129.88	26.54	17.33	100.52	30.23	92.16	36.69	1.04	24.45	23.11
8/17/2020 9:09:04 AM	6.20	20.50	2.00	0.00	0.00	0.00	0.00	0.20	28.71	84.91	0.45	23.16	3286	20505	901	0	0	0	0	0	24691	128.85	26.58	18.94	103.26	29.77	94.20	36.78	1.04	24.48	23.11
8/17/2020 9:09:06 AM	5.15	20.34	2.36	0.00	0.00	0.00	0.00	0.41	27.85	83.83	0.47	23.19	2728	20343	1063	0	0	0	0	0	24134	127.22	27.27	18.02	101.64	30.87	93.79	36.60	1.05	24.50	23.17
8/17/2020 9:09:08 AM	5.11	20.26	2.58	0.00	0.00	0.00	0.00	0.28	27.95	83.54	0.51	23.19	2708	20260	1162	0	0	0	0	0	24130	126.78	27.24	18.85	101.02	29.77	93.82	36.36	1.05	24.53	23.12
8/17/2020 9:09:11 AM	5.44	20.17	2.34	0.00	0.00	0.00	0.00	0.29	27.95	83.68	0.54	23.17	2885	20167	1055	0	0	0	0	0	24106	126.99	26.78	19.08	100.64	29.89	93.40	36.44	1.05	24.55	23.17
8/17/2020 9:09:13 AM	5.69	20.06	2.08	0.00	0.00	0.00	0.00	0.30	27.83	82.33	0.57	23.16	3015	20058	937	0	0	0	0	0	24011	124.94	26.21	19.09	100.10	29.78	92.84	36.10	1.06	24.58	23.16
8/17/2020 9:09:16 AM	4.95	20.07	2.42	0.00	0.00	0.00	0.00	0.34	27.44	81.59	0.60	23.15	2624	20074	1088	0	0	0	0	0	23787	123.81	26.75	18.57	99.82	29.75	92.87	35.56	1.06	24.61	23.17
8/17/2020 9:09:18 AM	5.03	19.64	2.65	0.00	0.00	0.00	0.00	0.30	27.32	81.00	0.63	23.16	2666	19639	1193	0	0	0	0	0	23498	122.92	26.79	18.61	97.43	29.49	92.02	36.37	1.06	24.63	23.20
8/17/2020 9:09:20 AM	4.37	20.05	2.99	0.00	0.00	0.00	0.00	0.35	27.42	80.98	0.67	23.15	2318	20047	1347	0	0	0	0	0	23713	122.90	27.88	18.23	100.11	30.06	92.65	36.36	1.07	24.66	23.19
8/17/2020 9:09:23 AM	4.78	19.89	2.78	0.00	0.00	0.00	0.00	0.29	27.44	80.03	0.70	23.13	2532	19889	1250	0	0	0	0	0	23670	121.45	27.31	17.91	99.40	29.49	92.17	36.13	1.07	24.67	23.24
8/17/2020 9:09:25 AM	5.97	19.89	2.14	0.00	0.00	0.00	0.00	0.24	27.99	80.50	0.74	23.17	3165	19887	961	0	0	0	0	0	24013	122.16	26.26	18.62	99.56	29.59	92.48	36.75	1.07	24.69	23.26
8/17/2020 9:09:28 AM	5.50	20.06	2.37	0.00	0.00	0.00	0.00	0.32	27.92	80.20	0.76	23.20	2913	20060	1066	0	0	0	0	0	24039	121.71	26.94	18.48	100.45	30.24	92.92	36.93	1.07	24.73	23.25
8/17/2020 9:09:30 AM	5.89	20.05	2.36	0.00	0.00	0.00	0.00	0.25	28.30	80.72	0.79	23.21	3122	20050	1061	0	0	0	0	0	24233	122.50	26.94	18.52	100.51	30.07	93.34	37.60	1.08	24.75	23.29
8/17/2020 9:09:32 AM	5.27	20.40	2.35	0.00	0.00	0.00	0.00	0.36	28.02	80.35	0.82	23.17	2794	20396	1059	0	0	0	0	0	24249	121.93	27.19	19.12	102.61	30.58	93.21	36.57	1.08	24.78	23.30
8/17/2020 9:09:35 AM	5.14	20.14	2.68	0.00	0.00	0.00	0.00	0.29	27.96	80.06	0.85	23.15	2727	20136	1206	0	0	0	0	0	24069	121.50	27.44	18.72	100.64	30.06	93.40	36.99	1.08	24.80	23.29
8/17/2020 9:09:37 AM	6.08	20.12	2.14	0.00	0.00	0.00	0.00	0.21	28.34	80.54	0.87	23.19	3223	20124	961	0	0	0	0	0	24308	122.23	26.50	18.52	100.98	29.62	93.31	36.94	1.09	24.83	23.32
8/17/2020 9:09:39 AM	5.55	20.16	2.59	0.00	0.00	0.00	0.00	0.24	28.29	80.76	0.90	23.21	2941	20156	1165	0	0	0	0	0	24262	122.55	27.36	18.40	100.78	29.96	93.94	37.49	1.09	24.85	23.32
8/17/2020 9:09:42 AM	5.61	20.10	2.53	0.00	0.00	0.00	0.00	0.23	28.24	80.91	0.93	23.22	2973	20103	1137	0	0	0	0	0	24213	122.79	27.19	18.61	100.92	29.80	93.23	37.30	1.09	24.86	23.30
8/17/2020 9:09:44 AM	4.92	20.20	2.86	0.00	0.00	0.00	0.00	0.29	27.98	80.66	0.95	23.21	2606	20199	1288	0	0	0	0	0	24094	122.40	27.73	19.15	100.80	30.03	93.73	37.03	1.09	24.89	23.36
8/17/2020 9:09:47 AM	5.77	20.17	2.44	0.00	0.00	0.00	0.00	0.25	28.38	80.69	0.98	23.18	3058	20168	1099	0	0	0	0	0	24325	122.45	27.24	18.51	101.88	30.09	92.94	37.57	1.10	24.92	23.32
8/17/2020 9:09:49 AM	6.21	20.19	2.29	0.00	0.00	0.00	0.00	0.19	28.69	80.69	1.00	23.18	3291	20193	1029	0	0	0	0	0	24514	122.44	26.88	18.79	101.08	29.90	94.33	37.89	1.10	24.93	23.35
8/17/2020 9:09:51 AM	5.75	20.21	2.14	0.00	0.00	0.00	0.00	0.32	28.11	80.56	1.02	23.17	3047	20215	965	0	0	0	0	0	24226	122.26	26.68	18.60	101.14	30.35	93.52	36.82	1.10	24.97	23.35
8/17/2020 9:09:54 AM	5.51	20.19	2.38	0.00	0.00	0.00	0.00	0.33	28.08	80.96	1.05	23.17	2921	20194	1070	0	0	0	0	0	24185	122.86	27.09	18.82	101.08	30.51	93.47	37.17	1.10	24.99	23.40
8/17/2020 9:09:56 AM	6.03	20.22	2.09	0.00	0.00	0.00	0.00	0.29	28.34	81.11	1.07	23.18	3196	20218	942	0	0	0	0	0	24356	123.09	26.65	18.50	101.44	30.31	93.59	37.22	1.11	25.00	23.39
8/17/2020 9:09:58 AM	5.31	20.17	2.30	0.00	0.00	0.00	0.00	0.31	27.79	80.89	1.10	23.22	2816	20172	1037	0	0	0	0	0	24025	122.75	26.80	18.30	101.20	29.83	92.69	35.99	1.11	25.01	23.43
8/17/2020 9:10:01 AM	5.51	20.00	2.35	0.00	0.00	0.00	0.00	0.32	27.85	80.51	1.12	23.20	2919	19998	1057	0	0	0	0	0	23974	122.17	26.78	18.91	99.91	30.19	92.81	36.88	1.11	25.04	23.43
8/17/2020 9:10:03 AM	5.17	19.90	2.38	0.00	0.00	0.00	0.00	0.30	27.44	81.37	1.15	23.21	2739	19899	1070	0	0	0	0	0	23707	123.48	26.59	17.94	99.24	29.43	92.22	35.68	1.11	25.06	23.45
8/17/2020 9:10:06 AM	5.89	20.10	2.06	0.00	0.00	0.00	0.00	0.27	28.05	81.29	1.17	23.20	3121	20097	927	0	0	0	0	0	24145	123.36	26.40	18.09	100.93	29.82	92.76	36.46	1.11	25.09	23.46
8/17/2020 9:10:08 AM	5.06	20.09	2.52	0.00	0.00	0.00	0.00	0.36	27.67	81.22	1.20	23.21	2679	20087	1136	0	0	0	0	0	23902	123.25	27.20	18.45	100.56	30.33	92.66	36.54	1.12	25.10	23.47
8/17/2020 9:10:10 AM	4.95	19.81	2.76	0.00	0.00	0.00	0.00	0.28	27.51	80.88	1.23	23.21	2621	19813	1240	0	0	0	0	0	23674	122.74	27.23	18.11	98.85	29.58	92.26	36.52	1.12	25.13	23.45
8/17/2020 9:10:13 AM	5.34	20.08	2.56	0.00	0.00	0.00	0.00	0.27	27.98	80.79	1.25	23.19	2831	20078	1152	0	0	0	0	0	24060	122.60	27.22	18.15	100.52	29.84	93.15	36.88	1.12	25.15	23.45
8/17/2020 9:10:15 AM	4.98	19.90	2.78	0.00	0.00	0.00	0.00	0.25	27.66	80.68	1.29	23.15	2641	19896	1250	0	0	0	0	0	23787	122.43	27.29	18.87	99.92	29.44	91.84	36.51	1.13	25.17	23.47
8/17/2020 9:10:17 AM	5.96	19.91	2.05	0.00	0.00	0.00	0.00	0.28	27.92	80.61	1.31	23.14	3158	19913	923	0	0	0	0	0	23994	122.33	26.20	18.24	99.65	29.79	92.51	36.62	1.13	25.18	23.53
8/17/2020 9:10:20 AM	5.61	19.85	2.53	0.00	0.00	0.00	0.00	0.25	27.99	80.99	1.34	23.15	2975	19852	1138	0	0	0	0	0	23964	122.91	26.95	18.83	99.27	29.81	92.68	37.40	1.13	25.20	23.50
8/17/2020 9:10:22 AM	5.70	20.21	2.53	0.00	0.00	0.00	0.00	0.21	28.44	81.00	1.37	23.17	3024	20209	1138	0	0	0	0	0	24371	122.92	27.27	18.56	101.30	29.76	93.95	37.45	1.13	25.22	23.56
8/17/2020 9:10:25 AM	5.54	19.75	2.57	0.00	0.00	0.00	0.00	0.25	27.86	81.10	1.39	23.17	2934	19752	1159	0	0	0	0	0	23844	123.07	26.96	18.58	99.02	29.69	92.04	37.30	1.14	25.24	23.56
8/17/2020 9:10:27 AM	5.09	20.02	2.62	0.00	0.00	0.00	0.00	0.33	27.73	81.24	1.43	23.17	2700	20018	1177	0	0	0	0	0	23895	123.28	27.20	18.85	99.76	30.13	93.04	36.78	1.14	25.26	23.57
8/17/2020 9:10:29 AM	5.01	20.12	2.48	0.00	0.00	0.00	0.00	0.34	27.61	81.35	1.46	23.16	2656	20116	1118	0	0	0	0	0	23890	123.45	27.03	18.63	100.48	30.06	92.80	36.11	1.14	25.28	23.60
8/17/2020 9:10:32 AM	5.61	19.90	2.63	0.00	0.00	0.00	0.00	0.21	28.14	81.30	1.47	23.19	2972	19902	1184	0	0	0	0	0	24058	123.38	27.16	18.98	100.16	29.59	92.34	37.50	1.14	25.29	23.60
8/17/2020 9:10:34 AM	5.16	19.99	2.61	0.00	0.00	0.00	0.00	0.29	27.76	81.67	1.52	23.20	2732	19990	1174	0	0	0	0	0	23897	123.94	27.16	18.57	99.99	29.83	92.65	36.66	1.15	25.32	23.55
8/17/2020 9:10:37 AM	5.09	20.18	2.60	0.00	0.00	0.00	0.00	0.35	27.86	81.47	1.54	23.20	2696	20178	1169	0	0	0	0	0	24044	123.63	27.42	18.80	101.04	30.45	93.15	36.90	1.15	25.34	23.58
8/17/2020 9:10:39 AM	5.29	20.21	2.41	0.00	0.00	0.00	0.00	0.30	27.91	81.84	1.57	23.21	2803	20212	1085	0	0	0	0	0	24100	124.19	26.98	18.72	101.00	29.96	93.38	36.37	1.15	25.36	23.57
8/17/2020 9:10:41 AM	5.82	20.11	2.19	0.00	0.00	0.00	0.00	0.28	28.12	82.09	1.59	23.22	3087	20108	984	0	0	0	0	0	24179	124.57	26.63	18.29	100.65	29.99	93.29	36.85	1.16	25.37	23.70
8/17/2020 9:10:44 AM	5.44	19.72	2.46	0.00	0.00	0.00	0.00	0.22	27.61	81.69	1.62	23.22	2881	19718	1107	0	0	0	0	0	23705	123.96	26.66	17.94	99.59	29.03	90.76	36.20	1.16	25.39	23.63
8/17/2020 9:10:46 AM	5.38	20.01	2.36	0.00	0.00	0.00	0.00	0.31	27.75	82.08	1.66	23.20	2850	20012	1062	0	0	0	0	0	23924	124.56	26.81	18.33	100.45	29.89	92.25	36.38	1.16	25.40	23.68
8/17/2020 9:10:48 AM	5.61	20.26	2.39	0.00	0.00	0.00	0.00	0.28	28.26	82.22	1.69	23.19	2972	20264	1077	0	0	0	0	0	24313	124.78	27.19	18.67	102.13	30.21	93.16	37.15	1.17	25.43	23.67
8/17/2020 9:10:51 AM	5.29	19.99	2.47	0.00	0.00	0.00	0.00	0.29	27.75	82.18	1.73	23.16	2803	19989	1113	0	0	0	0	0	23905	124.72	26.92	18.69	100.28	29.79	92.24	36.47	1.17	25.44	23.67
8/17/2020 9:10:53 AM	4.97	19.80	2.54	0.00	0.00	0.00	0.00	0.33	27.31	82.12	1.77	23.18	2632	19799	1145	0	0	0	0	0	23576	124.62	26.84	18.16	98.86	29.67	91.73	35.98	1.17	25.45	23.71
8/17/2020 9:10:56 AM	5.39	20.06	2.39	0.00	0.00	0.00	0.00	0.28	27.84	82.29	1.80	23.17	2857	20055	1076	0	0	0	0	0	23988	124.88	26.88	18.31	100.78	29.75	92.37	36.38	1.18	25.48	23.68
8/17/2020 9:10:58 AM	5.15	20.06	2.58	0.00	0.00	0.00	0.00	0.31	27.79	82.14	1.82	23.20	2730	20060	1161	0	0	0	0	0	23951	124.65	27.22	18.65	100.61	30.01	92.56	36.67	1.18	25.49	23.72
8/17/2020 9:11:00 AM	5.25	20.11	2.52	0.00	0.00	0.00	0.00	0.29	27.88	82.26	1.86	23.21	2784	20109	1135	0	0	0	0	0	24028	124.84	27.10	18.65	100.65	29.86	92.99	36.58	1.18	25.50	23.72
8/17/2020 9:11:03 AM	5.92	20.19	2.17	0.00	0.00	0.00	0.00	0.25	28.28	82.32	1.90	23.20	3140	20191	975	0	0	0	0	0	24306	124.92	26.66	18.54	101.37	29.91	93.34	36.92	1.19	25.51	23.76
8/17/2020 9:11:05 AM	5.41	20.23	2.50	0.00	0.00	0.00	0.00	0.29	28.14	82.45	1.94	23.19	2868	20229	1126	0	0	0	0	0	24223	125.13	27.26	18.68	101.32	30.14	93.61	37.04	1.19	25.53	23.76
8/17/2020 9:11:07 AM	5.48	20.17	2.52	0.00	0.00	0.00	0.00	0.28	28.17	82.52	1.98	23.20	2904	20168	1135	0	0	0	0	0	24207	125.23	27.27	18.74	101.16	30.12	93.36	37.24	1.19	25.55	23.78
8/17/2020 9:11:10 AM	5.50	20.26	2.33	0.00	0.00	0.00	0.00	0.32	28.09	82.46	2.02	23.18	2913	20261	1050	0	0	0	0	0	24224	125.13	27.06	18.54	101.66	30.35	93.37	36.85	1.20	25.57	23.78
8/17/2020 9:11:12 AM	5.74	20.43	2.29	0.00	0.00	0.00	0.00	0.29	28.45	82.97	2.06	23.19	3042	20427	1029	0	0	0	0	0	24498	125.91	27.17	18.73	102.71	30.44	94.04	37.24	1.20	25.59	23.80
8/17/2020 9:11:15 AM	5.82	20.17	2.65	0.00	0.00	0.00	0.00	0.27	28.65	82.71	2.10	23.20	3083	20175	1194	0	0	0	0	0	24452	125.52	27.75	18.85	101.37	30.77	94.06	38.86	1.21	25.60	23.80
8/17/2020 9:11:17 AM	5.30	20.92	3.56	0.00	0.00	0.00	0.00	0.28	29.79	82.74	2.14	23.19	2810	20922	1603	0	0	0	0	0	25335	125.56	30.27	19.89	105.25	32.31	97.73	41.58	1.21	25.61	23.85
8/17/2020 9:11:19 AM	5.25	21.16	4.62	0.00	0.00	0.00	0.00	0.24	31.03	82.61	2.17	23.20	2782	21162	2079	0	0	0	0	0	26023	125.37	32.79	21.00	107.08	33.78	100.01	45.81	1.21	25.63	23.88
8/17/2020 9:11:22 AM	3.42	21.33	8.09	0.41	0.00	0.00	0.00	0.30	33.26	82.67	2.20	23.18	1813	21329	3641	12	0	0	0	0	26796	125.45	41.29	24.88	109.28	38.59	105.88	57.62	1.22	25.65	23.82
8/17/2020 9:11:24 AM	1.63	20.57	10.15	2.04	0.00	0.00	0.00	0.36	34.38	82.50	2.23	23.16	862	20567	4566	61	0	0	0	0	26056	125.19	49.83	26.79	110.12	42.47	110.05	68.32	1.22	25.66	23.82
8/17/2020 9:11:27 AM	0.06	18.83	12.15	5.43	0.00	0.00	0.00	0.30	36.47	82.41	2.25	23.11	32	18834	5466	163	0	0	0	0	24495	125.06	62.84	29.34	110.42	47.72	117.66	85.97	1.22	25.68	23.85
8/17/2020 9:11:29 AM	1.44	15.89	12.22	14.09	0.00	0.00	0.00	0.44	43.63	81.28	2.25	23.06	763	15887	5499	423	0	0	0	0	22571	123.35	88.89	40.62	119.27	64.24	139.88	128.95	1.22	25.70	23.88
8/17/2020 9:11:31 AM	4.85	14.63	14.03	19.53	0.00	0.00	0.00	0.10	53.04	80.95	2.32	22.99	2573	14631	6314	586	0	0	0	0	24103	122.85	110.29	50.26	131.62	77.28	159.55	168.61	1.23	25.71	23.88
8/17/2020 9:11:34 AM	9.09	14.46	14.43	15.05	0.00	0.00	0.00	0.10	53.03	79.34	2.33	22.88	4820	14455	6493	452	0	0	0	0	26220	120.40	99.46	46.58	125.13	76.10	144.04	164.29	1.23	25.71	23.91
8/17/2020 9:11:36 AM	14.15	10.90	11.12	10.92	0.00	0.00	0.00	0.38	47.09	78.49	2.37	22.70	7500	10898	5004	328	0	0	0	0	23730	119.11	79.49	34.88	99.73	70.51	114.79	148.81	1.23	25.73	23.91
8/17/2020 9:11:38 AM	17.15	9.99	10.28	8.02	0.00	0.00	0.00	0.62	45.43	77.03	2.37	22.56	9089	9986	4626	241	0	0	0	0	23941	116.90	69.97	31.40	91.16	70.08	100.54	143.64	1.23	25.75	23.88
8/17/2020 9:11:41 AM	19.00	9.56	9.65	6.78	0.00	0.00	0.00	0.75	44.99	76.06	2.41	22.47	10072	9563	4342	203	0	0	0	0	24180	115.42	65.71	28.36	86.97	70.41	95.38	142.22	1.24	25.76	23.90
8/17/2020 9:11:43 AM	18.12	9.10	9.17	7.59	0.00	0.00	0.00	0.76	43.98	75.69	2.44	22.27	9602	9105	4127	228	0	0	0	0	23061	114.85	66.26	28.29	85.39	69.52	95.64	140.76	1.24	25.76	23.96
8/17/2020 9:11:46 AM	18.77	9.57	9.15	7.31	0.00	0.00	0.00	0.76	44.81	75.00	2.45	22.08	9950	9568	4120	219	0	0	0	0	23858	113.81	66.11	28.36	87.34	70.26	97.07	141.72	1.24	25.78	23.98
8/17/2020 9:11:48 AM	20.86	9.62	9.69	4.10	0.00	0.00	0.00	0.94	44.27	72.68	2.48	21.98	11053	9622	4362	123	0	0	0	0	25161	110.29	59.03	25.44	82.85	70.42	86.56	138.13	1.24	25.79	23.92
8/17/2020 9:11:50 AM	21.80	8.28	8.59	1.81	0.00	0.00	0.00	1.27	40.48	71.52	2.50	21.79	11557	8278	3863	54	0	0	0	0	23752	108.53	49.58	19.86	70.94	68.29	72.18	128.49	1.25	25.80	23.97
8/17/2020 9:11:53 AM	22.13	7.87	8.44	1.19	0.00	0.00	0.00	1.34	39.63	71.22	2.53	21.59	11729	7867	3798	36	0	0	0	0	23430	108.07	47.35	18.34	67.71	67.82	68.36	126.60	1.25	25.81	23.97
8/17/2020 9:11:55 AM	22.49	7.50	7.71	1.59	0.00	0.00	0.00	1.36	39.29	71.04	2.57	21.50	11921	7497	3469	48	0	0	0	0	22935	107.81	46.80	18.34	66.56	67.63	67.87	126.27	1.25	25.83	24.00
8/17/2020 9:11:57 AM	22.05	7.52	7.80	1.21	0.00	0.00	0.00	1.41	38.58	71.10	2.59	21.24	11686	7523	3510	36	0	0	0	0	22756	107.90	45.74	17.52	65.42	67.08	66.41	124.04	1.25	25.83	24.00
8/17/2020 9:12:00 AM	22.05	7.59	7.61	1.10	0.00	0.00	0.00	1.38	38.35	71.22	2.61	21.10	11688	7588	3425	33	0	0	0	0	22733	108.08	44.91	17.43	65.28	66.33	65.95	122.51	1.26	25.84	24.05
8/17/2020 9:12:02 AM	21.45	7.35	7.10	0.90	0.00	0.00	0.00	1.45	36.80	72.14	2.66	21.18	11366	7352	3196	27	0	0	0	0	21941	109.47	42.70	16.59	62.75	64.76	63.18	117.92	1.26	25.86	24.08
8/17/2020 9:12:05 AM	20.75	7.23	6.98	0.87	0.00	0.00	0.00	1.43	35.83	72.85	2.69	21.14	10996	7231	3140	26	0	0	0	0	21394	110.55	41.76	16.15	61.38	63.21	61.92	114.81	1.26	25.86	23.97
8/17/2020 9:12:07 AM	20.59	7.11	6.99	0.38	0.00	0.00	0.00	1.50	35.06	73.03	2.71	21.05	10912	7113	3143	11	0	0	0	0	21180	110.82	40.20	15.28	59.57	62.72	59.40	112.64	1.27	25.87	24.05
8/17/2020 9:12:09 AM	20.57	6.89	6.51	0.41	0.00	0.00	0.00	1.46	34.38	73.30	2.75	21.01	10905	6886	2931	12	0	0	0	0	20733	111.23	38.86	15.11	58.20	61.38	57.90	110.27	1.27	25.87	24.10
8/17/2020 9:12:12 AM	19.60	6.08	4.92	0.00	0.00	0.00	0.00	1.57	30.60	74.82	2.80	20.54	10385	6081	2216	0	0	0	0	0	18682	113.55	32.90	12.31	51.30	57.07	50.48	98.95	1.27	25.87	24.06
8/17/2020 9:12:14 AM	17.72	5.39	3.42	0.00	0.00	0.00	0.00	1.71	26.53	76.46	2.83	19.82	9391	5385	1540	0	0	0	0	0	16316	116.03	28.07	10.41	45.85	52.71	43.74	87.16	1.28	25.89	24.06
8/17/2020 9:12:16 AM	17.57	5.29	3.13	0.00	0.00	0.00	0.00	1.68	25.99	76.69	2.87	19.63	9312	5287	1409	0	0	0	0	0	16007	116.38	27.11	10.30	44.93	51.61	42.88	85.12	1.28	25.90	24.10
8/17/2020 9:12:19 AM	16.97	5.16	2.88	0.00	0.00	0.00	0.00	1.66	25.01	77.48	2.91	19.75	8993	5156	1297	0	0	0	0	0	15446	117.58	26.05	9.86	43.97	50.05	41.15	81.89	1.29	25.90	24.10
8/17/2020 9:12:21 AM	16.55	4.96	2.65	0.00	0.00	0.00	0.00	1.64	24.16	78.06	2.95	19.69	8773	4956	1191	0	0	0	0	0	14920	118.45	25.02	9.33	42.36	48.66	39.84	79.27	1.29	25.90	24.10
8/17/2020 9:12:24 AM	16.22	4.79	2.10	0.00	0.00	0.00	0.00	1.50	23.10	78.57	3.00	19.19	8596	4788	944	0	0	0	0	0	14328	119.23	23.02	8.82	40.86	45.69	37.99	74.60	1.29	25.91	24.11
8/17/2020 9:12:26 AM	14.65	4.55	1.71	0.00	0.00	0.00	0.00	1.31	20.91	79.48	3.03	18.92	7764	4555	767	0	0	0	0	0	13086	120.62	20.49	7.89	38.11	40.65	35.06	66.22	1.30	25.90	24.12
8/17/2020 9:12:28 AM	13.48	4.34	1.29	0.00	0.00	0.00	0.00	1.23	19.12	80.48	3.07	19.15	7144	4344	581	0	0	0	0	0	12070	122.13	18.40	7.20	35.50	37.24	32.94	59.89	1.30	25.91	24.16
8/17/2020 9:12:31 AM	12.67	4.48	1.18	0.00	0.00	0.00	0.00	1.20	18.34	80.97	3.10	19.25	6718	4482	532	0	0	0	0	0	11731	122.88	17.73	7.18	35.57	35.79	32.43	56.68	1.30	25.90	24.11
8/17/2020 9:12:33 AM	11.45	4.27	1.11	0.00	0.00	0.00	0.00	1.16	16.82	81.88	3.15	19.15	6066	4266	498	0	0	0	0	0	10830	124.26	16.49	6.75	33.03	33.27	30.84	51.97	1.31	25.91	24.12
8/17/2020 9:12:36 AM	11.32	4.40	0.93	0.00	0.00	0.00	0.00	1.13	16.66	82.39	3.18	18.67	5999	4403	420	0	0	0	0	0	10822	125.03	16.05	6.68	33.43	32.63	31.04	50.64	1.31	25.90	24.13
8/17/2020 9:12:38 AM	10.96	4.49	0.80	0.00	0.00	0.00	0.00	1.15	16.24	82.35	3.21	18.21	5807	4488	359	0	0	0	0	0	10654	124.97	15.63	6.68	33.43	32.10	30.90	49.02	1.31	25.90	24.11
8/17/2020 9:12:40 AM	10.69	4.49	0.84	0.00	0.00	0.00	0.00	1.14	16.02	82.66	3.23	18.18	5667	4488	377	0	0	0	0	0	10533	125.44	15.57	6.55	33.28	31.74	30.71	48.31	1.32	25.90	24.17
8/17/2020 9:12:43 AM	10.61	4.63	0.66	0.00	0.00	0.00	0.00	1.13	15.90	83.17	3.29	17.69	5625	4632	296	0	0	0	0	0	10553	126.21	15.15	6.69	33.41	31.33	31.30	47.24	1.32	25.89	24.17
8/17/2020 9:12:45 AM	10.37	4.64	0.72	0.00	0.00	0.00	0.00	1.14	15.74	83.53	3.32	17.22	5498	4644	324	0	0	0	0	0	10466	126.75	15.18	6.65	33.35	31.17	31.20	46.80	1.33	25.91	24.20
8/17/2020 9:12:47 AM	10.43	4.70	0.80	0.00	0.00	0.00	0.00	1.14	15.93	83.57	3.36	17.31	5527	4701	360	0	0	0	0	0	10588	126.83	15.45	6.82	33.74	31.44	31.55	47.36	1.33	25.88	24.21
8/17/2020 9:12:50 AM	10.51	4.77	0.68	0.00	0.00	0.00	0.00	1.12	15.96	83.91	3.38	16.73	5572	4765	308	0	0	0	0	0	10645	127.34	15.25	6.74	34.09	31.23	31.65	47.00	1.33	25.88	24.18
8/17/2020 9:12:52 AM	10.35	4.83	0.63	0.00	0.00	0.00	0.00	1.14	15.81	84.37	3.40	16.63	5487	4828	285	0	0	0	0	0	10599	128.04	15.12	6.71	34.04	31.15	31.91	46.43	1.33	25.87	24.21
8/17/2020 9:12:55 AM	9.69	4.98	0.43	0.00	0.00	0.00	0.00	1.14	15.10	85.25	3.43	16.62	5137	4976	195	0	0	0	0	0	10308	129.38	14.38	6.60	34.14	29.92	31.55	43.43	1.34	25.86	24.21
8/17/2020 9:12:57 AM	9.57	5.01	0.41	0.00	0.00	0.00	0.00	1.16	14.99	85.45	3.45	16.30	5073	5011	183	0	0	0	0	0	10267	129.68	14.31	6.69	33.95	29.97	31.82	43.13	1.34	25.85	24.22
8/17/2020 9:12:59 AM	9.35	5.10	0.28	0.00	0.00	0.00	0.00	1.11	14.72	86.03	3.49	16.41	4955	5095	126	0	0	0	0	0	10176	130.56	13.83	6.71	34.17	29.03	31.62	41.51	1.34	25.84	24.23
8/17/2020 9:13:02 AM	8.74	5.22	0.21	0.00	0.00	0.00	0.00	1.09	14.17	86.78	3.53	16.12	4632	5216	97	0	0	0	0	0	9944	131.70	13.36	6.51	34.13	27.86	31.55	39.09	1.35	25.83	24.25
8/17/2020 9:13:04 AM	7.97	5.18	0.11	0.00	0.00	0.00	0.00	1.11	13.26	88.10	3.57	15.64	4226	5180	49	0	0	0	0	0	9455	133.70	12.67	6.27	33.00	26.81	30.89	36.34	1.35	25.81	24.26
8/17/2020 9:13:06 AM	7.91	5.11	0.19	0.00	0.00	0.00	0.00	1.08	13.21	88.36	3.63	15.48	4190	5105	88	0	0	0	0	0	9383	134.09	12.70	6.21	32.65	26.53	30.64	36.27	1.36	25.81	24.23
8/17/2020 9:13:09 AM	7.99	5.12	0.13	0.00	0.00	0.00	0.00	1.10	13.24	88.63	3.66	15.54	4235	5121	57	0	0	0	0	0	9413	134.50	12.65	6.24	32.91	26.70	30.52	36.36	1.36	25.79	24.25
8/17/2020 9:13:11 AM	7.95	5.12	0.05	0.00	0.00	0.00	0.00	1.09	13.12	89.12	3.69	15.38	4212	5118	24	0	0	0	0	0	9354	135.25	12.43	6.21	32.87	26.41	30.28	35.82	1.36	25.77	24.25
8/17/2020 9:13:14 AM	7.63	5.02	0.05	0.00	0.00	0.00	0.00	1.08	12.70	89.38	3.73	15.33	4042	5023	21	0	0	0	0	0	9086	135.64	12.13	6.03	32.01	25.82	29.77	34.69	1.37	25.75	24.22
8/17/2020 9:13:16 AM	7.58	4.92	0.00	0.00	0.00	0.00	0.00	1.10	12.50	89.62	3.78	15.51	4019	4920	0	0	0	0	0	0	8938	136.01	11.93	6.07	31.47	25.80	29.24	34.46	1.37	25.75	24.25
8/17/2020 9:13:18 AM	7.59	4.93	0.00	0.00	0.00	0.00	0.00	1.08	12.52	90.23	3.80	15.48	4023	4931	0	0	0	0	0	0	8954	136.93	11.88	6.04	31.74	25.62	29.05	34.33	1.37	25.72	24.28
8/17/2020 9:13:21 AM	7.16	4.67	0.00	0.00	0.00	0.00	0.00	1.07	11.83	90.41	3.86	14.93	3794	4672	0	0	0	0	0	0	8466	137.20	11.38	5.78	30.13	24.65	27.66	32.73	1.38	25.71	24.26
8/17/2020 9:13:23 AM	5.81	3.82	0.00	0.00	0.00	0.00	0.00	1.02	9.62	91.21	3.91	14.43	3077	3816	0	0	0	0	0	0	6893	138.41	9.76	4.83	25.00	21.62	23.01	27.75	1.38	25.68	24.28
8/17/2020 9:13:26 AM	5.90	3.83	0.02	0.00	0.00	0.00	0.00	0.99	9.75	91.37	3.95	14.43	3128	3825	11	0	0	0	0	0	6964	138.66	9.80	4.83	25.02	21.49	23.25	27.92	1.39	25.67	24.25
8/17/2020 9:13:28 AM	5.73	3.77	0.00	0.00	0.00	0.00	0.00	1.02	9.51	91.70	3.99	14.46	3039	3774	0	0	0	0	0	0	6813	139.16	9.52	4.78	24.69	21.44	22.84	27.46	1.39	25.65	24.22
8/17/2020 9:13:30 AM	5.31	3.37	0.00	0.00	0.00	0.00	0.00	0.96	8.68	92.00	4.03	14.52	2814	3374	0	0	0	0	0	0	6188	139.63	8.91	4.29	22.25	19.91	21.02	25.49	1.39	25.62	24.26
8/17/2020 9:13:33 AM	5.46	3.46	0.00	0.00	0.00	0.00	0.00	0.93	8.92	91.78	4.06	14.61	2893	3461	0	0	0	0	0	0	6354	139.29	8.95	4.51	22.93	19.91	21.30	25.77	1.40	25.60	24.27
8/17/2020 9:13:35 AM	5.05	3.24	0.00	0.00	0.00	0.00	0.00	0.93	8.29	92.18	4.09	14.78	2676	3240	0	0	0	0	0	0	5916	139.89	8.49	4.13	21.55	19.13	20.08	24.36	1.40	25.57	24.26
8/17/2020 9:13:37 AM	4.63	2.99	0.00	0.00	0.00	0.00	0.00	0.88	7.61	92.46	4.14	14.75	2453	2986	0	0	0	0	0	0	5439	140.32	7.88	3.85	19.97	17.90	18.69	22.57	1.41	25.55	24.30
8/17/2020 9:13:40 AM	4.33	2.78	0.00	0.00	0.00	0.00	0.00	0.79	7.11	91.91	4.19	13.95	2296	2778	0	0	0	0	0	0	5074	139.49	7.30	3.62	18.85	16.38	17.40	20.81	1.41	25.53	24.28
8/17/2020 9:13:42 AM	3.35	2.49	0.00	0.00	0.00	0.00	0.00	0.65	5.84	91.14	4.23	13.31	1776	2485	0	0	0	0	0	0	4261	138.31	6.10	3.32	16.63	13.31	15.22	16.43	1.41	25.51	24.27
8/17/2020 9:13:45 AM	2.99	2.11	0.09	0.00	0.00	0.00	0.00	0.51	5.19	90.84	4.27	13.44	1582	2110	41	0	0	0	0	0	3734	137.86	5.53	2.80	14.55	11.19	13.46	14.39	1.42	25.48	24.26
8/17/2020 9:13:47 AM	2.73	2.03	0.29	0.00	0.00	0.00	0.00	0.44	5.05	90.74	4.31	13.64	1448	2030	132	0	0	0	0	0	3610	137.71	5.60	2.78	13.99	10.38	13.24	13.87	1.42	25.44	24.26
8/17/2020 9:13:49 AM	3.15	2.11	0.09	0.00	0.00	0.00	0.00	0.41	5.35	90.48	4.35	13.69	1669	2112	39	0	0	0	0	0	3820	137.31	5.35	2.80	14.69	10.36	13.48	14.06	1.43	25.42	24.28
8/17/2020 9:13:52 AM	2.75	1.86	0.16	0.00	0.00	0.00	0.00	0.37	4.77	89.93	4.39	13.53	1460	1856	72	0	0	0	0	0	3387	136.48	4.97	2.59	13.13	9.35	12.26	12.75	1.43	25.40	24.25
8/17/2020 9:13:54 AM	2.58	1.90	0.17	0.00	0.00	0.00	0.00	0.34	4.65	89.88	4.42	13.64	1365	1900	78	0	0	0	0	0	3343	136.40	4.85	2.59	13.19	8.83	12.27	11.99	1.43	25.37	24.22
8/17/2020 9:13:56 AM	2.45	1.66	0.21	0.00	0.00	0.00	0.00	0.27	4.32	89.60	4.46	13.51	1299	1657	93	0	0	0	0	0	3050	135.97	4.46	2.32	11.86	7.78	11.28	11.08	1.44	25.34	24.26
8/17/2020 9:13:59 AM	2.34	1.65	0.28	0.00	0.00	0.00	0.00	0.26	4.27	89.58	4.51	13.12	1238	1653	125	0	0	0	0	0	3016	135.95	4.53	2.48	11.91	7.67	11.12	10.96	1.44	25.30	24.23
8/17/2020 9:14:01 AM	2.50	1.63	0.25	0.00	0.00	0.00	0.00	0.24	4.38	89.79	4.54	13.19	1326	1628	111	0	0	0	0	0	3065	136.27	4.46	2.36	11.78	7.56	11.23	11.14	1.44	25.26	24.25
8/17/2020 9:14:04 AM	2.17	1.52	0.22	0.00	0.00	0.00	0.00	0.26	3.91	90.04	4.57	13.21	1151	1518	99	0	0	0	0	0	2768	136.64	4.18	2.21	11.05	7.19	10.42	10.11	1.45	25.24	24.22
8/17/2020 9:14:06 AM	1.84	1.31	0.20	0.00	0.00	0.00	0.00	0.27	3.34	90.27	4.60	13.05	973	1309	89	0	0	0	0	0	2371	137.00	3.77	1.93	9.57	6.65	9.49	8.97	1.45	25.20	24.22
8/17/2020 9:14:08 AM	2.01	1.34	0.14	0.00	0.00	0.00	0.00	0.26	3.49	90.54	4.64	13.19	1065	1344	61	0	0	0	0	0	2469	137.41	3.74	1.99	9.94	6.74	9.56	9.19	1.45	25.17	24.21
8/17/2020 9:14:11 AM	1.68	1.18	0.19	0.00	0.00	0.00	0.00	0.30	3.05	90.56	4.66	13.38	888	1184	87	0	0	0	0	0	2160	137.44	3.63	1.88	8.94	6.58	8.77	8.59	1.46	25.14	24.22
8/17/2020 9:14:13 AM	1.71	1.22	0.18	0.00	0.00	0.00	0.00	0.29	3.11	90.65	4.70	13.54	906	1224	79	0	0	0	0	0	2209	137.58	3.64	1.95	9.27	6.61	8.79	8.61	1.46	25.10	24.22
8/17/2020 9:14:16 AM	1.47	1.15	0.27	0.00	0.00	0.00	0.00	0.31	2.89	90.42	4.73	13.57	779	1147	123	0	0	0	0	0	2049	137.23	3.69	1.82	8.64	6.49	8.58	8.35	1.46	25.07	24.21
8/17/2020 9:14:18 AM	1.91	1.22	0.23	0.00	0.00	0.00	0.00	0.28	3.37	90.76	4.75	13.53	1013	1224	105	0	0	0	0	0	2343	137.73	3.85	2.10	9.44	6.86	9.05	9.42	1.47	25.04	24.16
8/17/2020 9:14:20 AM	2.33	1.21	0.15	0.00	0.00	0.00	0.00	0.26	3.69	90.69	4.79	13.48	1234	1210	69	0	0	0	0	0	2513	137.63	3.89	1.94	9.93	7.10	8.97	10.23	1.47	25.00	24.21
8/17/2020 9:14:23 AM	2.26	1.21	0.21	0.00	0.00	0.00	0.00	0.27	3.67	90.99	4.82	13.50	1196	1205	93	0	0	0	0	0	2494	138.09	3.95	2.08	9.73	7.16	9.11	10.29	1.47	24.97	24.20
8/17/2020 9:14:25 AM	1.87	1.13	0.22	0.00	0.00	0.00	0.00	0.29	3.22	91.18	4.86	13.58	992	1129	98	0	0	0	0	0	2219	138.37	3.74	2.04	8.97	6.83	8.60	9.28	1.48	24.93	24.21
8/17/2020 9:14:27 AM	1.82	1.07	0.20	0.00	0.00	0.00	0.00	0.30	3.10	91.11	4.89	13.47	966	1072	90	0	0	0	0	0	2128	138.28	3.66	1.79	8.72	6.75	8.27	9.08	1.48	24.89	24.17
8/17/2020 9:14:30 AM	1.69	0.96	0.21	0.00	0.00	0.00	0.00	0.31	2.86	91.30	4.92	13.32	897	957	96	0	0	0	0	0	1950	138.55	3.52	1.66	7.84	6.57	7.98	8.74	1.48	24.86	24.18
8/17/2020 9:14:32 AM	1.75	0.95	0.15	0.00	0.00	0.00	0.00	0.31	2.84	91.22	4.95	13.31	925	950	67	0	0	0	0	0	1942	138.44	3.41	1.67	7.87	6.60	7.85	8.67	1.49	24.82	24.13
8/17/2020 9:14:35 AM	1.64	0.97	0.16	0.00	0.00	0.00	0.00	0.33	2.77	91.04	4.99	12.94	868	973	73	0	0	0	0	0	1914	138.16	3.44	1.65	8.00	6.62	7.78	8.50	1.49	24.78	24.11
8/17/2020 9:14:37 AM	1.80	1.05	0.22	0.00	0.00	0.00	0.00	0.29	3.06	91.25	5.03	12.82	953	1047	98	0	0	0	0	0	2099	138.49	3.62	1.92	8.41	6.64	8.34	9.01	1.49	24.75	24.11
8/17/2020 9:14:39 AM	2.07	1.06	0.18	0.00	0.00	0.00	0.00	0.28	3.31	91.29	5.06	12.94	1097	1059	83	0	0	0	0	0	2239	138.54	3.69	1.80	8.58	6.88	8.68	9.66	1.50	24.70	24.07
8/17/2020 9:14:42 AM	1.84	0.93	0.33	0.00	0.00	0.00	0.00	0.30	3.10	91.44	5.09	12.94	974	927	149	0	0	0	0	0	2050	138.77	3.80	1.79	7.58	6.87	8.47	9.66	1.50	24.66	24.11
8/17/2020 9:14:44 AM	1.75	1.00	0.20	0.00	0.00	0.00	0.00	0.31	2.95	91.35	5.12	13.02	925	1000	91	0	0	0	0	0	2016	138.63	3.56	1.86	8.32	6.66	7.91	8.87	1.50	24.64	24.10
8/17/2020 9:14:46 AM	2.03	1.04	0.20	0.00	0.00	0.00	0.00	0.28	3.27	91.50	5.16	13.08	1073	1042	89	0	0	0	0	0	2204	138.86	3.68	1.90	8.66	6.82	8.37	9.56	1.51	24.59	24.07
8/17/2020 9:14:49 AM	2.12	1.04	0.27	0.00	0.00	0.00	0.00	0.28	3.43	91.31	5.19	13.10	1124	1041	121	0	0	0	0	0	2286	138.57	3.91	1.85	8.68	7.10	8.68	10.20	1.51	24.56	24.06
8/17/2020 9:14:51 AM	2.29	1.08	0.25	0.00	0.00	0.00	0.00	0.28	3.62	91.47	5.23	13.18	1213	1081	114	0	0	0	0	0	2408	138.81	4.00	2.02	9.17	7.29	8.75	10.64	1.51	24.51	24.07
8/17/2020 9:14:54 AM	2.15	1.01	0.27	0.00	0.00	0.00	0.00	0.28	3.43	91.69	5.26	13.21	1138	1015	121	0	0	0	0	0	2273	139.15	3.89	1.83	8.51	7.06	8.66	10.24	1.52	24.48	24.06
8/17/2020 9:14:56 AM	2.30	1.06	0.20	0.00	0.00	0.00	0.00	0.28	3.56	91.48	5.28	13.25	1217	1063	91	0	0	0	0	0	2371	138.82	3.89	1.86	9.06	7.24	8.63	10.46	1.52	24.45	24.02
8/17/2020 9:14:58 AM	2.40	1.20	0.12	0.00	0.00	0.00	0.00	0.28	3.73	91.54	5.31	13.29	1273	1202	55	0	0	0	0	0	2530	138.92	3.91	1.93	10.12	7.32	8.77	10.46	1.52	24.40	23.98
8/17/2020 9:15:01 AM	2.17	0.96	0.28	0.00	0.00	0.00	0.00	0.30	3.42	91.46	5.34	13.32	1151	965	128	0	0	0	0	0	2244	138.80	3.94	1.86	8.24	7.31	8.59	10.54	1.52	24.36	24.01
8/17/2020 9:15:03 AM	2.43	1.03	0.40	0.00	0.00	0.00	0.00	0.25	3.87	91.59	5.35	13.15	1288	1033	181	0	0	0	0	0	2502	139.00	4.33	1.86	8.82	7.47	9.26	11.56	1.52	24.32	23.98
8/17/2020 9:15:05 AM	2.27	1.07	0.38	0.00	0.00	0.00	0.00	0.27	3.71	91.30	5.36	13.09	1201	1066	169	0	0	0	0	0	2436	138.56	4.23	2.06	8.86	7.41	9.16	11.07	1.53	24.28	23.95
8/17/2020 9:15:08 AM	2.07	1.02	0.28	0.00	0.00	0.00	0.00	0.30	3.38	91.57	5.42	12.70	1099	1019	128	0	0	0	0	0	2245	138.97	3.95	1.88	8.62	7.21	8.50	10.24	1.53	24.25	23.95
8/17/2020 9:15:10 AM	2.25	0.98	0.22	0.00	0.00	0.00	0.00	0.27	3.45	91.60	5.44	12.21	1193	982	97	0	0	0	0	0	2273	139.02	3.79	1.84	8.53	7.05	8.40	10.29	1.53	24.21	23.95
8/17/2020 9:15:13 AM	2.31	1.03	0.29	0.00	0.00	0.00	0.00	0.27	3.62	91.46	5.53	12.32	1225	1027	128	0	0	0	0	0	2380	138.80	4.02	1.88	8.81	7.24	8.77	10.76	1.54	24.17	23.91
8/17/2020 9:15:15 AM	2.36	1.07	0.26	0.00	0.00	0.00	0.00	0.27	3.68	91.65	5.57	12.09	1249	1066	116	0	0	0	0	0	2431	139.09	4.03	1.85	9.01	7.32	8.94	10.83	1.55	24.13	23.92
8/17/2020 9:15:17 AM	2.09	1.03	0.28	0.00	0.00	0.00	0.00	0.29	3.40	91.57	5.61	11.93	1108	1029	126	0	0	0	0	0	2262	138.96	3.90	1.92	8.38	7.13	8.86	10.20	1.55	24.07	23.92
8/17/2020 9:15:20 AM	1.89	1.04	0.37	0.00	0.00	0.00	0.00	0.30	3.29	91.75	5.63	12.09	1002	1036	165	0	0	0	0	0	2203	139.24	4.04	1.86	8.41	7.13	8.75	10.05	1.55	24.03	23.90
8/17/2020 9:15:22 AM	1.89	1.06	0.28	0.00	0.00	0.00	0.00	0.31	3.23	91.70	5.66	12.11	1001	1060	126	0	0	0	0	0	2188	139.16	3.93	1.72	8.84	7.11	8.36	9.75	1.55	23.99	23.86
8/17/2020 9:15:25 AM	2.22	1.04	0.24	0.00	0.00	0.00	0.00	0.28	3.50	91.53	5.68	12.09	1178	1044	106	0	0	0	0	0	2328	138.91	3.91	1.78	8.88	7.15	8.61	10.35	1.56	23.95	23.85
8/17/2020 9:15:27 AM	2.42	0.98	0.33	0.00	0.00	0.00	0.00	0.28	3.73	91.84	5.71	12.23	1280	984	150	0	0	0	0	0	2415	139.37	4.16	1.84	8.48	7.50	9.02	11.36	1.56	23.91	23.83
8/17/2020 9:15:29 AM	2.53	1.04	0.34	0.00	0.00	0.00	0.00	0.28	3.91	91.67	5.73	12.25	1338	1042	152	0	0	0	0	0	2533	139.13	4.30	1.89	9.05	7.71	9.14	11.74	1.56	23.87	23.85
8/17/2020 9:15:32 AM	2.42	1.06	0.24	0.00	0.00	0.00	0.00	0.27	3.72	91.82	5.76	12.34	1284	1059	109	0	0	0	0	0	2451	139.35	4.02	1.90	8.93	7.41	9.03	10.99	1.56	23.83	23.85
8/17/2020 9:15:34 AM	2.22	1.01	0.29	0.00	0.00	0.00	0.00	0.31	3.52	91.40	5.79	12.62	1178	1009	129	0	0	0	0	0	2316	138.71	4.04	1.92	8.51	7.51	8.81	10.80	1.57	23.79	23.77
8/17/2020 9:15:36 AM	2.19	0.98	0.32	0.00	0.00	0.00	0.00	0.30	3.49	91.69	5.82	12.75	1160	979	144	0	0	0	0	0	2282	139.14	4.05	1.87	8.49	7.36	8.56	10.72	1.57	23.75	23.77
8/17/2020 9:15:39 AM	2.25	0.99	0.30	0.00	0.00	0.00	0.00	0.28	3.54	91.83	5.84	12.86	1194	989	136	0	0	0	0	0	2318	139.36	4.01	1.76	8.25	7.31	8.98	10.77	1.57	23.70	23.77
8/17/2020 9:15:41 AM	2.91	1.63	0.19	0.00	0.00	0.00	0.00	0.21	4.73	91.76	5.87	12.93	1543	1630	86	0	0	0	0	0	3259	139.26	4.60	2.59	13.21	7.84	10.27	12.01	1.58	23.67	23.75
8/17/2020 9:15:44 AM	2.40	1.16	0.42	0.00	0.00	0.00	0.00	0.27	3.98	91.59	5.90	12.87	1273	1162	187	0	0	0	0	0	2622	139.00	4.47	2.33	9.52	7.72	9.62	11.70	1.58	23.63	23.72
8/17/2020 9:15:46 AM	2.07	1.00	0.31	0.00	0.00	0.00	0.00	0.29	3.38	91.67	5.92	12.75	1095	1003	138	0	0	0	0	0	2236	139.11	3.93	1.85	8.28	7.11	8.75	10.23	1.58	23.59	23.70
8/17/2020 9:15:48 AM	1.93	0.98	0.36	0.00	0.00	0.00	0.00	0.33	3.27	91.77	5.94	12.66	1023	978	162	0	0	0	0	0	2163	139.28	4.05	1.82	7.97	7.37	8.78	10.32	1.58	23.55	23.71
8/17/2020 9:15:51 AM	1.81	0.96	0.35	0.00	0.00	0.00	0.00	0.31	3.13	91.81	5.96	12.68	960	963	159	0	0	0	0	0	2082	139.33	3.91	1.80	7.98	6.99	8.38	9.75	1.58	23.51	23.71
8/17/2020 9:15:53 AM	1.89	0.93	0.32	0.00	0.00	0.00	0.00	0.31	3.13	91.69	5.99	12.78	1000	931	142	0	0	0	0	0	2074	139.14	3.84	1.72	7.68	7.04	8.48	9.85	1.59	23.47	23.65
8/17/2020 9:15:55 AM	2.23	1.00	0.27	0.00	0.00	0.00	0.00	0.29	3.49	91.69	6.00	12.87	1180	998	121	0	0	0	0	0	2299	139.15	3.96	1.76	8.48	7.29	8.70	10.59	1.59	23.43	23.66
8/17/2020 9:15:58 AM	2.35	1.02	0.31	0.00	0.00	0.00	0.00	0.29	3.69	91.76	6.04	12.80	1248	1021	140	0	0	0	0	0	2409	139.25	4.14	1.84	8.63	7.55	9.06	11.19	1.59	23.40	23.62
8/17/2020 9:16:00 AM	2.40	1.19	0.38	0.00	0.00	0.00	0.00	0.29	3.97	91.59	6.07	12.64	1272	1189	172	0	0	0	0	0	2634	138.99	4.49	2.34	9.82	7.93	9.50	11.75	1.59	23.35	23.58
8/17/2020 9:16:03 AM	2.15	0.97	0.43	0.00	0.00	0.00	0.00	0.31	3.55	88.11	6.09	12.63	1141	966	194	0	0	0	0	0	2301	133.71	4.28	2.04	8.12	7.66	9.01	11.23	1.60	23.31	23.58
8/17/2020 9:16:05 AM	2.33	1.06	0.39	0.00	0.00	0.00	0.00	0.31	3.78	91.51	6.11	12.74	1236	1062	176	0	0	0	0	0	2474	138.88	4.40	1.94	8.83	7.90	9.37	11.64	1.60	23.28	23.55
8/17/2020 9:16:07 AM	2.51	1.12	0.37	0.00	0.00	0.00	0.00	0.29	4.00	91.68	6.15	12.83	1332	1119	166	0	0	0	0	0	2618	139.14	4.47	2.08	9.51	7.95	9.40	11.98	1.60	23.24	23.58
8/17/2020 9:16:10 AM	2.58	1.18	0.35	0.00	0.00	0.00	0.00	0.27	4.10	91.47	6.16	12.84	1367	1175	157	0	0	0	0	0	2698	138.81	4.46	2.14	9.87	7.87	9.56	11.97	1.60	23.20	23.60
8/17/2020 9:16:12 AM	2.65	1.16	0.20	0.00	0.00	0.00	0.00	0.28	4.02	91.41	6.19	12.83	1406	1159	92	0	0	0	0	0	2657	138.72	4.18	2.07	9.72	7.83	9.40	11.66	1.61	23.16	23.56
8/17/2020 9:16:15 AM	2.39	1.03	0.28	0.00	0.00	0.00	0.00	0.31	3.70	91.51	6.22	12.82	1266	1027	127	0	0	0	0	0	2420	138.87	4.12	1.97	8.54	7.71	9.20	11.30	1.61	23.12	23.53
8/17/2020 9:16:17 AM	2.26	1.05	0.26	0.00	0.00	0.00	0.00	0.33	3.57	91.53	6.24	12.80	1200	1045	116	0	0	0	0	0	2362	138.90	4.05	2.00	8.54	7.72	9.12	10.96	1.61	23.09	23.52
8/17/2020 9:16:19 AM	2.40	1.15	0.27	0.00	0.00	0.00	0.00	0.31	3.81	91.53	6.26	12.77	1270	1150	121	0	0	0	0	0	2541	138.91	4.23	2.00	9.50	7.80	9.29	11.30	1.61	23.05	23.43
8/17/2020 9:16:22 AM	2.62	1.15	0.23	0.00	0.00	0.00	0.00	0.28	4.00	91.43	6.28	12.77	1388	1147	105	0	0	0	0	0	2641	138.75	4.22	1.88	9.54	7.82	9.53	11.68	1.62	23.01	23.45
8/17/2020 9:16:24 AM	2.49	1.08	0.28	0.00	0.00	0.00	0.00	0.30	3.85	91.43	6.31	12.65	1322	1077	127	0	0	0	0	0	2526	138.75	4.23	1.75	8.96	7.82	9.43	11.58	1.62	22.98	23.47
8/17/2020 9:16:26 AM	2.29	1.05	0.28	0.00	0.00	0.00	0.00	0.31	3.62	91.51	6.34	12.44	1213	1046	126	0	0	0	0	0	2386	138.88	4.11	1.78	8.63	7.66	9.15	11.03	1.62	22.93	23.42
8/17/2020 9:16:29 AM	2.38	1.08	0.22	0.00	0.00	0.00	0.00	0.31	3.68	91.53	6.36	12.37	1262	1078	99	0	0	0	0	0	2439	138.91	4.05	1.88	9.04	7.65	9.01	11.02	1.62	22.89	23.41
8/17/2020 9:16:31 AM	2.27	1.07	0.17	0.00	0.00	0.00	0.00	0.32	3.51	91.60	6.38	12.43	1202	1068	76	0	0	0	0	0	2347	139.02	3.88	1.88	8.87	7.51	8.80	10.52	1.63	22.85	23.37
8/17/2020 9:16:34 AM	2.23	1.02	0.14	0.00	0.00	0.00	0.00	0.31	3.38	91.73	6.40	12.49	1180	1019	62	0	0	0	0	0	2262	139.21	3.72	1.80	8.44	7.32	8.67	10.20	1.63	22.81	23.39
8/17/2020 9:16:36 AM	2.20	1.03	0.20	0.00	0.00	0.00	0.00	0.33	3.43	91.68	6.44	12.52	1168	1030	88	0	0	0	0	0	2286	139.14	3.90	1.70	8.56	7.54	8.77	10.50	1.63	22.78	23.37
8/17/2020 9:16:38 AM	2.57	1.29	0.18	0.00	0.00	0.00	0.00	0.28	4.04	91.58	6.47	12.37	1363	1286	81	0	0	0	0	0	2729	138.98	4.19	2.11	10.38	7.76	9.66	11.32	1.63	22.76	23.32
8/17/2020 9:16:41 AM	2.46	1.15	0.31	0.00	0.00	0.00	0.00	0.30	3.92	91.60	6.50	12.22	1304	1150	140	0	0	0	0	0	2595	139.01	4.34	2.11	9.44	7.94	9.54	11.67	1.64	22.71	23.32
8/17/2020 9:16:43 AM	2.36	0.95	0.30	0.00	0.00	0.00	0.00	0.31	3.61	91.51	6.52	12.32	1250	955	135	0	0	0	0	0	2340	138.88	4.10	1.76	8.15	7.69	8.98	11.29	1.64	22.68	23.32
8/17/2020 9:16:45 AM	2.49	1.07	0.29	0.00	0.00	0.00	0.00	0.31	3.85	91.95	6.54	12.43	1319	1072	130	0	0	0	0	0	2520	139.55	4.26	1.94	8.90	7.97	9.44	11.71	1.64	22.65	23.31
8/17/2020 9:16:48 AM	2.63	1.09	0.30	0.00	0.00	0.00	0.00	0.30	4.01	91.42	6.56	12.49	1393	1088	134	0	0	0	0	0	2615	138.75	4.36	1.81	9.04	8.08	9.71	12.12	1.64	22.60	23.25
8/17/2020 9:16:50 AM	3.18	1.38	0.27	0.00	0.00	0.00	0.00	0.24	4.83	91.30	6.58	12.54	1683	1384	121	0	0	0	0	0	3188	138.55	4.75	2.31	11.67	8.39	10.37	13.32	1.64	22.57	23.24
8/17/2020 9:16:53 AM	2.66	1.04	0.33	0.00	0.00	0.00	0.00	0.31	4.03	91.66	6.61	12.45	1407	1044	150	0	0	0	0	0	2601	139.10	4.43	1.97	8.87	8.26	9.60	12.44	1.65	22.53	23.26
8/17/2020 9:16:55 AM	2.20	0.97	0.17	0.00	0.00	0.00	0.00	0.35	3.34	91.90	6.63	12.31	1166	968	78	0	0	0	0	0	2212	139.47	3.82	1.67	8.01	7.64	8.75	10.53	1.65	22.49	23.22
8/17/2020 9:16:57 AM	1.96	0.97	0.19	0.00	0.00	0.00	0.00	0.35	3.13	91.81	6.65	12.28	1041	974	85	0	0	0	0	0	2100	139.33	3.73	1.72	7.93	7.37	8.51	9.86	1.65	22.46	23.22
8/17/2020 9:17:00 AM	2.25	1.03	0.22	0.00	0.00	0.00	0.00	0.33	3.50	91.71	6.68	12.05	1193	1028	99	0	0	0	0	0	2319	139.18	3.98	1.79	8.48	7.70	8.96	10.80	1.65	22.43	23.16
8/17/2020 9:17:02 AM	2.33	1.03	0.23	0.00	0.00	0.00	0.00	0.32	3.59	91.70	6.70	11.92	1236	1026	103	0	0	0	0	0	2365	139.17	4.01	1.79	8.57	7.66	8.99	10.97	1.66	22.39	23.16
8/17/2020 9:17:05 AM	2.52	1.26	0.29	0.00	0.00	0.00	0.00	0.29	4.07	91.25	6.72	11.98	1334	1262	130	0	0	0	0	0	2727	138.48	4.43	2.13	10.34	7.96	9.64	11.70	1.66	22.36	23.15
8/17/2020 9:17:07 AM	2.49	1.07	0.27	0.00	0.00	0.00	0.00	0.32	3.84	91.84	6.74	12.02	1322	1071	122	0	0	0	0	0	2515	139.38	4.23	1.88	8.82	7.98	9.49	11.68	1.66	22.33	23.12
8/17/2020 9:17:09 AM	2.41	0.97	0.25	0.00	0.00	0.00	0.00	0.32	3.62	91.69	6.77	12.02	1275	965	111	0	0	0	0	0	2351	139.16	4.03	1.83	8.21	7.77	8.98	11.28	1.66	22.29	23.11
8/17/2020 9:17:12 AM	2.34	1.05	0.30	0.00	0.00	0.00	0.00	0.34	3.69	91.67	6.80	12.02	1240	1045	137	0	0	0	0	0	2422	139.12	4.27	1.82	8.62	8.10	9.32	11.56	1.67	22.26	23.06
8/17/2020 9:17:14 AM	1.97	0.95	0.31	0.00	0.00	0.00	0.00	0.34	3.23	91.58	6.83	12.03	1043	955	139	0	0	0	0	0	2137	138.98	3.97	1.74	7.76	7.49	8.77	10.34	1.67	22.22	23.10
8/17/2020 9:17:16 AM	1.96	1.00	0.24	0.00	0.00	0.00	0.00	0.37	3.20	91.73	6.84	12.08	1040	1003	107	0	0	0	0	0	2150	139.21	3.91	1.83	8.04	7.66	8.77	10.24	1.67	22.18	23.06
8/17/2020 9:17:19 AM	2.04	1.08	0.21	0.00	0.00	0.00	0.00	0.36	3.33	91.77	6.88	12.04	1081	1081	93	0	0	0	0	0	2255	139.27	3.94	1.86	8.73	7.68	8.80	10.28	1.67	22.15	23.06
8/17/2020 9:17:21 AM	2.52	1.16	0.29	0.00	0.00	0.00	0.00	0.31	3.97	91.57	6.91	12.08	1336	1159	130	0	0	0	0	0	2625	138.97	4.35	2.04	9.51	8.04	9.62	11.81	1.68	22.12	23.02
8/17/2020 9:17:24 AM	2.20	1.04	0.29	0.00	0.00	0.00	0.00	0.34	3.53	91.61	6.93	12.16	1163	1044	132	0	0	0	0	0	2339	139.03	4.13	1.89	8.40	7.81	9.24	11.00	1.68	22.09	23.02
8/17/2020 9:17:26 AM	2.15	1.07	0.23	0.00	0.00	0.00	0.00	0.36	3.45	91.91	6.96	12.17	1139	1069	102	0	0	0	0	0	2310	139.47	4.03	1.86	8.61	7.83	9.05	10.71	1.68	22.06	23.01
8/17/2020 9:17:28 AM	2.52	1.23	0.28	0.00	0.00	0.00	0.00	0.31	4.03	91.46	6.99	12.19	1338	1229	125	0	0	0	0	0	2692	138.80	4.42	2.03	9.92	8.14	9.81	11.84	1.68	22.02	23.01
8/17/2020 9:17:31 AM	2.02	1.04	0.32	0.00	0.00	0.00	0.00	0.34	3.39	91.49	7.00	12.19	1072	1041	146	0	0	0	0	0	2259	138.84	4.09	1.82	8.26	7.58	9.14	10.55	1.69	21.98	22.95
8/17/2020 9:17:33 AM	1.89	1.02	0.24	0.00	0.00	0.00	0.00	0.36	3.16	91.81	7.01	12.22	1001	1025	109	0	0	0	0	0	2135	139.33	3.88	1.82	8.23	7.50	8.63	9.96	1.69	21.96	22.95
8/17/2020 9:17:35 AM	2.35	1.13	0.25	0.00	0.00	0.00	0.00	0.34	3.72	91.69	7.05	12.14	1244	1126	112	0	0	0	0	0	2482	139.15	4.22	1.90	9.07	8.06	9.46	11.36	1.69	21.94	22.92
8/17/2020 9:17:38 AM	2.31	1.07	0.23	0.00	0.00	0.00	0.00	0.35	3.62	91.81	7.09	11.94	1227	1074	105	0	0	0	0	0	2406	139.33	4.14	1.95	8.80	8.06	9.18	11.25	1.69	21.90	22.92
8/17/2020 9:17:40 AM	2.28	1.02	0.22	0.00	0.00	0.00	0.00	0.34	3.51	91.75	7.13	11.81	1206	1015	99	0	0	0	0	0	2320	139.24	4.01	1.79	8.41	7.82	8.98	10.96	1.70	21.86	22.89
8/17/2020 9:17:43 AM	2.41	1.12	0.28	0.00	0.00	0.00	0.00	0.35	3.81	91.88	7.15	11.78	1276	1118	128	0	0	0	0	0	2522	139.44	4.35	1.98	9.15	8.28	9.48	11.76	1.70	21.83	22.89
8/17/2020 9:17:45 AM	2.46	1.14	0.28	0.00	0.00	0.00	0.00	0.35	3.87	91.67	7.17	11.78	1304	1136	125	0	0	0	0	0	2565	139.12	4.37	2.08	9.26	8.36	9.59	11.91	1.70	21.80	22.86
8/17/2020 9:17:47 AM	2.14	1.02	0.18	0.00	0.00	0.00	0.00	0.37	3.34	91.75	7.20	11.76	1134	1019	82	0	0	0	0	0	2235	139.25	3.90	1.79	8.36	7.81	8.76	10.54	1.71	21.77	22.84
8/17/2020 9:17:50 AM	2.20	1.09	0.24	0.00	0.00	0.00	0.00	0.35	3.54	92.03	7.22	11.74	1168	1087	110	0	0	0	0	0	2365	139.67	4.11	1.95	8.88	7.91	9.05	10.93	1.71	21.74	22.84
8/17/2020 9:17:52 AM	2.22	1.05	0.27	0.00	0.00	0.00	0.00	0.37	3.54	91.93	7.24	11.73	1175	1055	121	0	0	0	0	0	2351	139.51	4.17	1.95	8.62	8.09	9.12	11.18	1.71	21.71	22.81
8/17/2020 9:17:55 AM	2.00	0.96	0.19	0.00	0.00	0.00	0.00	0.39	3.15	91.93	7.26	11.71	1058	964	86	0	0	0	0	0	2108	139.51	3.84	1.69	7.83	7.80	8.64	10.28	1.71	21.68	22.82
8/17/2020 9:17:57 AM	2.11	1.11	0.23	0.00	0.00	0.00	0.00	0.39	3.45	91.65	7.27	11.77	1119	1107	103	0	0	0	0	0	2329	139.10	4.14	1.95	8.87	8.19	9.08	10.90	1.71	21.64	22.77
8/17/2020 9:17:59 AM	2.26	1.02	0.23	0.00	0.00	0.00	0.00	0.36	3.51	91.60	7.29	11.83	1200	1021	104	0	0	0	0	0	2324	139.01	4.09	1.77	8.44	8.05	9.02	11.14	1.71	21.61	22.74
8/17/2020 9:18:02 AM	2.28	1.02	0.31	0.00	0.00	0.00	0.00	0.37	3.61	91.94	7.32	11.90	1210	1020	138	0	0	0	0	0	2368	139.53	4.27	1.87	8.45	8.22	9.20	11.55	1.72	21.58	22.74
8/17/2020 9:18:04 AM	2.42	1.13	0.32	0.00	0.00	0.00	0.00	0.36	3.87	91.69	7.34	11.94	1282	1135	142	0	0	0	0	0	2559	139.15	4.46	2.06	9.09	8.50	9.78	12.05	1.72	21.55	22.72
8/17/2020 9:18:06 AM	2.32	1.18	0.23	0.00	0.00	0.00	0.00	0.34	3.72	91.24	7.37	11.97	1229	1176	102	0	0	0	0	0	2506	138.46	4.18	2.04	9.30	8.02	9.54	11.17	1.72	21.52	22.66
8/17/2020 9:18:09 AM	2.25	1.15	0.21	0.00	0.00	0.00	0.00	0.38	3.61	90.86	7.39	12.01	1194	1151	92	0	0	0	0	0	2438	137.89	4.18	2.02	9.16	8.27	9.35	11.18	1.72	21.50	22.66
8/17/2020 9:18:11 AM	2.58	1.12	0.31	0.00	0.00	0.00	0.00	0.34	4.01	91.68	7.42	12.03	1366	1115	141	0	0	0	0	0	2622	139.14	4.48	2.06	9.15	8.50	9.80	12.38	1.73	21.46	22.65
8/17/2020 9:18:14 AM	2.38	1.08	0.32	0.00	0.00	0.00	0.00	0.36	3.79	91.98	7.44	12.04	1263	1084	146	0	0	0	0	0	2493	139.58	4.41	1.87	8.82	8.34	9.59	11.89	1.73	21.43	22.65
8/17/2020 9:18:16 AM	2.36	1.10	0.24	0.00	0.00	0.00	0.00	0.37	3.70	92.08	7.45	12.05	1251	1100	107	0	0	0	0	0	2457	139.74	4.23	1.91	8.92	8.27	9.40	11.51	1.73	21.40	22.62
8/17/2020 9:18:18 AM	2.05	1.08	0.29	0.00	0.00	0.00	0.00	0.39	3.42	91.83	7.48	11.97	1086	1083	128	0	0	0	0	0	2298	139.37	4.20	1.84	8.52	8.13	9.27	10.91	1.73	21.37	22.61
8/17/2020 9:18:21 AM	2.27	1.13	0.23	0.00	0.00	0.00	0.00	0.37	3.62	91.69	7.51	11.93	1202	1125	102	0	0	0	0	0	2429	139.15	4.20	1.87	9.00	8.22	9.37	11.24	1.74	21.35	22.59
8/17/2020 9:18:23 AM	1.87	1.09	0.24	0.00	0.00	0.00	0.00	0.39	3.20	91.91	7.53	11.87	992	1090	108	0	0	0	0	0	2190	139.48	4.02	1.80	8.44	7.87	9.02	10.20	1.74	21.32	22.60
8/17/2020 9:18:25 AM	2.12	1.05	0.27	0.00	0.00	0.00	0.00	0.37	3.45	91.90	7.56	11.80	1125	1053	123	0	0	0	0	0	2301	139.46	4.16	1.80	8.42	8.05	9.19	10.98	1.74	21.31	22.57
8/17/2020 9:18:28 AM	2.22	1.13	0.20	0.00	0.00	0.00	0.00	0.36	3.55	91.98	7.59	11.77	1176	1133	90	0	0	0	0	0	2398	139.59	4.09	1.74	8.95	7.99	9.36	10.87	1.74	21.27	22.54
8/17/2020 9:18:30 AM	2.11	1.08	0.21	0.00	0.00	0.00	0.00	0.39	3.40	91.98	7.61	11.70	1117	1083	94	0	0	0	0	0	2293	139.59	4.05	1.86	8.61	8.08	9.10	10.75	1.75	21.24	22.52
8/17/2020 9:18:33 AM	2.23	1.10	0.23	0.00	0.00	0.00	0.00	0.37	3.57	91.92	7.63	11.69	1184	1097	106	0	0	0	0	0	2386	139.49	4.17	1.80	8.81	8.15	9.29	11.15	1.75	21.22	22.52
8/17/2020 9:18:35 AM	2.41	1.13	0.28	0.00	0.00	0.00	0.00	0.35	3.82	91.97	7.68	11.70	1278	1129	125	0	0	0	0	0	2532	139.58	4.36	1.91	9.22	8.32	9.51	11.78	1.75	21.19	22.49
8/17/2020 9:18:37 AM	2.61	1.17	0.15	0.00	0.00	0.00	0.00	0.36	3.93	92.03	7.71	11.69	1384	1171	66	0	0	0	0	0	2620	139.67	4.24	1.89	9.49	8.52	9.69	11.94	1.76	21.16	22.48
8/17/2020 9:18:40 AM	2.38	1.08	0.25	0.00	0.00	0.00	0.00	0.38	3.71	91.80	7.74	11.72	1261	1085	111	0	0	0	0	0	2456	139.31	4.30	1.83	8.85	8.48	9.42	11.75	1.76	21.14	22.40
8/17/2020 9:18:42 AM	2.44	1.14	0.21	0.00	0.00	0.00	0.00	0.37	3.79	91.95	7.77	11.76	1292	1138	95	0	0	0	0	0	2524	139.55	4.27	1.96	9.25	8.45	9.48	11.72	1.76	21.12	22.43
8/17/2020 9:18:45 AM	2.50	1.10	0.23	0.00	0.00	0.00	0.00	0.36	3.83	91.98	7.80	11.73	1325	1100	103	0	0	0	0	0	2529	139.59	4.29	1.87	9.09	8.39	9.45	11.88	1.76	21.08	22.41
8/17/2020 9:18:47 AM	2.33	1.09	0.23	0.00	0.00	0.00	0.00	0.38	3.65	92.02	7.83	11.69	1236	1088	102	0	0	0	0	0	2426	139.65	4.22	1.89	8.82	8.37	9.35	11.50	1.77	21.06	22.40
8/17/2020 9:18:49 AM	2.58	1.17	0.23	0.00	0.00	0.00	0.00	0.36	3.98	91.88	7.88	11.67	1368	1171	104	0	0	0	0	0	2643	139.44	4.41	1.95	9.46	8.61	9.85	12.21	1.77	21.03	22.36
8/17/2020 9:18:52 AM	2.23	1.06	0.18	0.00	0.00	0.00	0.00	0.38	3.47	91.92	7.91	11.64	1180	1065	79	0	0	0	0	0	2325	139.49	4.02	1.79	8.50	8.14	9.20	10.96	1.77	21.01	22.36
8/17/2020 9:18:54 AM	2.33	1.14	0.16	0.00	0.00	0.00	0.00	0.37	3.63	92.04	7.95	11.61	1234	1145	70	0	0	0	0	0	2449	139.69	4.08	1.87	9.18	8.19	9.31	11.12	1.78	20.99	22.34
8/17/2020 9:18:56 AM	2.35	1.12	0.18	0.00	0.00	0.00	0.00	0.38	3.65	91.95	7.98	11.61	1248	1120	80	0	0	0	0	0	2447	139.55	4.16	1.83	9.06	8.36	9.32	11.38	1.78	20.97	22.36
8/17/2020 9:18:59 AM	2.31	1.15	0.23	0.00	0.00	0.00	0.00	0.37	3.68	92.15	8.01	11.62	1222	1148	102	0	0	0	0	0	2471	139.85	4.25	1.87	9.24	8.29	9.39	11.36	1.78	20.92	22.31
8/17/2020 9:19:01 AM	2.44	1.10	0.18	0.00	0.00	0.00	0.00	0.39	3.71	92.10	8.03	11.66	1292	1098	81	0	0	0	0	0	2471	139.77	4.20	1.85	8.84	8.53	9.51	11.71	1.79	20.90	22.31
8/17/2020 9:19:04 AM	2.33	1.10	0.24	0.00	0.00	0.00	0.00	0.39	3.67	92.15	8.06	11.70	1236	1101	108	0	0	0	0	0	2444	139.85	4.29	1.82	8.95	8.48	9.38	11.63	1.79	20.88	22.28
8/17/2020 9:19:06 AM	2.28	1.09	0.34	0.00	0.00	0.00	0.00	0.36	3.71	92.17	8.09	11.67	1207	1091	154	0	0	0	0	0	2452	139.88	4.41	1.87	8.80	8.28	9.53	11.68	1.79	20.85	22.29
8/17/2020 9:19:08 AM	2.04	1.00	0.14	0.00	0.00	0.00	0.00	0.40	3.19	92.24	8.11	11.66	1083	1003	64	0	0	0	0	0	2151	139.98	3.82	1.66	8.09	7.90	8.71	10.30	1.79	20.83	22.26
8/17/2020 9:19:11 AM	2.16	1.07	0.11	0.00	0.00	0.00	0.00	0.40	3.34	92.33	8.15	11.62	1145	1065	51	0	0	0	0	0	2262	140.11	3.88	1.67	8.50	8.08	8.98	10.57	1.80	20.81	22.29
8/17/2020 9:19:13 AM	2.50	1.18	0.18	0.00	0.00	0.00	0.00	0.37	3.86	92.20	8.18	11.55	1326	1181	79	0	0	0	0	0	2585	139.92	4.26	1.87	9.49	8.46	9.65	11.75	1.80	20.78	22.21
8/17/2020 9:19:15 AM	2.15	1.09	0.19	0.00	0.00	0.00	0.00	0.38	3.43	92.25	8.21	11.53	1140	1091	85	0	0	0	0	0	2315	139.99	4.05	1.74	8.76	8.07	9.06	10.77	1.80	20.77	22.19
8/17/2020 9:19:18 AM	2.47	1.22	0.16	0.00	0.00	0.00	0.00	0.37	3.85	92.21	8.24	11.57	1311	1220	70	0	0	0	0	0	2600	139.94	4.25	1.92	9.78	8.46	9.60	11.61	1.81	20.73	22.20
8/17/2020 9:19:20 AM	2.58	1.16	0.33	0.00	0.00	0.00	0.00	0.35	4.07	92.41	8.28	11.61	1368	1163	147	0	0	0	0	0	2678	140.24	4.57	2.03	9.38	8.59	10.04	12.49	1.81	20.72	22.16
8/17/2020 9:19:23 AM	2.42	1.12	0.19	0.00	0.00	0.00	0.00	0.38	3.73	92.32	8.31	11.60	1285	1122	84	0	0	0	0	0	2491	140.10	4.22	1.76	9.03	8.45	9.53	11.63	1.81	20.68	22.15
8/17/2020 9:19:25 AM	2.33	1.07	0.21	0.00	0.00	0.00	0.00	0.37	3.62	92.52	8.33	11.61	1237	1071	96	0	0	0	0	0	2404	140.41	4.14	1.69	8.64	8.17	9.37	11.31	1.82	20.67	22.16
8/17/2020 9:19:27 AM	2.29	1.13	0.22	0.00	0.00	0.00	0.00	0.37	3.64	92.35	8.36	11.63	1214	1126	100	0	0	0	0	0	2440	140.16	4.22	1.81	9.07	8.26	9.35	11.31	1.82	20.65	22.09
8/17/2020 9:19:30 AM	2.35	1.11	0.28	0.00	0.00	0.00	0.00	0.37	3.73	92.31	8.37	11.64	1245	1111	124	0	0	0	0	0	2480	140.09	4.36	1.82	9.04	8.43	9.47	11.73	1.82	20.60	22.09
8/17/2020 9:19:32 AM	2.33	1.10	0.30	0.00	0.00	0.00	0.00	0.39	3.73	92.46	8.50	11.61	1237	1103	133	0	0	0	0	0	2473	140.31	4.42	1.95	9.01	8.59	9.45	11.89	1.83	20.60	22.09
8/17/2020 9:19:35 AM	2.85	1.33	0.27	0.00	0.00	0.00	0.00	0.33	4.45	92.28	8.60	11.58	1511	1330	119	0	0	0	0	0	2961	140.04	4.73	2.02	10.82	8.80	10.35	12.98	1.84	20.57	22.06
8/17/2020 9:19:37 AM	2.70	1.15	0.27	0.00	0.00	0.00	0.00	0.36	4.12	92.70	8.65	11.54	1430	1148	122	0	0	0	0	0	2700	140.69	4.55	1.91	9.41	8.80	9.98	12.73	1.85	20.55	22.06
8/17/2020 9:19:39 AM	2.60	1.07	0.17	0.00	0.00	0.00	0.00	0.36	3.84	92.84	8.71	11.55	1376	1073	76	0	0	0	0	0	2525	140.89	4.19	1.75	8.89	8.45	9.48	11.95	1.85	20.53	22.04
8/17/2020 9:19:42 AM	2.62	1.15	0.18	0.00	0.00	0.00	0.00	0.37	3.95	92.61	8.77	11.60	1388	1150	83	0	0	0	0	0	2621	140.54	4.35	1.82	9.47	8.68	9.64	12.20	1.86	20.50	22.03
8/17/2020 9:19:44 AM	2.49	1.14	0.17	0.00	0.00	0.00	0.00	0.36	3.80	92.72	8.82	11.58	1320	1143	77	0	0	0	0	0	2540	140.72	4.19	1.85	9.30	8.34	9.47	11.62	1.86	20.48	21.98
8/17/2020 9:19:46 AM	2.73	1.15	0.31	0.00	0.00	0.00	0.00	0.33	4.18	92.81	8.87	11.54	1444	1148	137	0	0	0	0	0	2730	140.85	4.57	1.82	9.52	8.56	9.98	12.71	1.87	20.46	21.96
8/17/2020 9:19:49 AM	3.09	1.33	0.15	0.00	0.00	0.00	0.00	0.34	4.57	92.43	8.92	11.54	1640	1327	67	0	0	0	0	0	3034	140.27	4.61	2.10	10.90	9.04	10.41	13.32	1.87	20.44	21.95
8/17/2020 9:19:51 AM	3.25	1.18	0.26	0.00	0.00	0.00	0.00	0.31	4.69	92.97	8.97	11.57	1724	1179	116	0	0	0	0	0	3019	141.09	4.74	2.07	10.01	9.10	10.49	14.08	1.88	20.42	21.93
8/17/2020 9:19:54 AM	2.77	1.12	0.29	0.00	0.00	0.00	0.00	0.36	4.18	92.81	9.01	11.60	1470	1116	129	0	0	0	0	0	2715	140.85	4.58	1.90	9.12	8.90	10.17	13.03	1.88	20.39	21.93
8/17/2020 9:19:56 AM	2.62	1.18	0.17	0.00	0.00	0.00	0.00	0.38	3.97	92.66	9.06	11.63	1387	1178	78	0	0	0	0	0	2644	140.63	4.36	1.82	9.63	8.73	9.71	12.19	1.89	20.37	21.91
8/17/2020 9:19:58 AM	2.53	1.07	0.27	0.00	0.00	0.00	0.00	0.37	3.88	93.07	9.10	11.64	1343	1075	120	0	0	0	0	0	2538	141.25	4.40	1.82	8.84	8.63	9.66	12.26	1.89	20.35	21.84
8/17/2020 9:20:01 AM	2.47	1.14	0.19	0.00	0.00	0.00	0.00	0.38	3.80	93.17	9.12	11.60	1310	1136	85	0	0	0	0	0	2530	141.40	4.26	1.79	9.20	8.48	9.56	11.75	1.89	20.34	21.88
8/17/2020 9:20:03 AM	2.41	1.11	0.21	0.00	0.00	0.00	0.00	0.38	3.74	93.14	9.14	11.56	1280	1113	96	0	0	0	0	0	2489	141.35	4.25	1.83	8.84	8.48	9.68	11.73	1.90	20.31	21.84
8/17/2020 9:20:05 AM	2.50	1.15	0.16	0.00	0.00	0.00	0.00	0.38	3.82	93.25	9.16	11.55	1327	1152	74	0	0	0	0	0	2553	141.52	4.24	1.82	9.29	8.55	9.61	11.80	1.90	20.29	21.81
8/17/2020 9:20:08 AM	2.54	1.19	0.22	0.00	0.00	0.00	0.00	0.39	3.95	93.37	9.18	11.58	1345	1188	100	0	0	0	0	0	2633	141.69	4.45	1.90	9.54	8.79	9.86	12.22	1.90	20.26	21.85
8/17/2020 9:20:10 AM	2.53	1.13	0.14	0.00	0.00	0.00	0.00	0.40	3.81	93.55	9.21	11.62	1344	1131	65	0	0	0	0	0	2540	141.98	4.23	1.74	9.04	8.70	9.72	11.93	1.90	20.26	21.84
8/17/2020 9:20:13 AM	2.87	1.47	0.24	0.00	0.00	0.00	0.00	0.35	4.58	93.37	9.24	11.63	1519	1472	109	0	0	0	0	0	3099	141.70	4.83	2.28	11.37	9.08	11.02	13.12	1.91	20.22	21.81
8/17/2020 9:20:15 AM	2.85	1.19	0.31	0.00	0.00	0.00	0.00	0.36	4.35	93.47	9.27	11.62	1511	1194	139	0	0	0	0	0	2844	141.84	4.73	1.99	9.62	9.06	10.52	13.36	1.91	20.21	21.75
8/17/2020 9:20:17 AM	2.57	1.23	0.21	0.00	0.00	0.00	0.00	0.38	4.01	93.65	9.29	11.61	1364	1226	94	0	0	0	0	0	2684	142.12	4.45	1.91	9.67	8.79	10.09	12.25	1.91	20.19	21.80
8/17/2020 9:20:20 AM	2.29	1.14	0.11	0.00	0.00	0.00	0.00	0.41	3.54	93.75	9.31	11.61	1215	1138	51	0	0	0	0	0	2404	142.27	4.06	1.78	9.01	8.48	9.34	11.14	1.91	20.16	21.71
8/17/2020 9:20:22 AM	2.57	1.25	0.18	0.00	0.00	0.00	0.00	0.39	3.99	93.79	9.34	11.63	1359	1253	79	0	0	0	0	0	2692	142.33	4.44	1.94	10.05	8.84	9.85	12.15	1.92	20.15	21.71
8/17/2020 9:20:25 AM	2.80	1.43	0.23	0.00	0.00	0.00	0.00	0.39	4.46	93.96	9.37	11.64	1483	1433	105	0	0	0	0	0	3020	142.59	4.87	2.38	11.38	9.43	10.55	13.23	1.92	20.13	21.70
8/17/2020 9:20:27 AM	3.00	1.35	0.26	0.00	0.00	0.00	0.00	0.38	4.61	94.02	9.39	11.64	1591	1351	118	0	0	0	0	0	3060	142.68	4.95	2.16	10.81	9.61	10.86	13.92	1.92	20.11	21.73
8/17/2020 9:20:29 AM	3.19	1.36	0.21	0.00	0.00	0.00	0.00	0.37	4.76	94.03	9.42	11.68	1693	1358	93	0	0	0	0	0	3144	142.70	4.91	2.08	10.96	9.64	10.98	14.17	1.92	20.09	21.66
8/17/2020 9:20:32 AM	2.84	1.25	0.15	0.00	0.00	0.00	0.00	0.40	4.25	94.06	9.51	11.66	1505	1254	69	0	0	0	0	0	2828	142.75	4.56	2.02	10.17	9.30	10.17	13.02	1.93	20.06	21.66
8/17/2020 9:20:34 AM	2.56	1.15	0.32	0.00	0.00	0.00	0.00	0.38	4.04	94.18	9.62	11.59	1357	1152	146	0	0	0	0	0	2655	142.93	4.62	1.98	9.27	8.87	10.05	12.67	1.94	20.05	21.64
8/17/2020 9:20:36 AM	3.06	1.24	0.38	0.00	0.00	0.00	0.00	0.34	4.68	94.00	9.71	11.54	1623	1240	171	0	0	0	0	0	3034	142.65	5.03	1.99	10.09	9.33	10.95	14.23	1.95	20.04	21.61
8/17/2020 9:20:39 AM	3.02	1.27	0.34	0.00	0.00	0.00	0.00	0.37	4.62	94.14	9.76	11.56	1599	1266	152	0	0	0	0	0	3017	142.86	5.04	2.02	10.35	9.59	10.78	14.19	1.96	20.01	21.60
8/17/2020 9:20:41 AM	3.00	1.23	0.32	0.00	0.00	0.00	0.00	0.35	4.55	94.26	9.81	11.55	1588	1226	146	0	0	0	0	0	2960	143.05	4.89	1.93	10.13	9.21	10.56	13.82	1.96	19.98	21.60
8/17/2020 9:20:44 AM	3.02	1.19	0.28	0.00	0.00	0.00	0.00	0.35	4.50	94.13	9.86	11.53	1600	1194	128	0	0	0	0	0	2922	142.85	4.78	2.02	9.94	9.19	10.41	13.74	1.97	19.98	21.60
8/17/2020 9:20:46 AM	3.54	1.34	0.33	0.00	0.00	0.00	0.00	0.31	5.20	94.40	9.92	11.56	1874	1339	148	0	0	0	0	0	3361	143.26	5.23	2.11	11.15	9.73	11.39	15.34	1.97	19.95	21.57
8/17/2020 9:20:48 AM	3.43	1.28	0.47	0.00	0.00	0.00	0.00	0.30	5.18	94.32	9.96	11.61	1817	1284	211	0	0	0	0	0	3311	143.14	5.40	2.17	10.65	9.68	11.53	15.53	1.98	19.93	21.54
8/17/2020 9:20:51 AM	3.02	1.22	0.31	0.00	0.00	0.00	0.00	0.37	4.55	94.57	10.01	11.57	1603	1217	139	0	0	0	0	0	2959	143.51	4.93	1.88	10.09	9.49	10.57	14.05	1.98	19.91	21.52
8/17/2020 9:20:53 AM	4.32	2.64	2.06	0.00	0.00	0.00	0.00	0.00	9.02	94.61	10.07	11.57	2291	2635	928	0	0	0	0	0	5854	143.57	10.04	3.68	19.13	11.07	19.47	23.65	1.99	19.91	21.50
8/17/2020 9:20:55 AM	18.10	27.06	9.25	0.00	0.00	0.00	0.00	0.00	54.41	66.03	10.11	11.61	9591	27064	4164	0	0	0	0	0	40820	100.19	52.73	28.07	169.39	27.42	125.34	122.15	1.99	19.88	21.48
8/17/2020 9:20:58 AM	9.46	15.03	6.32	0.00	0.00	0.00	0.00	0.00	30.81	39.17	10.13	11.64	5016	15027	2844	0	0	0	0	0	22887	59.42	32.00	14.12	93.97	16.28	73.32	71.00	1.99	19.86	21.50
