Date/Time	Green Algae	Bluegreen	Diatoms	Cryptophyta	#5	#6	#7	Yellow substances	Total conc.	Transmission	Depth	Temp. Sample	Green Algae	Bluegreen	Diatoms	Cryptophyta	#5	#6	#7	Yellow substances	Total cell count	Trans. 700 nm	LED 3 [525 nm]	LED 4 [570 nm]	LED 5 [610 nm]	LED 6 [370 nm]	LED 7 [590 nm]	LED 8 [470 nm]	Pressure	Temp. LEDs	Temp. Sensor
date	µg/l	µg/l	µg/l	µg/l	µg/l	µg/l	µg/l	r.u.	µg/l	%	m	°C	cells/ml	cells/ml	cells/ml	cells/ml	cells/ml	cells/ml	cells/ml	r.u.	cells/ml	digits	digits	digits	digits	digits	digits	digits	bar	°C	°C
7/1/2019 8:45:49 AM	0.00	1.18	0.00	0.00	0.00	0.00	0.00	0.00	1.18	77.44	0.02	21.48	0	1185	0	0	0	0	0	0	1185	135.00	-0.29	-0.30	7.47	-1.26	7.64	0.51	1.00	37.56	11.85
7/1/2019 8:45:51 AM	2.45	2.08	0.10	0.04	0.00	0.00	0.00	0.04	4.67	80.11	0.13	22.71	1299	2076	44	1	0	0	0	0	3420	139.64	3.87	4.66	13.57	5.63	12.67	9.07	1.01	37.63	11.87
7/1/2019 8:45:54 AM	6.23	4.40	1.27	0.00	0.00	0.00	0.00	0.32	11.90	95.82	0.25	24.73	3300	4401	572	0	0	0	0	0	8273	167.00	11.66	4.78	27.53	17.60	28.39	29.27	1.02	37.68	11.87
7/1/2019 8:45:56 AM	6.99	3.98	0.03	0.45	0.00	0.00	0.00	0.40	11.44	95.57	0.33	25.37	3703	3979	11	13	0	0	0	0	7706	166.58	10.32	5.38	26.03	17.83	27.66	28.68	1.03	37.74	11.90
7/1/2019 8:45:59 AM	6.76	4.25	1.38	0.00	0.00	0.00	0.00	0.39	12.39	95.17	0.39	25.42	3580	4252	623	0	0	0	0	0	8455	165.89	12.15	6.77	28.05	19.11	27.40	31.92	1.04	37.81	11.88
7/1/2019 8:46:01 AM	6.81	3.59	0.76	0.90	0.00	0.00	0.00	0.37	12.07	95.30	0.40	25.43	3610	3590	343	27	0	0	0	0	7570	166.10	13.04	5.24	25.65	18.96	28.86	32.94	1.04	37.86	11.90
7/1/2019 8:46:03 AM	7.53	4.50	1.42	0.00	0.00	0.00	0.00	0.19	13.46	96.40	0.41	25.16	3993	4500	641	0	0	0	0	0	9134	168.02	12.76	3.35	29.79	18.38	29.62	33.05	1.04	37.93	11.89
7/1/2019 8:46:06 AM	6.69	4.68	1.95	0.00	0.00	0.00	0.00	0.25	13.32	95.32	0.41	24.75	3544	4678	878	0	0	0	0	0	9101	166.13	13.70	5.07	30.47	18.90	30.00	33.25	1.04	37.99	11.91
7/1/2019 8:46:08 AM	9.56	3.45	0.00	0.84	0.00	0.00	0.00	0.08	13.86	95.35	0.40	24.45	5069	3448	0	25	0	0	0	0	8542	166.19	11.72	4.94	26.15	18.43	29.52	35.82	1.04	38.05	11.92
7/1/2019 8:46:11 AM	6.28	4.54	1.54	0.00	0.00	0.00	0.00	0.46	12.36	97.51	0.45	24.16	3326	4542	693	0	0	0	0	0	8561	169.95	12.81	5.71	29.08	19.70	28.74	31.78	1.04	38.11	11.93
7/1/2019 8:46:13 AM	8.14	4.30	1.37	0.00	0.00	0.00	0.00	0.09	13.82	95.61	0.49	24.12	4317	4299	618	0	0	0	0	0	9234	166.65	12.47	4.37	29.33	18.05	28.95	33.97	1.05	38.19	11.93
7/1/2019 8:46:15 AM	7.17	4.36	2.23	0.00	0.00	0.00	0.00	0.17	13.76	95.95	0.52	24.72	3802	4360	1004	0	0	0	0	0	9165	167.24	14.16	5.90	30.49	19.04	28.32	35.29	1.05	38.24	11.94
7/1/2019 8:46:18 AM	7.53	4.68	1.71	0.00	0.00	0.00	0.00	0.16	13.92	95.75	0.57	25.11	3992	4680	770	0	0	0	0	0	9442	166.88	13.35	4.18	29.42	18.76	32.14	34.22	1.06	38.30	11.95
7/1/2019 8:46:20 AM	7.42	4.05	2.05	0.19	0.00	0.00	0.00	0.00	13.71	96.45	0.62	25.15	3935	4047	921	6	0	0	0	0	8909	168.11	13.58	5.86	28.00	17.13	29.25	34.75	1.06	38.36	11.95
7/1/2019 8:46:22 AM	7.39	4.22	1.38	0.15	0.00	0.00	0.00	0.27	13.15	95.72	0.65	25.28	3918	4221	622	5	0	0	0	0	8766	166.84	12.72	5.99	28.16	19.04	29.14	33.68	1.06	38.43	11.99
7/1/2019 8:46:25 AM	6.29	4.64	1.80	0.00	0.00	0.00	0.00	0.52	12.73	95.92	0.72	25.31	3332	4644	812	0	0	0	0	0	8788	167.19	13.79	5.15	30.32	20.77	29.11	33.42	1.07	38.49	11.97
7/1/2019 8:46:27 AM	9.16	4.58	0.43	0.08	0.00	0.00	0.00	0.36	14.25	96.68	0.78	25.36	4856	4584	192	2	0	0	0	0	9635	168.50	11.82	5.47	29.94	20.93	31.27	35.65	1.08	38.57	11.97
7/1/2019 8:46:30 AM	6.37	4.53	1.96	0.00	0.00	0.00	0.00	0.40	12.85	96.21	0.81	25.30	3375	4529	881	0	0	0	0	0	8785	167.69	13.75	4.62	28.70	19.90	30.22	33.44	1.08	38.61	11.99
7/1/2019 8:46:32 AM	6.96	4.53	2.00	0.00	0.00	0.00	0.00	0.25	13.50	95.25	0.85	25.24	3688	4532	902	0	0	0	0	0	9122	166.03	13.84	5.73	30.59	19.28	29.03	34.30	1.08	38.67	11.99
7/1/2019 8:46:34 AM	7.30	4.63	1.66	0.00	0.00	0.00	0.00	0.31	13.58	95.53	0.86	25.08	3868	4627	745	0	0	0	0	0	9240	166.51	13.52	4.28	30.48	19.79	30.14	34.33	1.08	38.73	11.99
7/1/2019 8:46:37 AM	7.59	4.52	1.24	0.00	0.00	0.00	0.00	0.38	13.35	94.01	0.93	24.91	4025	4520	556	0	0	0	0	0	9101	163.85	12.60	5.56	29.34	20.14	29.83	33.98	1.09	38.77	12.02
7/1/2019 8:46:39 AM	8.15	4.88	1.08	0.00	0.00	0.00	0.00	0.19	14.11	95.87	0.97	24.88	4321	4880	485	0	0	0	0	0	9685	167.11	12.35	5.49	30.86	18.95	31.91	33.65	1.10	38.86	12.01
7/1/2019 8:46:42 AM	6.67	4.68	1.96	0.04	0.00	0.00	0.00	0.27	13.35	95.39	1.02	24.77	3536	4684	882	1	0	0	0	0	9102	166.26	13.72	6.20	29.87	19.19	30.77	33.60	1.10	38.91	12.03
7/1/2019 8:46:44 AM	7.82	4.46	1.81	0.00	0.00	0.00	0.00	0.07	14.09	96.37	1.08	24.91	4143	4461	817	0	0	0	0	0	9421	167.98	13.28	5.65	29.74	18.28	30.17	34.78	1.11	38.97	12.03
7/1/2019 8:46:46 AM	7.03	4.68	1.61	0.18	0.00	0.00	0.00	0.23	13.50	96.03	1.12	25.20	3726	4677	723	5	0	0	0	0	9132	167.38	13.44	5.85	29.93	18.88	31.46	33.47	1.11	39.03	12.04
7/1/2019 8:46:49 AM	6.60	4.66	2.57	0.00	0.00	0.00	0.00	0.10	13.83	95.69	1.17	25.09	3497	4664	1157	0	0	0	0	0	9318	166.78	14.64	5.69	30.48	18.27	30.80	34.48	1.11	39.11	12.04
7/1/2019 8:46:51 AM	7.13	4.49	1.89	0.00	0.00	0.00	0.00	0.34	13.51	95.57	1.24	24.94	3777	4492	852	0	0	0	0	0	9121	166.58	13.75	5.98	29.45	20.19	29.98	35.06	1.12	39.16	12.07
7/1/2019 8:46:53 AM	7.87	4.78	1.29	0.00	0.00	0.00	0.00	0.28	13.94	95.84	1.30	25.11	4170	4782	581	0	0	0	0	0	9534	167.04	12.80	7.14	31.58	19.83	30.07	34.39	1.13	39.22	12.08
7/1/2019 8:46:56 AM	7.66	4.72	1.49	0.00	0.00	0.00	0.00	0.42	13.86	95.30	1.34	25.27	4058	4722	669	0	0	0	0	0	9449	166.10	13.67	4.32	30.77	21.20	31.08	35.66	1.13	39.29	12.06
7/1/2019 8:46:58 AM	8.26	4.45	1.18	0.00	0.00	0.00	0.00	0.31	13.89	96.42	1.38	25.10	4378	4452	530	0	0	0	0	0	9360	168.06	12.66	5.33	29.67	20.24	29.86	35.29	1.14	39.33	12.08
7/1/2019 8:47:01 AM	7.44	4.53	1.72	0.00	0.00	0.00	0.00	0.35	13.70	95.24	1.41	25.02	3945	4531	774	0	0	0	0	0	9250	166.00	13.58	6.41	30.17	20.50	29.69	35.41	1.14	39.40	12.08
7/1/2019 8:47:03 AM	4.85	4.58	3.79	0.00	0.00	0.00	0.00	0.30	13.22	95.28	1.48	25.10	2568	4582	1705	0	0	0	0	0	8855	166.07	17.01	5.63	30.09	19.82	30.34	35.77	1.15	39.47	12.09
7/1/2019 8:47:05 AM	7.58	4.61	1.91	0.00	0.00	0.00	0.00	0.25	14.10	95.07	1.56	25.15	4017	4610	859	0	0	0	0	0	9486	165.71	14.05	4.68	30.19	20.01	31.22	35.90	1.15	39.52	12.11
7/1/2019 8:47:08 AM	7.67	4.52	2.31	0.00	0.00	0.00	0.00	0.23	14.50	96.44	1.63	25.23	4067	4523	1038	0	0	0	0	0	9628	168.09	14.90	5.38	30.73	20.52	30.75	37.72	1.16	39.60	12.12
7/1/2019 8:47:10 AM	7.57	4.57	1.72	0.00	0.00	0.00	0.00	0.33	13.86	95.62	1.69	25.28	4012	4570	775	0	0	0	0	0	9357	166.67	13.68	5.75	30.21	20.46	30.31	35.65	1.17	39.66	12.14
7/1/2019 8:47:12 AM	6.97	4.63	2.29	0.00	0.00	0.00	0.00	0.23	13.89	95.23	1.75	25.28	3694	4627	1030	0	0	0	0	0	9351	165.99	14.47	6.21	30.68	19.66	30.35	35.48	1.17	39.72	12.14
7/1/2019 8:47:15 AM	7.62	4.50	1.84	0.00	0.00	0.00	0.00	0.32	13.96	95.18	1.82	25.21	4039	4495	828	0	0	0	0	0	9363	165.89	13.86	6.38	30.05	20.66	30.05	36.29	1.18	39.80	12.16
7/1/2019 8:47:17 AM	6.13	4.64	2.77	0.00	0.00	0.00	0.00	0.34	13.54	95.82	1.88	25.11	3248	4639	1248	0	0	0	0	0	9134	167.01	15.38	5.90	29.79	20.34	31.16	35.75	1.18	39.84	12.16
7/1/2019 8:47:20 AM	9.24	5.45	1.26	0.00	0.00	0.00	0.00	0.22	15.95	94.66	1.96	25.09	4898	5448	568	0	0	0	0	0	10914	165.00	14.10	6.10	35.51	21.63	34.45	38.43	1.19	39.90	12.20
7/1/2019 8:47:22 AM	7.64	5.84	2.06	0.00	0.00	0.00	0.00	0.33	15.55	94.73	2.02	25.06	4051	5845	927	0	0	0	0	0	10824	165.11	15.70	6.38	36.89	22.11	35.65	37.80	1.20	39.96	12.18
7/1/2019 8:47:24 AM	8.28	8.90	2.37	0.00	0.00	0.00	0.00	0.51	19.55	94.03	2.14	24.76	4388	8899	1066	0	0	0	0	0	14353	163.89	19.82	8.86	51.32	27.68	49.84	43.66	1.21	40.03	12.16
7/1/2019 8:47:27 AM	10.05	11.36	0.95	0.00	0.00	0.00	0.00	0.48	22.37	92.65	2.22	24.19	5327	11362	430	0	0	0	0	0	17119	161.49	19.43	10.86	62.62	29.34	59.95	43.71	1.22	40.10	12.20
7/1/2019 8:47:29 AM	9.11	11.61	1.73	0.00	0.00	0.00	0.00	0.51	22.45	92.68	2.29	23.74	4830	11612	777	0	0	0	0	0	17219	161.55	21.09	10.83	64.12	29.87	60.76	44.44	1.22	40.14	12.18
7/1/2019 8:47:32 AM	8.92	12.57	2.42	0.00	0.00	0.00	0.00	0.45	23.91	92.02	2.32	23.52	4729	12572	1090	0	0	0	0	0	18390	160.39	23.13	12.99	68.48	30.92	65.67	46.76	1.23	40.19	12.23
7/1/2019 8:47:34 AM	8.90	12.76	3.25	0.00	0.00	0.00	0.00	0.49	24.91	91.27	2.37	23.43	4717	12764	1462	0	0	0	0	0	18942	159.08	25.38	13.24	70.29	32.79	67.31	50.66	1.23	40.26	12.22
7/1/2019 8:47:36 AM	8.43	12.30	2.46	0.00	0.00	0.00	0.00	0.60	23.19	92.81	2.48	23.35	4470	12296	1107	0	0	0	0	0	17872	161.77	23.17	12.11	66.95	31.64	64.33	46.49	1.24	40.30	12.23
7/1/2019 8:47:39 AM	8.91	12.65	2.37	0.00	0.00	0.00	0.00	0.51	23.93	92.23	2.57	23.25	4720	12653	1068	0	0	0	0	0	18441	160.75	23.18	12.90	68.22	31.42	66.63	46.97	1.25	40.38	12.25
7/1/2019 8:47:41 AM	8.11	12.44	2.56	0.00	0.00	0.00	0.00	0.64	23.10	93.46	2.63	22.95	4296	12436	1153	0	0	0	0	0	17885	162.91	23.44	11.95	67.16	31.85	65.11	46.25	1.26	40.45	12.23
7/1/2019 8:47:43 AM	7.50	12.90	2.62	0.00	0.00	0.00	0.00	0.72	23.01	93.21	2.68	22.65	3973	12898	1178	0	0	0	0	0	18049	162.46	23.79	12.43	69.06	32.18	66.38	45.28	1.26	40.47	12.29
7/1/2019 8:47:46 AM	8.41	13.01	2.59	0.00	0.00	0.00	0.00	0.66	24.01	92.70	2.73	22.77	4455	13008	1167	0	0	0	0	0	18630	161.58	24.07	13.82	69.81	32.98	67.82	47.72	1.27	40.54	12.27
7/1/2019 8:47:48 AM	8.08	12.74	2.52	0.00	0.00	0.00	0.00	0.76	23.33	92.69	2.81	22.74	4281	12736	1134	0	0	0	0	0	18151	161.56	23.80	12.55	68.02	33.13	66.83	47.00	1.28	40.58	12.31
7/1/2019 8:47:51 AM	8.30	12.89	2.58	0.00	0.00	0.00	0.00	0.64	23.78	93.43	2.91	22.15	4401	12894	1162	0	0	0	0	0	18457	162.84	24.03	12.01	69.57	32.51	67.13	47.12	1.28	40.63	12.29
7/1/2019 8:47:53 AM	8.18	13.62	2.55	0.00	0.00	0.00	0.00	0.70	24.35	93.26	2.96	21.55	4336	13618	1146	0	0	0	0	0	19100	162.55	24.53	13.59	72.86	33.39	69.75	47.26	1.29	40.69	12.31
7/1/2019 8:47:55 AM	8.43	14.10	2.29	0.00	0.00	0.00	0.00	0.72	24.82	93.36	3.00	21.48	4468	14099	1031	0	0	0	0	0	19598	162.73	24.54	13.62	74.88	33.87	71.89	47.25	1.29	40.71	12.31
7/1/2019 8:47:58 AM	8.06	13.73	2.63	0.00	0.00	0.00	0.00	0.61	24.41	93.15	3.07	21.43	4271	13725	1183	0	0	0	0	0	19180	162.37	24.58	13.01	73.13	32.56	70.40	46.58	1.30	40.78	12.31
7/1/2019 8:48:00 AM	7.56	13.74	2.59	0.00	0.00	0.00	0.00	0.68	23.89	94.00	3.13	21.07	4009	13735	1166	0	0	0	0	0	18910	163.83	24.40	12.86	73.08	32.44	69.69	45.32	1.31	40.83	12.32
7/1/2019 8:48:03 AM	7.46	13.87	2.70	0.00	0.00	0.00	0.00	0.73	24.02	93.82	3.20	20.92	3952	13868	1214	0	0	0	0	0	19033	163.53	24.72	13.81	73.30	33.10	70.62	45.91	1.31	40.89	12.33
7/1/2019 8:48:05 AM	8.04	12.51	3.75	0.00	0.00	0.00	0.00	0.67	24.30	94.28	3.27	20.97	4261	12512	1686	0	0	0	0	0	18459	164.33	26.29	13.49	68.75	34.13	66.41	51.50	1.32	40.91	12.35
7/1/2019 8:48:07 AM	8.84	12.23	3.59	0.00	0.00	0.00	0.00	0.62	24.66	94.97	3.35	20.54	4687	12226	1613	0	0	0	0	0	18526	165.53	26.11	12.47	68.11	34.26	65.65	52.87	1.33	40.96	12.35
7/1/2019 8:48:10 AM	7.12	9.69	6.15	0.00	0.00	0.00	0.00	0.57	22.95	95.75	3.42	20.12	3771	9686	2766	0	0	0	0	0	16223	166.88	28.84	11.93	56.80	33.82	57.14	57.42	1.33	41.00	12.35
7/1/2019 8:48:12 AM	7.22	8.56	5.31	0.00	0.00	0.00	0.00	0.56	21.08	96.08	3.48	19.77	3825	8557	2388	0	0	0	0	0	14770	167.47	25.92	11.24	51.56	31.56	50.80	53.56	1.34	41.03	12.37
7/1/2019 8:48:14 AM	7.46	8.92	5.07	0.00	0.00	0.00	0.00	0.60	21.45	96.02	3.56	19.52	3953	8924	2281	0	0	0	0	0	15159	167.36	25.91	11.19	53.02	32.15	52.57	53.71	1.35	41.08	12.39
7/1/2019 8:48:17 AM	6.93	6.87	4.70	0.00	0.00	0.00	0.00	0.53	18.50	96.88	3.64	19.16	3675	6870	2115	0	0	0	0	0	12660	168.85	22.84	9.36	43.08	28.53	42.82	49.17	1.36	41.11	12.39
7/1/2019 8:48:19 AM	7.20	6.87	4.77	0.00	0.00	0.00	0.00	0.47	18.84	97.11	3.71	18.94	3816	6866	2149	0	0	0	0	0	12830	169.26	22.99	9.32	42.99	28.41	43.44	49.88	1.36	41.15	12.39
7/1/2019 8:48:22 AM	7.23	6.47	4.20	0.30	0.00	0.00	0.00	0.51	18.20	96.85	3.78	19.07	3834	6471	1889	9	0	0	0	0	12203	168.81	22.30	9.64	41.47	28.09	42.21	48.93	1.37	41.18	12.42
7/1/2019 8:48:24 AM	6.55	6.24	4.12	0.00	0.00	0.00	0.00	0.45	16.91	97.44	3.84	18.91	3470	6241	1854	0	0	0	0	0	11566	169.83	20.44	8.74	39.05	25.69	39.39	44.53	1.38	41.22	12.42
7/1/2019 8:48:26 AM	6.58	6.12	3.82	0.21	0.00	0.00	0.00	0.48	16.74	97.60	3.93	18.29	3489	6124	1717	6	0	0	0	0	11337	170.11	20.37	8.79	38.70	25.76	39.51	44.40	1.38	41.23	12.43
7/1/2019 8:48:29 AM	5.69	6.15	4.16	0.49	0.00	0.00	0.00	0.48	16.50	97.53	4.01	17.46	3018	6154	1872	15	0	0	0	0	11059	169.99	21.57	9.51	39.21	25.66	40.21	44.35	1.39	41.27	12.42
7/1/2019 8:48:31 AM	5.97	5.99	3.48	1.03	0.00	0.00	0.00	0.56	16.46	97.55	4.08	16.72	3163	5986	1565	31	0	0	0	0	10745	170.02	21.84	9.98	39.33	26.46	41.10	45.13	1.40	41.28	12.45
7/1/2019 8:48:34 AM	5.52	6.57	4.42	0.69	0.00	0.00	0.00	0.51	17.21	97.24	4.15	16.40	2927	6574	1989	21	0	0	0	0	11511	169.49	23.12	10.16	41.64	26.79	42.96	46.15	1.41	41.31	12.43
7/1/2019 8:48:36 AM	4.29	6.61	4.08	2.27	0.00	0.00	0.00	0.59	17.25	97.06	4.25	16.23	2273	6609	1837	68	0	0	0	0	10786	169.17	26.73	12.74	44.39	28.07	47.60	48.29	1.42	41.33	12.46
7/1/2019 8:48:38 AM	4.30	6.94	4.20	2.00	0.00	0.00	0.00	0.54	17.45	97.09	4.33	16.42	2280	6943	1892	60	0	0	0	0	11175	169.22	26.35	12.63	45.35	27.60	48.11	47.43	1.42	41.35	12.45
7/1/2019 8:48:41 AM	4.09	7.29	4.68	1.63	0.00	0.00	0.00	0.53	17.70	97.18	4.41	16.67	2169	7294	2106	49	0	0	0	0	11618	169.38	26.45	12.64	46.38	27.58	48.44	47.22	1.43	41.36	12.47
7/1/2019 8:48:43 AM	4.14	7.11	4.62	1.68	0.00	0.00	0.00	0.50	17.55	96.93	4.49	16.32	2193	7111	2079	50	0	0	0	0	11433	168.94	26.27	12.31	45.55	27.17	47.93	47.01	1.44	41.36	12.47
7/1/2019 8:48:45 AM	3.94	7.22	4.20	1.43	0.00	0.00	0.00	0.48	16.78	96.48	4.59	15.75	2087	7218	1889	43	0	0	0	0	11237	168.16	24.38	11.89	44.86	25.59	46.72	43.28	1.45	41.37	12.46
7/1/2019 8:48:48 AM	4.03	7.76	4.21	0.91	0.00	0.00	0.00	0.41	16.91	96.35	4.67	15.06	2135	7763	1895	27	0	0	0	0	11821	167.93	23.11	11.48	46.09	24.56	47.11	40.98	1.46	41.40	12.49
7/1/2019 8:48:50 AM	4.31	7.77	3.88	1.04	0.00	0.00	0.00	0.38	17.00	96.56	4.74	14.94	2285	7770	1747	31	0	0	0	0	11833	168.30	22.84	11.67	46.36	24.36	47.47	40.81	1.46	41.40	12.49
7/1/2019 8:48:53 AM	4.09	7.91	4.33	0.60	0.00	0.00	0.00	0.35	16.93	96.43	4.79	15.15	2169	7912	1950	18	0	0	0	0	12049	168.08	22.44	11.10	46.13	23.82	46.73	39.94	1.47	41.40	12.50
7/1/2019 8:48:55 AM	4.05	7.72	3.93	1.02	0.00	0.00	0.00	0.41	16.72	96.17	4.88	15.44	2148	7718	1767	31	0	0	0	0	11663	167.63	22.76	11.54	45.91	24.30	47.03	40.31	1.48	41.40	12.52
7/1/2019 8:48:57 AM	3.92	7.79	3.55	1.08	0.00	0.00	0.00	0.43	16.33	96.03	5.01	14.79	2075	7788	1595	32	0	0	0	0	11490	167.38	22.08	11.31	45.80	23.80	47.18	38.64	1.49	41.40	12.52
7/1/2019 8:49:00 AM	3.80	6.98	3.42	1.19	0.00	0.00	0.00	0.34	15.39	96.19	5.09	13.51	2013	6980	1539	36	0	0	0	0	10568	167.65	21.13	10.60	42.14	22.00	43.90	37.13	1.50	41.40	12.52
7/1/2019 8:49:02 AM	3.01	6.16	3.06	1.42	0.00	0.00	0.00	0.35	13.64	96.39	5.18	13.31	1593	6159	1376	43	0	0	0	0	9171	168.01	19.91	9.72	37.90	20.21	40.42	33.87	1.51	41.39	12.52
7/1/2019 8:49:04 AM	3.19	6.04	2.97	1.37	0.00	0.00	0.00	0.30	13.57	96.36	5.26	13.24	1689	6040	1336	41	0	0	0	0	9106	167.96	19.40	9.63	37.33	19.55	39.68	33.35	1.52	41.38	12.52
7/1/2019 8:49:07 AM	2.86	6.03	3.20	1.26	0.00	0.00	0.00	0.35	13.35	96.17	5.31	13.36	1517	6033	1438	38	0	0	0	0	9026	167.61	19.51	9.75	37.10	19.80	39.08	33.21	1.52	41.38	12.53
7/1/2019 8:49:09 AM	3.00	5.65	2.58	1.55	0.00	0.00	0.00	0.35	12.78	96.05	5.40	13.46	1589	5648	1160	47	0	0	0	0	8444	167.42	18.73	9.47	35.52	19.18	38.12	32.11	1.53	41.36	12.52
7/1/2019 8:49:12 AM	2.22	5.05	2.93	1.19	0.00	0.00	0.00	0.33	11.39	96.68	5.49	12.54	1179	5052	1319	36	0	0	0	0	7586	168.50	17.43	8.21	31.59	17.38	34.00	29.20	1.54	41.35	12.53
7/1/2019 8:49:14 AM	2.78	5.15	2.73	1.41	0.00	0.00	0.00	0.31	12.08	96.45	5.58	12.61	1472	5154	1230	42	0	0	0	0	7898	168.10	18.02	8.78	32.90	18.07	35.48	30.96	1.55	41.32	12.54
7/1/2019 8:49:16 AM	1.97	4.20	2.58	0.92	0.00	0.00	0.00	0.32	9.68	96.95	5.66	12.89	1045	4205	1163	27	0	0	0	0	6440	168.99	14.88	7.16	26.70	15.27	28.60	25.35	1.55	41.29	12.54
7/1/2019 8:49:19 AM	2.19	3.95	2.33	1.10	0.00	0.00	0.00	0.33	9.56	97.11	5.72	13.00	1158	3948	1047	33	0	0	0	0	6186	169.25	14.79	7.25	25.97	15.37	28.09	25.72	1.56	41.28	12.54
7/1/2019 8:49:21 AM	2.38	4.08	2.27	1.07	0.00	0.00	0.00	0.32	9.80	96.86	5.81	13.06	1261	4082	1022	32	0	0	0	0	6398	168.82	14.74	7.14	26.51	15.46	28.70	25.88	1.57	41.24	12.54
7/1/2019 8:49:24 AM	1.70	3.09	1.85	1.09	0.00	0.00	0.00	0.33	7.73	96.94	5.92	13.02	900	3088	831	33	0	0	0	0	4852	168.97	12.62	5.89	21.07	13.16	23.65	21.69	1.58	41.22	12.55
7/1/2019 8:49:26 AM	1.33	2.27	1.70	1.01	0.00	0.00	0.00	0.31	6.31	96.27	6.03	12.57	704	2269	766	30	0	0	0	0	3770	167.79	11.09	4.98	16.78	11.45	19.36	19.10	1.59	41.21	12.55
7/1/2019 8:49:28 AM	1.45	2.19	1.58	0.93	0.00	0.00	0.00	0.29	6.15	96.19	6.13	11.62	770	2187	712	28	0	0	0	0	3697	167.66	10.50	4.66	16.16	11.00	18.71	18.42	1.60	41.16	12.54
7/1/2019 8:49:31 AM	1.10	1.80	1.49	0.68	0.00	0.00	0.00	0.30	5.06	96.57	6.24	11.64	582	1797	672	20	0	0	0	0	3071	168.31	8.99	3.84	13.42	9.72	15.67	15.73	1.61	41.14	12.55
7/1/2019 8:49:33 AM	0.91	1.49	1.13	0.52	0.00	0.00	0.00	0.32	4.06	95.49	6.40	11.41	484	1488	510	16	0	0	0	0	2497	166.43	7.32	3.07	11.13	8.46	13.28	12.87	1.63	41.09	12.55
7/1/2019 8:49:35 AM	0.74	1.29	0.97	0.12	0.00	0.00	0.00	0.28	3.13	93.32	6.56	10.85	394	1293	436	4	0	0	0	0	2127	162.66	5.29	2.29	9.01	6.69	10.47	9.45	1.64	41.07	12.56
7/1/2019 8:49:38 AM	0.68	1.42	1.05	0.17	0.00	0.00	0.00	0.29	3.31	92.58	6.66	10.72	360	1419	471	5	0	0	0	0	2255	161.37	5.72	2.51	9.72	7.03	11.22	9.92	1.65	41.01	12.56
7/1/2019 8:49:40 AM	0.64	1.36	0.92	0.02	0.00	0.00	0.00	0.28	2.94	91.92	6.69	10.84	338	1362	413	1	0	0	0	0	2113	160.22	4.86	2.19	8.96	6.31	10.23	8.47	1.66	40.96	12.56
7/1/2019 8:49:43 AM	0.80	1.34	0.91	0.07	0.00	0.00	0.00	0.28	3.11	91.82	6.76	11.44	424	1339	409	2	0	0	0	0	2174	160.04	5.05	2.31	9.11	6.63	10.40	9.16	1.66	40.91	12.54
7/1/2019 8:49:45 AM	0.55	1.27	0.90	0.08	0.00	0.00	0.00	0.29	2.80	91.87	6.88	11.77	292	1271	405	2	0	0	0	0	1971	160.13	4.92	2.21	8.62	6.37	9.98	8.48	1.67	40.88	12.56
7/1/2019 8:49:47 AM	0.67	1.26	0.93	0.05	0.00	0.00	0.00	0.27	2.91	91.41	6.96	11.55	357	1262	417	2	0	0	0	0	2036	159.33	4.88	2.16	8.61	6.27	9.94	8.64	1.68	40.83	12.55
7/1/2019 8:49:50 AM	0.55	1.26	0.83	0.06	0.00	0.00	0.00	0.28	2.69	90.79	7.06	11.85	290	1258	372	2	0	0	0	0	1922	158.26	4.61	2.07	8.40	6.02	9.77	7.91	1.69	40.78	12.54
7/1/2019 8:49:52 AM	0.61	1.15	0.67	0.00	0.00	0.00	0.00	0.27	2.43	91.32	7.21	11.40	323	1153	301	0	0	0	0	0	1776	159.18	3.99	1.85	7.74	5.62	8.91	7.08	1.71	40.71	12.54
7/1/2019 8:49:55 AM	0.53	1.02	0.59	0.07	0.00	0.00	0.00	0.30	2.21	91.68	7.31	10.80	282	1015	266	2	0	0	0	0	1566	159.80	3.92	1.80	7.11	5.63	8.51	6.94	1.72	40.67	12.54
7/1/2019 8:49:57 AM	0.64	1.06	0.55	0.01	0.00	0.00	0.00	0.27	2.26	92.73	7.37	10.91	338	1064	247	0	0	0	0	0	1650	161.63	3.67	1.70	7.20	5.37	8.53	6.63	1.72	40.62	12.53
7/1/2019 8:49:59 AM	0.47	0.99	0.52	0.06	0.00	0.00	0.00	0.32	2.04	93.26	7.49	11.10	251	991	233	2	0	0	0	0	1477	162.54	3.72	1.66	6.83	5.58	8.29	6.53	1.73	40.58	12.54
7/1/2019 8:50:02 AM	0.51	0.90	0.47	0.14	0.00	0.00	0.00	0.29	2.03	94.46	7.67	10.79	272	904	212	4	0	0	0	0	1392	164.63	3.76	1.81	6.67	5.41	8.16	6.62	1.75	40.51	12.52
7/1/2019 8:50:04 AM	0.56	0.86	0.34	0.12	0.00	0.00	0.00	0.30	1.89	95.52	7.83	10.54	299	858	154	4	0	0	0	0	1315	166.49	3.38	1.57	6.28	5.20	7.84	6.10	1.77	40.44	12.52
7/1/2019 8:50:06 AM	0.55	0.88	0.38	0.11	0.00	0.00	0.00	0.29	1.93	95.91	7.94	10.69	292	879	171	3	0	0	0	0	1347	167.16	3.46	1.54	6.36	5.24	7.96	6.20	1.78	40.37	12.54
7/1/2019 8:50:09 AM	0.60	0.88	0.41	0.07	0.00	0.00	0.00	0.31	1.96	95.66	8.02	10.73	317	876	186	2	0	0	0	0	1382	166.73	3.45	1.69	6.40	5.42	7.75	6.41	1.79	40.32	12.51
7/1/2019 8:50:11 AM	0.56	0.95	0.48	0.03	0.00	0.00	0.00	0.30	2.02	95.44	8.15	10.85	296	948	216	1	0	0	0	0	1461	166.34	3.51	1.69	6.65	5.40	7.96	6.38	1.80	40.26	12.50
7/1/2019 8:50:14 AM	0.44	0.85	0.42	0.13	0.00	0.00	0.00	0.29	1.84	95.26	8.29	10.65	233	851	189	4	0	0	0	0	1277	166.03	3.51	1.55	6.22	5.11	7.86	6.05	1.81	40.17	12.52
7/1/2019 8:50:16 AM	0.48	0.92	0.47	0.02	0.00	0.00	0.00	0.29	1.89	95.34	8.37	10.51	257	915	211	1	0	0	0	0	1383	166.18	3.36	1.62	6.40	5.14	7.71	5.96	1.82	40.12	12.52
7/1/2019 8:50:18 AM	0.54	1.00	0.45	0.00	0.00	0.00	0.00	0.30	1.98	95.31	8.46	10.80	284	997	201	0	0	0	0	0	1483	166.13	3.35	1.71	6.77	5.27	7.95	6.02	1.83	40.06	12.51
7/1/2019 8:50:21 AM	0.59	0.89	0.36	0.11	0.00	0.00	0.00	0.30	1.95	95.07	8.55	11.12	313	892	162	3	0	0	0	0	1369	165.71	3.44	1.57	6.43	5.31	7.99	6.25	1.84	39.99	12.48
7/1/2019 8:50:23 AM	0.57	0.92	0.31	0.13	0.00	0.00	0.00	0.31	1.92	94.47	8.69	10.85	302	920	138	4	0	0	0	0	1364	164.66	3.40	1.68	6.56	5.34	8.07	6.13	1.85	39.90	12.48
7/1/2019 8:50:25 AM	0.57	0.95	0.36	0.05	0.00	0.00	0.00	0.32	1.92	91.18	8.73	10.51	300	947	163	1	0	0	0	0	1411	158.94	3.32	1.60	6.55	5.39	7.94	6.06	1.85	39.82	12.48
7/1/2019 8:50:28 AM	0.47	1.00	0.43	0.00	0.00	0.00	0.00	0.31	1.89	90.90	8.91	10.56	249	997	192	0	0	0	0	0	1439	158.44	3.29	1.59	6.65	5.24	7.95	5.80	1.87	39.75	12.49
7/1/2019 8:50:30 AM	0.68	1.22	0.44	0.00	0.00	0.00	0.00	0.28	2.35	85.52	9.09	10.49	362	1223	198	0	0	0	0	0	1783	149.06	3.56	1.79	7.93	5.42	8.98	6.36	1.89	39.68	12.46
7/1/2019 8:50:33 AM	0.71	1.25	0.45	0.00	0.00	0.00	0.00	0.26	2.40	85.15	9.20	10.41	374	1249	202	0	0	0	0	0	1825	148.42	3.58	1.78	8.03	5.32	9.16	6.35	1.90	39.61	12.45
7/1/2019 8:50:35 AM	0.87	1.44	0.53	0.00	0.00	0.00	0.00	0.22	2.84	80.19	9.31	10.48	461	1440	238	0	0	0	0	0	2140	139.78	3.94	1.98	9.17	5.45	10.09	6.99	1.91	39.53	12.44
7/1/2019 8:50:37 AM	0.93	1.44	0.49	0.00	0.00	0.00	0.00	0.22	2.85	79.70	9.39	10.60	492	1436	221	0	0	0	0	0	2148	138.94	3.85	2.00	9.18	5.38	10.04	6.94	1.92	39.46	12.43
7/1/2019 8:50:40 AM	0.92	1.51	0.51	0.00	0.00	0.00	0.00	0.22	2.93	79.09	9.45	10.74	486	1505	229	0	0	0	0	0	2220	137.86	3.96	2.07	9.66	5.47	10.17	7.02	1.93	39.39	12.40
7/1/2019 8:50:42 AM	0.89	1.45	0.52	0.00	0.00	0.00	0.00	0.23	2.86	79.15	9.59	10.58	470	1455	232	0	0	0	0	0	2158	137.97	3.95	2.01	9.35	5.53	10.03	7.05	1.94	39.29	12.39
7/1/2019 8:50:45 AM	1.06	1.58	0.66	0.00	0.00	0.00	0.00	0.23	3.30	80.12	9.76	10.13	561	1578	298	0	0	0	0	0	2436	139.66	4.48	2.23	10.14	6.06	10.90	8.24	1.96	39.22	12.42
7/1/2019 8:50:47 AM	1.44	1.84	0.87	0.00	0.00	0.00	0.00	0.25	4.15	78.37	9.90	10.00	763	1836	392	0	0	0	0	0	2991	136.62	5.49	2.63	11.79	7.44	12.60	10.69	1.97	39.15	12.41
7/1/2019 8:50:49 AM	1.88	2.26	0.82	0.00	0.00	0.00	0.00	0.39	4.95	74.69	10.00	9.99	995	2256	369	0	0	0	0	0	3620	130.20	6.36	2.96	14.27	9.67	14.58	13.09	1.98	39.06	12.40
7/1/2019 8:50:52 AM	1.65	2.17	0.81	0.00	0.00	0.00	0.00	0.38	4.63	75.66	10.11	10.15	876	2167	367	0	0	0	0	0	3409	131.89	6.12	2.85	13.57	9.25	14.11	12.30	1.99	38.98	12.38
7/1/2019 8:50:54 AM	1.68	2.28	0.75	0.00	0.00	0.00	0.00	0.46	4.70	76.04	10.24	10.25	888	2277	337	0	0	0	0	0	3503	132.55	6.27	3.02	14.07	10.09	14.56	12.78	2.00	38.90	12.35
7/1/2019 8:50:56 AM	1.77	2.39	0.72	0.00	0.00	0.00	0.00	0.53	4.89	77.38	10.36	10.19	940	2395	325	0	0	0	0	0	3660	134.90	6.55	3.04	14.68	10.95	15.18	13.54	2.02	38.82	12.39
7/1/2019 8:50:59 AM	3.91	4.23	1.87	0.00	0.00	0.00	0.00	0.04	10.01	67.26	10.46	10.20	2075	4227	842	0	0	0	0	0	7144	117.26	10.86	5.28	26.27	12.34	24.99	22.16	2.02	38.74	12.37
7/1/2019 8:51:01 AM	3.07	7.24	4.33	0.00	0.00	0.00	0.00	0.00	14.64	25.19	10.52	10.37	1627	7240	1948	0	0	0	0	0	10815	43.98	18.08	8.16	41.21	13.36	40.75	32.56	2.03	38.64	12.35
7/1/2019 8:51:04 AM	3.42	6.40	4.24	0.23	0.00	0.00	0.00	0.00	14.30	9.52	10.44	10.67	1813	6398	1909	7	0	0	0	0	10127	16.67	18.15	7.57	37.93	13.63	38.61	34.01	2.02	38.56	12.35
7/1/2019 8:51:06 AM	1.68	2.20	0.40	0.00	0.00	0.00	0.00	0.00	4.29	0.17	10.41	10.97	891	2205	180	0	0	0	0	0	3276	0.40	4.14	2.12	15.00	3.05	12.02	8.15	2.02	38.47	12.33
7/1/2019 8:51:08 AM	0.00	0.00	0.00	0.00	0.00	0.00	0.00	0.00	0.00	-0.07	10.43	11.24	0	0	0	0	0	0	0	0	0	-0.02	0.17	0.01	0.89	-0.19	0.91	0.04	2.02	38.38	12.33
