Date/Time	Green Algae	Bluegreen	Diatoms	Cryptophyta	#5	#6	#7	Yellow substances	Total conc.	Transmission	Depth	Temp. Sample	Green Algae	Bluegreen	Diatoms	Cryptophyta	#5	#6	#7	Yellow substances	Total cell count	Trans. 700 nm	LED 3 [525 nm]	LED 4 [570 nm]	LED 5 [610 nm]	LED 6 [370 nm]	LED 7 [590 nm]	LED 8 [470 nm]	Pressure	Temp. LEDs	Temp. Sensor
date	µg/l	µg/l	µg/l	µg/l	µg/l	µg/l	µg/l	r.u.	µg/l	%	m	°C	cells/ml	cells/ml	cells/ml	cells/ml	cells/ml	cells/ml	cells/ml	r.u.	cells/ml	digits	digits	digits	digits	digits	digits	digits	bar	°C	°C
6/3/2019 8:26:43 AM	0.00	2.20	0.00	0.84	0.00	0.00	0.00	0.48	3.04	85.01	0.17	21.38	0	2197	0	25	0	0	0	0	2223	148.18	6.46	3.10	12.91	8.13	15.96	7.60	1.02	37.99	11.57
6/3/2019 8:26:45 AM	2.80	3.17	0.58	0.29	0.00	0.00	0.00	0.36	6.86	98.50	0.28	22.60	1486	3174	263	9	0	0	0	0	4932	171.67	7.84	5.23	19.57	11.51	19.99	16.40	1.03	38.09	11.58
6/3/2019 8:26:48 AM	3.59	3.15	0.27	0.37	0.00	0.00	0.00	0.37	7.39	98.92	0.29	22.69	1904	3153	123	11	0	0	0	0	5191	172.40	7.85	4.68	19.75	12.31	20.91	17.97	1.03	38.09	11.57
6/3/2019 8:26:50 AM	2.35	3.21	1.24	0.00	0.00	0.00	0.00	0.52	6.79	98.42	0.35	22.68	1243	3209	558	0	0	0	0	0	5011	171.55	8.84	3.12	19.03	13.15	20.14	17.85	1.03	38.12	11.59
6/3/2019 8:26:53 AM	3.42	3.14	1.01	0.00	0.00	0.00	0.00	0.39	7.56	99.60	0.43	22.64	1814	3136	452	0	0	0	0	0	5402	173.60	8.49	3.19	19.19	12.89	20.49	19.21	1.04	38.12	11.60
6/3/2019 8:26:55 AM	1.35	3.29	2.09	0.13	0.00	0.00	0.00	0.51	6.85	99.02	0.54	22.60	714	3285	942	4	0	0	0	0	4945	172.59	10.62	4.56	19.65	13.33	20.92	18.89	1.05	38.19	11.58
6/3/2019 8:26:57 AM	3.09	3.28	1.33	0.00	0.00	0.00	0.00	0.27	7.70	99.03	0.61	22.65	1636	3277	600	0	0	0	0	0	5514	172.61	8.89	3.03	19.53	11.85	21.45	18.67	1.06	38.20	11.60
6/3/2019 8:27:00 AM	2.99	2.91	0.00	0.83	0.00	0.00	0.00	0.63	6.73	98.11	0.70	22.63	1585	2908	0	25	0	0	0	0	4518	170.99	8.43	5.05	18.72	14.34	21.44	18.89	1.07	38.25	11.62
6/3/2019 8:27:02 AM	2.97	2.90	1.19	0.49	0.00	0.00	0.00	0.26	7.55	98.72	0.77	22.63	1575	2905	536	15	0	0	0	0	5030	172.07	9.62	3.87	18.86	11.88	21.32	19.57	1.08	38.28	11.61
6/3/2019 8:27:04 AM	2.49	3.35	1.60	0.00	0.00	0.00	0.00	0.46	7.44	99.57	0.88	22.56	1318	3353	721	0	0	0	0	0	5392	173.55	9.72	4.30	20.80	13.50	20.35	19.47	1.09	38.30	11.63
6/3/2019 8:27:07 AM	2.64	3.19	1.73	0.00	0.00	0.00	0.00	0.54	7.56	98.73	0.98	22.48	1399	3192	779	0	0	0	0	0	5370	172.08	10.20	3.99	20.14	14.59	20.28	21.09	1.10	38.34	11.61
6/3/2019 8:27:09 AM	2.90	3.14	1.82	0.00	0.00	0.00	0.00	0.33	7.86	98.50	1.13	22.53	1538	3145	818	0	0	0	0	0	5501	171.69	9.98	4.37	20.62	12.95	19.69	20.62	1.11	38.38	11.63
6/3/2019 8:27:12 AM	3.34	3.04	0.70	0.75	0.00	0.00	0.00	0.40	7.83	98.79	1.22	22.59	1772	3038	314	22	0	0	0	0	5147	172.18	9.95	4.61	20.10	13.61	22.58	20.95	1.12	38.40	11.64
6/3/2019 8:27:14 AM	4.39	3.40	0.62	0.08	0.00	0.00	0.00	0.47	8.50	99.00	1.29	22.56	2326	3401	281	2	0	0	0	0	6011	172.56	8.63	6.31	21.87	14.78	21.05	21.70	1.13	38.45	11.64
6/3/2019 8:27:16 AM	3.99	3.43	0.89	0.11	0.00	0.00	0.00	0.38	8.41	99.11	1.43	22.62	2112	3426	400	3	0	0	0	0	5942	172.75	9.05	4.05	21.00	13.82	22.53	21.01	1.14	38.46	11.64
6/3/2019 8:27:19 AM	4.43	3.04	1.31	0.00	0.00	0.00	0.00	0.15	8.78	97.97	1.54	22.71	2349	3042	589	0	0	0	0	0	5980	170.75	9.17	2.87	20.02	12.29	20.99	21.81	1.15	38.51	11.63
6/3/2019 8:27:21 AM	4.69	3.07	0.01	0.61	0.00	0.00	0.00	0.32	8.38	99.62	1.69	22.66	2488	3069	5	18	0	0	0	0	5581	173.62	8.54	3.42	19.96	13.30	23.03	21.03	1.17	38.51	11.68
6/3/2019 8:27:23 AM	4.97	3.35	0.79	0.00	0.00	0.00	0.00	0.31	9.10	99.04	1.78	22.67	2632	3350	355	0	0	0	0	0	6336	172.62	8.93	3.88	22.41	14.09	21.07	22.63	1.17	38.56	11.66
6/3/2019 8:27:26 AM	4.34	3.49	1.41	0.00	0.00	0.00	0.00	0.31	9.24	99.41	1.89	22.66	2298	3493	634	0	0	0	0	0	6424	173.26	10.02	4.66	22.17	14.35	22.76	23.40	1.18	38.60	11.67
6/3/2019 8:27:28 AM	3.03	3.32	2.07	0.04	0.00	0.00	0.00	0.28	8.46	99.36	1.96	22.60	1605	3324	931	1	0	0	0	0	5861	173.17	10.75	3.93	20.61	13.19	22.39	21.96	1.19	38.63	11.66
6/3/2019 8:27:31 AM	3.98	3.24	1.80	0.00	0.00	0.00	0.00	0.23	9.02	99.19	2.09	22.62	2110	3236	810	0	0	0	0	0	6156	172.89	10.29	4.72	21.05	13.44	21.74	23.21	1.20	38.65	11.68
6/3/2019 8:27:33 AM	3.60	3.50	1.76	0.00	0.00	0.00	0.00	0.27	8.86	99.15	2.21	22.67	1910	3501	792	0	0	0	0	0	6203	172.81	10.37	4.08	21.89	13.45	22.67	22.23	1.22	38.71	11.68
6/3/2019 8:27:35 AM	4.85	3.45	0.78	0.01	0.00	0.00	0.00	0.32	9.09	98.98	2.29	22.65	2569	3447	352	0	0	0	0	0	6368	172.51	8.79	4.87	21.79	14.05	22.29	22.36	1.22	38.72	11.70
6/3/2019 8:27:38 AM	2.82	3.52	2.01	0.00	0.00	0.00	0.00	0.38	8.34	99.47	2.43	22.62	1492	3517	904	0	0	0	0	0	5913	173.37	10.78	4.73	21.83	13.97	22.08	21.74	1.24	38.76	11.70
6/3/2019 8:27:40 AM	2.14	3.71	2.25	0.00	0.00	0.00	0.00	0.50	8.10	99.27	2.59	22.32	1136	3707	1011	0	0	0	0	0	5854	173.02	11.46	4.71	22.52	14.80	22.57	21.66	1.25	38.82	11.70
6/3/2019 8:27:43 AM	3.78	3.86	1.55	0.00	0.00	0.00	0.00	0.48	9.19	98.72	2.72	21.69	2003	3859	700	0	0	0	0	0	6561	172.06	10.86	4.95	24.35	15.84	23.30	23.73	1.27	38.84	11.70
6/3/2019 8:27:45 AM	2.81	4.00	1.45	0.00	0.00	0.00	0.00	0.71	8.26	98.87	2.89	21.04	1489	4004	653	0	0	0	0	0	6146	172.33	10.73	4.24	23.06	16.74	24.45	22.08	1.28	38.87	11.74
6/3/2019 8:27:47 AM	2.83	4.45	1.41	0.16	0.00	0.00	0.00	0.68	8.86	98.54	3.09	19.91	1502	4454	636	5	0	0	0	0	6597	171.75	11.39	5.18	25.42	17.00	26.85	22.57	1.30	38.90	11.76
6/3/2019 8:27:50 AM	2.50	2.65	2.12	0.00	0.00	0.00	0.00	0.77	7.27	100.00	3.30	18.60	1325	2646	955	0	0	0	0	0	4927	174.34	11.21	3.08	17.35	17.00	19.31	24.05	1.32	38.89	11.74
6/3/2019 8:27:52 AM	3.44	2.40	1.62	0.00	0.00	0.00	0.00	0.71	7.47	99.77	3.45	17.92	1825	2405	729	0	0	0	0	0	4958	173.89	10.19	3.59	17.25	16.70	17.60	24.28	1.34	38.93	11.75
6/3/2019 8:27:54 AM	3.14	1.44	1.70	0.00	0.00	0.00	0.00	0.74	6.28	100.00	3.56	17.49	1666	1436	764	0	0	0	0	0	3866	174.55	9.45	2.48	12.14	15.97	14.04	23.59	1.35	38.99	11.70
6/3/2019 8:27:57 AM	4.31	0.69	0.75	0.54	0.00	0.00	0.00	0.62	6.29	100.00	3.74	16.95	2283	687	339	16	0	0	0	0	3325	175.72	8.62	3.16	10.33	15.23	12.45	24.39	1.37	39.01	11.77
6/3/2019 8:27:59 AM	3.69	0.46	1.94	0.62	0.00	0.00	0.00	0.57	6.72	100.00	3.97	15.71	1958	463	872	19	0	0	0	0	3312	175.05	11.03	3.38	10.12	15.82	12.60	27.49	1.39	39.02	11.78
6/3/2019 8:28:02 AM	3.82	0.79	2.39	0.74	0.00	0.00	0.00	0.57	7.74	100.00	4.13	14.69	2024	793	1076	22	0	0	0	0	3915	175.87	12.84	3.80	12.33	17.21	15.22	30.51	1.40	39.06	11.74
6/3/2019 8:28:04 AM	3.60	0.53	2.56	0.96	0.00	0.00	0.00	0.56	7.65	100.00	4.26	14.41	1907	527	1152	29	0	0	0	0	3615	174.90	13.57	3.83	11.60	17.28	15.00	31.35	1.42	39.07	11.75
6/3/2019 8:28:06 AM	3.41	0.72	3.22	0.87	0.00	0.00	0.00	0.61	8.22	100.00	4.41	13.96	1807	725	1450	26	0	0	0	0	4007	175.60	15.03	4.40	12.90	18.68	15.90	33.73	1.43	39.06	11.81
6/3/2019 8:28:09 AM	4.17	0.53	3.63	1.14	0.00	0.00	0.00	0.73	9.47	100.00	4.59	13.52	2211	534	1632	34	0	0	0	0	4411	175.82	17.50	4.41	13.57	22.02	17.64	40.06	1.45	39.08	11.81
6/3/2019 8:28:11 AM	5.52	0.28	4.52	1.34	0.00	0.00	0.00	0.52	11.65	100.00	4.68	13.42	2927	275	2033	40	0	0	0	0	5275	175.36	20.25	5.51	15.02	23.42	19.01	47.39	1.46	39.07	11.80
6/3/2019 8:28:14 AM	4.88	0.25	5.40	1.35	0.00	0.00	0.00	0.55	11.89	100.00	4.78	13.66	2588	255	2432	40	0	0	0	0	5315	174.83	22.15	5.23	15.10	24.41	19.74	49.58	1.47	39.09	11.79
6/3/2019 8:28:16 AM	5.57	0.38	5.98	1.20	0.00	0.00	0.00	0.45	13.12	99.79	4.89	13.54	2951	376	2689	36	0	0	0	0	6052	173.93	23.29	5.37	16.37	25.08	20.86	52.83	1.48	39.11	11.81
6/3/2019 8:28:18 AM	5.91	0.53	6.58	1.12	0.00	0.00	0.00	0.39	14.14	99.08	5.08	12.54	3134	529	2961	33	0	0	0	0	6658	172.69	24.65	5.88	17.81	26.06	21.96	55.86	1.50	39.09	11.81
6/3/2019 8:28:21 AM	6.61	0.85	6.95	0.98	0.00	0.00	0.00	0.34	15.39	98.99	5.24	11.70	3505	848	3129	29	0	0	0	0	7512	172.53	25.64	6.17	19.83	27.10	23.76	58.80	1.51	39.09	11.81
6/3/2019 8:28:23 AM	5.50	1.18	7.25	0.74	0.00	0.00	0.00	0.44	14.67	99.20	5.38	11.31	2917	1184	3261	22	0	0	0	0	7384	172.89	25.47	6.26	20.24	26.94	23.60	56.42	1.53	39.10	11.82
6/3/2019 8:28:25 AM	5.91	1.25	6.79	0.62	0.00	0.00	0.00	0.41	14.56	99.32	5.52	11.41	3132	1248	3055	19	0	0	0	0	7454	173.10	24.21	6.02	20.12	26.25	23.20	54.95	1.54	39.11	11.83
6/3/2019 8:28:28 AM	5.53	1.25	6.26	0.81	0.00	0.00	0.00	0.46	13.84	99.31	5.68	11.73	2929	1253	2815	24	0	0	0	0	7021	173.10	23.42	5.99	19.74	25.60	23.12	52.57	1.56	39.09	11.85
6/3/2019 8:28:30 AM	5.05	1.40	6.36	0.75	0.00	0.00	0.00	0.50	13.56	99.09	5.80	11.87	2674	1403	2861	23	0	0	0	0	6961	172.70	23.45	5.98	19.98	25.54	23.29	51.63	1.57	39.07	11.84
6/3/2019 8:28:33 AM	4.89	1.68	5.51	0.66	0.00	0.00	0.00	0.52	12.74	99.13	5.91	11.89	2594	1679	2478	20	0	0	0	0	6771	172.78	21.30	5.74	20.05	24.10	23.05	47.23	1.58	39.08	11.85
6/3/2019 8:28:35 AM	3.89	2.04	4.11	0.69	0.00	0.00	0.00	0.54	10.74	98.99	6.04	11.11	2063	2040	1851	21	0	0	0	0	5975	172.53	17.80	5.50	19.55	20.81	22.26	38.28	1.59	39.06	11.85
6/3/2019 8:28:37 AM	2.89	2.51	2.76	0.78	0.00	0.00	0.00	0.55	8.94	98.70	6.23	10.32	1530	2510	1244	23	0	0	0	0	5307	172.02	14.66	5.45	19.73	17.71	22.20	29.76	1.61	39.02	11.85
6/3/2019 8:28:40 AM	2.77	2.74	2.32	0.82	0.00	0.00	0.00	0.50	8.66	98.57	6.36	10.46	1470	2741	1045	25	0	0	0	0	5281	171.80	13.70	5.41	20.26	16.45	22.75	27.24	1.62	39.02	11.86
6/3/2019 8:28:42 AM	2.68	2.70	2.33	0.87	0.00	0.00	0.00	0.53	8.59	98.24	6.48	10.63	1421	2703	1050	26	0	0	0	0	5200	171.23	13.88	5.55	20.20	16.72	22.70	27.46	1.63	39.02	11.86
6/3/2019 8:28:44 AM	2.42	2.98	2.37	0.63	0.00	0.00	0.00	0.49	8.40	98.33	6.63	10.45	1283	2978	1065	19	0	0	0	0	5345	171.38	13.17	5.54	20.72	15.81	22.63	25.51	1.65	38.97	11.86
6/3/2019 8:28:47 AM	2.07	3.13	2.04	0.65	0.00	0.00	0.00	0.39	7.88	97.96	6.75	10.03	1096	3128	918	19	0	0	0	0	5161	170.74	12.09	5.51	20.77	13.88	22.59	22.26	1.66	38.95	11.87
6/3/2019 8:28:49 AM	1.59	3.18	1.86	0.44	0.00	0.00	0.00	0.38	7.06	97.74	6.91	9.88	843	3177	836	13	0	0	0	0	4869	170.36	10.74	4.91	19.83	12.48	21.47	18.95	1.68	38.90	11.86
6/3/2019 8:28:52 AM	1.19	2.71	1.20	0.99	0.00	0.00	0.00	0.37	6.10	97.25	7.10	9.65	632	2710	541	30	0	0	0	0	3913	169.51	10.24	5.23	18.16	11.24	20.46	16.95	1.70	38.88	11.86
6/3/2019 8:28:54 AM	1.36	2.28	1.09	1.37	0.00	0.00	0.00	0.35	6.10	96.79	7.29	9.53	719	2278	491	41	0	0	0	0	3528	168.70	10.85	5.35	17.12	11.42	20.13	18.34	1.71	38.84	11.86
6/3/2019 8:28:56 AM	1.31	2.10	1.21	1.35	0.00	0.00	0.00	0.33	5.97	96.49	7.42	9.62	697	2101	544	40	0	0	0	0	3382	168.19	10.86	5.06	16.29	11.25	19.44	18.45	1.73	38.81	11.87
6/3/2019 8:28:59 AM	0.87	1.78	1.13	1.01	0.00	0.00	0.00	0.33	4.79	96.43	7.74	9.34	462	1784	507	30	0	0	0	0	2783	168.07	9.07	4.26	13.65	9.59	16.27	15.04	1.76	38.77	11.88
6/3/2019 8:29:01 AM	0.94	1.60	0.90	1.02	0.00	0.00	0.00	0.34	4.46	96.61	7.94	9.30	497	1603	403	31	0	0	0	0	2534	168.38	8.46	4.03	12.70	9.24	15.37	14.28	1.78	38.71	11.87
6/3/2019 8:29:04 AM	0.66	1.58	1.05	0.98	0.00	0.00	0.00	0.35	4.27	96.57	8.11	9.38	351	1576	474	29	0	0	0	0	2430	168.31	8.57	4.01	12.43	9.22	15.03	14.05	1.79	38.68	11.86
6/3/2019 8:29:06 AM	0.68	1.37	0.78	0.91	0.00	0.00	0.00	0.37	3.74	96.74	8.32	9.27	358	1370	352	27	0	0	0	0	2108	168.61	7.59	3.64	11.10	8.68	13.59	12.68	1.82	38.63	11.86
6/3/2019 8:29:08 AM	0.70	1.36	0.73	0.69	0.00	0.00	0.00	0.36	3.48	96.98	8.66	9.18	368	1363	329	21	0	0	0	0	2081	169.03	6.76	3.24	10.49	8.12	12.70	11.46	1.85	38.58	11.88
6/3/2019 8:29:11 AM	0.58	1.32	0.76	0.63	0.00	0.00	0.00	0.36	3.29	96.92	8.88	9.08	305	1324	342	19	0	0	0	0	1990	168.93	6.50	3.16	10.11	7.80	12.16	10.85	1.87	38.55	11.86
6/3/2019 8:29:13 AM	0.77	1.21	0.63	0.48	0.00	0.00	0.00	0.33	3.10	96.81	9.05	9.07	410	1208	284	14	0	0	0	0	1917	168.73	5.68	2.80	9.27	7.21	11.12	10.00	1.89	38.49	11.85
6/3/2019 8:29:15 AM	0.65	1.16	0.58	0.56	0.00	0.00	0.00	0.35	2.96	96.59	9.25	8.99	346	1164	263	17	0	0	0	0	1789	168.35	5.76	2.85	9.12	7.26	11.10	9.90	1.91	38.43	11.87
6/3/2019 8:29:18 AM	0.83	1.28	0.74	0.57	0.00	0.00	0.00	0.31	3.43	95.23	9.42	8.98	441	1284	331	17	0	0	0	0	2072	165.99	6.28	3.13	10.00	7.57	11.91	10.99	1.92	38.38	11.86
6/3/2019 8:29:20 AM	1.27	1.30	0.82	1.01	0.00	0.00	0.00	0.23	4.39	91.40	9.62	9.05	671	1296	369	30	0	0	0	0	2366	159.31	7.89	3.85	11.49	8.21	14.07	13.96	1.94	38.32	11.85
6/3/2019 8:29:23 AM	2.61	1.44	0.87	1.60	0.00	0.00	0.00	0.28	6.52	88.50	9.84	8.87	1383	1435	392	48	0	0	0	0	3259	154.26	10.92	5.09	14.71	11.91	18.20	21.60	1.96	38.25	11.85
6/3/2019 8:29:25 AM	3.09	1.35	0.34	2.53	0.00	0.00	0.00	0.72	7.30	92.28	10.12	8.74	1636	1348	152	76	0	0	0	0	3211	160.85	13.93	6.45	16.62	17.80	21.52	28.40	1.99	38.18	11.84
6/3/2019 8:29:27 AM	3.14	1.45	0.52	3.21	0.00	0.00	0.00	0.91	8.31	94.17	10.38	8.70	1665	1449	233	96	0	0	0	0	3443	164.14	17.09	7.69	18.98	21.39	24.95	33.90	2.02	38.11	11.82
