Date/Time	Green Algae	Bluegreen	Diatoms	Cryptophyta	#5	#6	#7	Yellow substances	Total conc.	Transmission	Depth	Temp. Sample	Green Algae	Bluegreen	Diatoms	Cryptophyta	#5	#6	#7	Yellow substances	Total cell count	Trans. 700 nm	LED 3 [525 nm]	LED 4 [570 nm]	LED 5 [610 nm]	LED 6 [370 nm]	LED 7 [590 nm]	LED 8 [470 nm]	Pressure	Temp. LEDs	Temp. Sensor
date	µg/l	µg/l	µg/l	µg/l	µg/l	µg/l	µg/l	r.u.	µg/l	%	m	°C	cells/ml	cells/ml	cells/ml	cells/ml	cells/ml	cells/ml	cells/ml	r.u.	cells/ml	digits	digits	digits	digits	digits	digits	digits	bar	°C	°C
5/27/2019 8:44:55 AM	2.79	0.14	1.38	0.25	0.00	0.00	0.00	0.11	4.56	99.00	0.21	24.05	1479	143	620	7	0	0	0	0	2249	172.54	6.52	1.67	6.12	7.95	8.30	16.66	1.02	41.88	13.50
5/27/2019 8:44:57 AM	1.38	0.75	1.39	0.19	0.00	0.00	0.00	0.55	3.70	98.91	0.30	24.06	730	748	625	6	0	0	0	0	2108	172.39	7.20	1.43	7.47	10.75	10.09	15.60	1.03	41.88	13.49
5/27/2019 8:45:00 AM	4.00	0.44	0.46	0.49	0.00	0.00	0.00	0.00	5.39	98.86	0.38	24.05	2118	439	208	15	0	0	0	0	2780	172.31	5.69	2.97	8.44	7.54	9.92	16.79	1.04	41.97	13.51
5/27/2019 8:45:02 AM	2.03	0.58	2.01	0.07	0.00	0.00	0.00	0.30	4.68	98.00	0.44	24.05	1077	576	903	2	0	0	0	0	2558	170.81	7.72	4.24	8.61	9.93	8.28	17.86	1.04	42.08	13.51
5/27/2019 8:45:05 AM	1.24	0.77	2.49	0.00	0.00	0.00	0.00	0.33	4.50	98.54	0.49	24.05	659	773	1120	0	0	0	0	0	2552	171.75	8.63	1.55	8.11	9.95	10.34	17.49	1.05	42.14	13.51
5/27/2019 8:45:07 AM	1.84	0.63	1.82	0.05	0.00	0.00	0.00	0.56	4.34	98.42	0.54	24.07	975	634	818	2	0	0	0	0	2428	171.54	7.91	3.05	8.13	11.99	8.97	18.45	1.05	42.21	13.52
5/27/2019 8:45:09 AM	3.72	0.64	1.08	0.00	0.00	0.00	0.00	0.24	5.44	98.80	0.57	24.09	1970	642	484	0	0	0	0	0	3096	172.20	6.31	2.51	8.85	10.05	9.31	18.43	1.06	42.28	13.55
5/27/2019 8:45:12 AM	2.36	0.48	1.77	0.00	0.00	0.00	0.00	0.39	4.61	99.00	0.61	24.09	1248	483	797	0	0	0	0	0	2529	172.55	7.46	1.86	7.50	10.66	8.72	18.24	1.06	42.36	13.55
5/27/2019 8:45:14 AM	3.30	0.26	0.83	0.74	0.00	0.00	0.00	0.28	5.13	98.20	0.63	24.10	1750	255	375	22	0	0	0	0	2402	171.16	7.55	2.79	7.90	10.38	10.40	19.41	1.06	42.43	13.57
5/27/2019 8:45:17 AM	4.11	0.01	0.00	1.09	0.00	0.00	0.00	0.13	5.21	99.06	0.67	24.13	2177	13	0	33	0	0	0	0	2223	172.65	6.57	2.62	7.34	9.04	10.56	18.63	1.07	42.48	13.56
5/27/2019 8:45:19 AM	2.59	0.60	1.78	0.04	0.00	0.00	0.00	0.26	5.01	98.65	0.71	24.11	1374	599	800	1	0	0	0	0	2774	171.94	7.43	2.75	8.29	9.90	9.32	18.24	1.07	42.56	13.57
5/27/2019 8:45:21 AM	2.27	0.53	2.21	0.00	0.00	0.00	0.00	0.21	5.02	99.09	0.73	24.13	1202	533	996	0	0	0	0	0	2732	172.71	8.02	2.57	8.42	9.50	8.70	18.48	1.07	42.61	13.60
5/27/2019 8:45:24 AM	3.34	0.50	1.58	0.05	0.00	0.00	0.00	0.22	5.47	99.77	0.78	24.13	1769	503	713	1	0	0	0	0	2987	173.89	7.28	1.92	7.99	10.07	9.79	19.41	1.08	42.69	13.61
5/27/2019 8:45:26 AM	3.55	0.59	1.35	0.00	0.00	0.00	0.00	0.19	5.49	98.25	0.81	24.11	1884	594	605	0	0	0	0	0	3083	171.25	6.76	1.37	8.33	9.70	9.86	18.67	1.08	42.74	13.59
5/27/2019 8:45:28 AM	3.00	0.45	1.43	0.29	0.00	0.00	0.00	0.29	5.18	98.25	0.82	24.11	1592	453	642	9	0	0	0	0	2696	171.25	7.57	2.95	8.26	10.43	9.66	19.26	1.08	42.80	13.57
5/27/2019 8:45:31 AM	3.82	0.53	1.12	0.43	0.00	0.00	0.00	0.16	5.91	98.52	0.84	24.12	2024	532	505	13	0	0	0	0	3074	171.72	7.60	1.72	8.69	10.11	11.67	20.20	1.08	42.87	13.61
5/27/2019 8:45:33 AM	3.37	0.28	1.61	0.00	0.00	0.00	0.00	0.34	5.27	98.16	0.90	24.11	1788	285	726	0	0	0	0	0	2798	171.09	7.47	1.08	7.50	11.15	8.42	20.32	1.09	42.91	13.61
5/27/2019 8:45:36 AM	2.91	0.62	1.35	0.44	0.00	0.00	0.00	0.29	5.31	97.64	0.93	24.08	1540	621	605	13	0	0	0	0	2780	170.19	7.95	2.69	8.97	10.55	11.11	19.30	1.09	42.97	13.62
5/27/2019 8:45:38 AM	4.21	0.53	1.12	0.59	0.00	0.00	0.00	0.05	6.46	100.00	0.95	24.08	2234	535	505	18	0	0	0	0	3292	174.35	7.93	3.48	9.94	9.78	11.67	21.23	1.09	43.03	13.62
5/27/2019 8:45:40 AM	1.81	0.63	2.68	0.00	0.00	0.00	0.00	0.26	5.12	99.61	0.97	24.09	957	631	1208	0	0	0	0	0	2796	173.61	9.08	3.00	9.10	10.26	9.10	19.51	1.09	43.11	13.64
5/27/2019 8:45:43 AM	2.55	0.48	2.03	0.29	0.00	0.00	0.00	0.22	5.36	98.70	1.00	24.11	1352	484	913	9	0	0	0	0	2758	172.04	8.68	1.92	8.11	10.19	10.74	19.97	1.10	43.14	13.65
5/27/2019 8:45:45 AM	3.55	0.65	1.88	0.00	0.00	0.00	0.00	0.16	6.09	99.10	1.04	24.11	1881	652	848	0	0	0	0	0	3381	172.72	8.01	1.93	9.39	10.34	10.33	20.79	1.10	43.20	13.66
5/27/2019 8:45:47 AM	3.45	0.71	1.84	0.00	0.00	0.00	0.00	0.14	5.99	98.66	1.06	24.10	1826	708	828	0	0	0	0	0	3362	171.96	7.78	2.01	9.08	9.91	10.84	20.10	1.10	43.27	13.66
5/27/2019 8:45:50 AM	2.76	0.64	2.25	0.00	0.00	0.00	0.00	0.19	5.66	98.45	1.11	24.09	1465	644	1012	0	0	0	0	0	3121	171.59	8.41	2.44	8.79	10.12	10.26	20.10	1.11	43.31	13.66
5/27/2019 8:45:52 AM	2.63	0.63	1.84	0.43	0.00	0.00	0.00	0.28	5.53	98.80	1.15	24.09	1396	626	829	13	0	0	0	0	2864	172.21	8.97	2.57	9.13	10.96	11.57	20.55	1.11	43.36	13.67
5/27/2019 8:45:55 AM	3.50	0.89	0.97	0.00	0.00	0.00	0.00	0.37	5.36	99.61	1.21	24.09	1855	890	435	0	0	0	0	0	3180	173.62	6.50	2.19	9.71	11.02	10.24	18.35	1.12	43.42	13.66
5/27/2019 8:45:57 AM	2.71	0.55	2.60	0.00	0.00	0.00	0.00	0.02	5.86	98.26	1.27	24.08	1434	554	1170	0	0	0	0	0	3159	171.27	8.78	2.20	9.13	8.90	9.61	20.11	1.12	43.47	13.68
5/27/2019 8:45:59 AM	3.79	0.54	1.09	0.17	0.00	0.00	0.00	0.24	5.60	97.35	1.29	24.04	2008	544	492	5	0	0	0	0	3050	169.68	6.83	2.77	8.67	10.42	9.88	19.48	1.13	43.51	13.68
5/27/2019 8:46:02 AM	2.96	0.28	1.76	0.00	0.00	0.00	0.00	0.29	5.01	98.55	1.31	24.03	1571	281	794	0	0	0	0	0	2645	171.76	7.49	0.52	6.92	10.37	8.66	19.32	1.13	43.56	13.68
5/27/2019 8:46:04 AM	4.52	0.35	0.83	0.42	0.00	0.00	0.00	0.12	6.12	98.94	1.34	24.04	2395	351	373	13	0	0	0	0	3132	172.44	7.03	1.44	8.10	10.01	11.17	20.72	1.13	43.60	13.67
5/27/2019 8:46:07 AM	2.63	0.49	2.55	0.00	0.00	0.00	0.00	0.12	5.67	98.87	1.37	24.08	1397	485	1146	0	0	0	0	0	3028	172.32	8.83	2.22	8.91	9.69	9.09	20.42	1.13	43.66	13.69
5/27/2019 8:46:09 AM	4.52	0.66	1.28	0.00	0.00	0.00	0.00	0.11	6.46	99.10	1.39	24.08	2396	656	576	0	0	0	0	0	3628	172.72	7.01	1.73	9.63	10.13	10.44	20.81	1.14	43.69	13.70
5/27/2019 8:46:11 AM	3.39	0.59	2.05	0.14	0.00	0.00	0.00	0.07	6.17	98.35	1.43	24.09	1796	594	924	4	0	0	0	0	3318	171.43	8.35	2.99	9.33	9.62	10.57	20.84	1.14	43.75	13.71
5/27/2019 8:46:14 AM	3.89	0.38	1.30	0.42	0.00	0.00	0.00	0.24	5.99	98.67	1.46	24.10	2062	376	584	13	0	0	0	0	3035	171.97	8.09	2.18	8.44	11.22	11.00	21.76	1.14	43.80	13.70
5/27/2019 8:46:16 AM	4.60	0.27	0.54	0.86	0.00	0.00	0.00	0.12	6.27	98.82	1.49	24.09	2438	268	243	26	0	0	0	0	2974	172.24	7.63	2.63	8.82	10.33	11.83	21.57	1.15	43.83	13.72
5/27/2019 8:46:18 AM	3.40	0.00	0.69	1.06	0.00	0.00	0.00	0.21	5.15	98.01	1.53	24.09	1803	0	310	32	0	0	0	0	2145	170.82	7.85	3.41	7.45	9.91	10.30	19.90	1.15	43.87	13.74
5/27/2019 8:46:21 AM	3.83	0.00	0.67	1.20	0.00	0.00	0.00	0.08	5.69	98.83	1.56	24.09	2028	0	301	36	0	0	0	0	2365	172.25	8.14	3.65	8.13	9.38	11.03	20.71	1.15	43.92	13.72
5/27/2019 8:46:23 AM	3.79	0.60	1.72	0.00	0.00	0.00	0.00	0.29	6.11	99.02	1.59	24.09	2010	602	773	0	0	0	0	0	3385	172.59	7.98	2.38	9.07	11.68	10.35	21.86	1.16	43.96	13.74
5/27/2019 8:46:26 AM	3.73	0.19	0.97	0.84	0.00	0.00	0.00	0.18	5.73	99.11	1.61	24.08	1977	186	436	25	0	0	0	0	2625	172.73	8.16	2.77	8.21	10.32	11.08	21.02	1.16	44.00	13.74
5/27/2019 8:46:28 AM	3.90	0.75	1.22	0.03	0.00	0.00	0.00	0.34	5.91	98.36	1.64	24.07	2067	754	551	1	0	0	0	0	3373	171.43	7.29	1.47	9.00	11.70	11.34	20.66	1.16	44.05	13.77
5/27/2019 8:46:30 AM	5.00	0.53	1.28	0.00	0.00	0.00	0.00	0.08	6.81	98.88	1.71	24.08	2652	529	577	0	0	0	0	0	3758	172.33	7.02	2.84	9.69	10.43	9.86	22.09	1.17	44.09	13.75
5/27/2019 8:46:33 AM	3.98	0.30	0.75	0.76	0.00	0.00	0.00	0.24	5.79	97.72	1.74	24.06	2111	297	339	23	0	0	0	0	2769	170.32	7.86	1.60	8.09	10.89	11.91	21.08	1.17	44.14	13.77
5/27/2019 8:46:35 AM	3.98	0.58	1.58	0.00	0.00	0.00	0.00	0.21	6.15	98.79	1.77	24.01	2112	583	712	0	0	0	0	0	3406	172.19	7.59	2.45	9.43	10.94	9.72	21.26	1.17	44.15	13.77
5/27/2019 8:46:38 AM	4.48	0.07	0.14	0.99	0.00	0.00	0.00	0.26	5.68	98.97	1.79	24.01	2374	74	62	30	0	0	0	0	2540	172.50	7.18	2.93	7.98	10.99	10.82	21.04	1.18	44.21	13.78
5/27/2019 8:46:40 AM	4.16	0.55	1.43	0.00	0.00	0.00	0.00	0.19	6.14	98.58	1.83	24.03	2205	552	643	0	0	0	0	0	3400	171.82	7.25	1.44	8.55	10.60	10.48	20.92	1.18	44.26	13.77
5/27/2019 8:46:42 AM	4.02	0.34	0.37	0.99	0.00	0.00	0.00	0.18	5.72	98.59	1.84	24.04	2129	341	167	30	0	0	0	0	2667	171.84	7.51	2.80	8.85	10.11	12.00	20.05	1.18	44.27	13.78
5/27/2019 8:46:45 AM	3.35	0.78	1.89	0.00	0.00	0.00	0.00	0.23	6.03	98.36	1.86	24.04	1778	783	851	0	0	0	0	0	3411	171.43	8.12	2.59	9.70	10.85	10.83	20.77	1.18	44.32	13.79
5/27/2019 8:46:47 AM	3.38	0.61	1.65	0.27	0.00	0.00	0.00	0.18	5.90	98.43	1.92	24.03	1790	606	744	8	0	0	0	0	3147	171.56	8.13	2.72	9.20	10.38	10.95	20.57	1.19	44.34	13.80
5/27/2019 8:46:49 AM	2.84	0.56	1.97	0.04	0.00	0.00	0.00	0.25	5.42	98.50	1.99	24.01	1508	560	887	1	0	0	0	0	2956	171.68	8.05	1.55	8.01	10.36	10.33	19.76	1.20	44.39	13.80
5/27/2019 8:46:52 AM	2.32	0.63	2.06	0.00	0.00	0.00	0.00	0.45	5.01	98.03	2.03	23.98	1231	629	927	0	0	0	0	0	2787	170.85	8.51	0.55	8.00	11.80	10.40	19.92	1.20	44.43	13.79
5/27/2019 8:46:54 AM	3.72	0.33	1.00	0.68	0.00	0.00	0.00	0.25	5.74	98.69	2.06	23.98	1971	332	452	20	0	0	0	0	2775	172.01	8.02	3.18	8.73	10.97	10.87	21.09	1.20	44.46	13.82
5/27/2019 8:46:57 AM	5.56	0.16	0.00	1.06	0.00	0.00	0.00	0.00	6.77	98.62	2.08	23.96	2947	155	0	32	0	0	0	0	3135	171.89	6.76	3.37	8.91	9.77	12.31	22.20	1.20	44.52	13.81
5/27/2019 8:46:59 AM	3.79	0.74	1.76	0.00	0.00	0.00	0.00	0.09	6.28	97.48	2.12	23.86	2010	735	790	0	0	0	0	0	3535	169.90	7.60	3.42	9.92	9.82	10.33	20.48	1.21	44.54	13.82
5/27/2019 8:47:01 AM	3.19	0.93	2.20	0.00	0.00	0.00	0.00	0.31	6.31	99.27	2.15	23.71	1690	929	989	0	0	0	0	0	3607	173.02	9.22	0.98	9.94	12.09	12.67	22.31	1.21	44.57	13.84
5/27/2019 8:47:04 AM	5.25	0.32	0.00	0.88	0.00	0.00	0.00	0.16	6.46	97.94	2.17	23.30	2782	324	0	26	0	0	0	0	3133	170.71	6.77	3.40	9.33	10.81	11.82	21.69	1.21	44.59	13.84
5/27/2019 8:47:06 AM	3.16	1.05	1.56	0.31	0.00	0.00	0.00	0.29	6.08	98.48	2.19	22.77	1672	1050	703	9	0	0	0	0	3435	171.64	8.58	2.93	10.98	11.38	12.92	20.64	1.21	44.61	13.85
5/27/2019 8:47:08 AM	3.23	1.10	2.34	0.00	0.00	0.00	0.00	0.04	6.67	98.93	2.21	22.61	1714	1098	1052	0	0	0	0	0	3864	172.43	8.92	2.25	10.99	9.74	12.96	20.95	1.22	44.65	13.84
5/27/2019 8:47:11 AM	3.88	0.66	0.93	0.66	0.00	0.00	0.00	0.26	6.12	98.29	2.24	22.74	2054	660	416	20	0	0	0	0	3150	171.32	8.11	3.77	10.34	11.31	12.02	21.28	1.22	44.69	13.85
5/27/2019 8:47:13 AM	3.61	0.84	1.01	0.74	0.00	0.00	0.00	0.24	6.20	98.18	2.26	22.80	1915	842	453	22	0	0	0	0	3232	171.13	8.58	3.22	10.88	11.22	13.47	21.13	1.22	44.72	13.84
5/27/2019 8:47:16 AM	5.16	0.78	0.22	0.84	0.00	0.00	0.00	0.16	7.00	98.18	2.28	22.80	2734	779	101	25	0	0	0	0	3638	171.13	7.69	2.81	11.16	11.38	14.20	22.42	1.22	44.73	13.85
5/27/2019 8:47:18 AM	3.77	0.82	0.00	1.56	0.00	0.00	0.00	0.32	6.16	97.78	2.31	22.66	2000	823	0	47	0	0	0	0	2871	170.42	8.73	4.68	11.85	12.01	15.64	21.46	1.23	44.77	13.85
5/27/2019 8:47:20 AM	3.07	1.78	2.22	0.00	0.00	0.00	0.00	0.20	7.07	98.04	2.33	22.50	1626	1783	997	0	0	0	0	0	4406	170.88	9.49	3.49	14.39	11.44	15.02	21.37	1.23	44.79	13.84
5/27/2019 8:47:23 AM	1.64	2.14	2.54	0.00	0.00	0.00	0.00	0.55	6.32	97.96	2.39	22.30	867	2138	1145	0	0	0	0	0	4150	170.75	10.67	3.67	15.20	13.92	16.02	21.23	1.23	44.80	13.87
5/27/2019 8:47:25 AM	3.50	2.21	1.01	0.30	0.00	0.00	0.00	0.40	7.03	97.21	2.40	22.01	1855	2211	456	9	0	0	0	0	4531	169.43	8.68	3.69	15.91	12.90	17.62	20.55	1.24	44.85	13.87
5/27/2019 8:47:28 AM	4.49	1.66	0.07	0.92	0.00	0.00	0.00	0.38	7.14	97.76	2.45	22.26	2381	1664	29	28	0	0	0	0	4103	170.39	8.39	4.77	15.15	13.24	16.98	21.99	1.24	44.85	13.87
5/27/2019 8:47:30 AM	3.66	2.04	1.27	0.16	0.00	0.00	0.00	0.39	7.14	98.42	2.49	22.26	1942	2044	573	5	0	0	0	0	4563	171.54	8.83	2.92	15.00	13.14	17.09	21.49	1.24	44.87	13.89
5/27/2019 8:47:32 AM	3.47	2.28	1.93	0.00	0.00	0.00	0.00	0.35	7.68	98.04	2.56	21.86	1840	2275	869	0	0	0	0	0	4985	170.87	9.92	3.54	17.16	13.46	16.83	22.79	1.25	44.90	13.88
5/27/2019 8:47:35 AM	3.84	1.89	2.10	0.00	0.00	0.00	0.00	0.33	7.83	97.73	2.60	21.52	2036	1890	945	0	0	0	0	0	4871	170.34	10.09	4.23	15.69	13.86	15.77	24.50	1.25	44.94	13.89
5/27/2019 8:47:37 AM	3.78	1.22	2.81	0.03	0.00	0.00	0.00	0.16	7.85	97.56	2.64	21.19	2004	1222	1266	1	0	0	0	0	4493	170.05	10.85	3.73	13.01	12.78	14.10	25.99	1.26	44.94	13.91
5/27/2019 8:47:39 AM	3.94	1.40	1.90	0.31	0.00	0.00	0.00	0.45	7.55	97.54	2.67	21.07	2086	1404	854	9	0	0	0	0	4354	170.01	10.58	3.43	13.59	15.02	15.64	26.08	1.26	44.98	13.90
5/27/2019 8:47:42 AM	4.68	1.12	1.40	0.53	0.00	0.00	0.00	0.35	7.72	97.73	2.70	21.16	2479	1120	629	16	0	0	0	0	4244	170.34	9.95	3.92	13.11	14.31	14.95	26.25	1.26	44.98	13.90
5/27/2019 8:47:44 AM	3.83	1.07	2.68	0.08	0.00	0.00	0.00	0.24	7.65	97.74	2.74	21.26	2030	1065	1204	2	0	0	0	0	4302	170.35	10.81	2.77	12.00	13.32	14.05	26.28	1.27	45.00	13.90
5/27/2019 8:47:47 AM	4.97	1.01	1.75	0.26	0.00	0.00	0.00	0.34	7.99	98.47	2.80	21.36	2635	1013	785	8	0	0	0	0	4442	171.63	10.03	3.44	12.53	14.74	14.19	27.49	1.27	45.02	13.90
5/27/2019 8:47:49 AM	6.01	0.31	0.86	0.78	0.00	0.00	0.00	0.22	7.96	98.22	2.83	21.00	3185	314	389	23	0	0	0	0	3911	171.19	9.31	2.67	10.29	13.84	13.48	28.01	1.28	45.03	13.92
5/27/2019 8:47:51 AM	3.89	0.12	2.29	0.34	0.00	0.00	0.00	0.45	6.64	98.65	2.87	20.24	2061	121	1031	10	0	0	0	0	3224	171.93	10.50	2.96	8.44	14.75	10.43	27.37	1.28	45.03	13.93
5/27/2019 8:47:54 AM	3.80	0.00	3.12	0.19	0.00	0.00	0.00	0.23	7.11	98.57	2.90	19.78	2013	0	1403	6	0	0	0	0	3421	171.80	11.15	3.91	7.98	13.33	9.77	28.36	1.28	45.05	13.93
5/27/2019 8:47:56 AM	4.20	0.25	2.45	0.00	0.00	0.00	0.00	0.46	6.90	98.88	2.94	19.20	2228	246	1100	0	0	0	0	0	3575	172.34	10.27	1.51	8.93	15.06	9.95	27.69	1.29	45.05	13.92
5/27/2019 8:47:58 AM	5.39	0.09	2.05	0.00	0.00	0.00	0.00	0.35	7.54	98.47	2.99	18.15	2858	94	923	0	0	0	0	0	3874	171.63	9.48	2.23	8.48	14.75	9.98	28.77	1.29	45.07	13.94
5/27/2019 8:48:01 AM	4.32	0.19	2.24	0.24	0.00	0.00	0.00	0.39	6.98	98.58	3.01	17.82	2291	187	1006	7	0	0	0	0	3491	171.82	10.27	1.81	8.35	14.51	11.22	27.61	1.30	45.05	13.94
5/27/2019 8:48:03 AM	5.37	0.09	1.86	0.00	0.00	0.00	0.00	0.40	7.33	98.08	3.04	18.39	2847	91	838	0	0	0	0	0	3776	170.95	9.16	1.89	8.16	14.91	9.96	28.28	1.30	45.07	13.94
5/27/2019 8:48:06 AM	5.00	0.02	2.02	0.10	0.00	0.00	0.00	0.42	7.14	98.10	3.07	18.35	2648	21	909	3	0	0	0	0	3582	170.99	9.59	2.39	8.00	14.97	9.78	28.33	1.30	45.07	13.94
5/27/2019 8:48:08 AM	4.13	0.00	2.59	0.14	0.00	0.00	0.00	0.34	6.85	98.51	3.11	17.79	2188	0	1165	4	0	0	0	0	3357	171.70	10.21	2.71	6.92	13.86	10.07	27.79	1.30	45.09	13.95
5/27/2019 8:48:10 AM	4.77	0.16	2.58	0.00	0.00	0.00	0.00	0.22	7.51	98.76	3.16	17.52	2530	159	1160	0	0	0	0	0	3849	172.13	10.15	1.66	8.51	13.52	10.58	28.11	1.31	45.07	13.93
5/27/2019 8:48:13 AM	4.17	0.06	2.08	0.36	0.00	0.00	0.00	0.37	6.67	98.73	3.25	17.50	2210	58	938	11	0	0	0	0	3217	172.08	10.03	2.10	7.90	13.92	10.66	26.78	1.32	45.08	13.94
5/27/2019 8:48:15 AM	4.98	0.00	2.14	0.06	0.00	0.00	0.00	0.35	7.18	98.59	3.31	17.00	2638	0	963	2	0	0	0	0	3603	171.83	9.57	1.74	7.37	14.35	10.13	28.17	1.32	45.05	13.95
5/27/2019 8:48:18 AM	4.92	0.04	2.41	0.00	0.00	0.00	0.00	0.31	7.38	98.15	3.35	16.69	2608	42	1085	0	0	0	0	0	3736	171.08	9.98	2.01	8.65	14.26	9.30	28.50	1.33	45.05	13.96
5/27/2019 8:48:20 AM	4.73	0.07	2.58	0.00	0.00	0.00	0.00	0.38	7.39	98.82	3.38	17.27	2508	75	1160	0	0	0	0	0	3744	172.25	10.47	1.71	8.20	15.04	10.26	29.24	1.33	45.04	13.94
5/27/2019 8:48:22 AM	4.26	0.00	2.69	0.16	0.00	0.00	0.00	0.31	7.11	98.79	3.40	17.72	2255	0	1212	5	0	0	0	0	3472	172.19	10.56	3.19	7.82	13.99	9.87	28.40	1.33	45.03	13.95
5/27/2019 8:48:25 AM	3.93	0.00	2.72	0.16	0.00	0.00	0.00	0.32	6.81	98.49	3.44	17.87	2081	0	1222	5	0	0	0	0	3308	171.66	10.41	3.57	7.55	13.69	9.50	27.60	1.34	45.01	13.96
5/27/2019 8:48:27 AM	3.59	0.00	2.86	0.16	0.00	0.00	0.00	0.39	6.61	98.35	3.46	17.81	1902	0	1289	5	0	0	0	0	3196	171.42	10.76	2.85	7.13	14.12	9.83	27.67	1.34	45.00	13.95
5/27/2019 8:48:29 AM	4.53	0.00	2.44	0.00	0.00	0.00	0.00	0.25	6.97	98.32	3.48	17.63	2403	0	1098	0	0	0	0	0	3501	171.37	9.39	3.04	7.14	12.97	9.01	27.13	1.34	44.98	13.97
5/27/2019 8:48:32 AM	3.38	0.00	1.92	0.53	0.00	0.00	0.00	0.53	5.84	98.53	3.51	17.79	1792	0	864	16	0	0	0	0	2672	171.73	9.91	3.19	6.91	14.31	10.16	25.67	1.34	44.98	13.99
5/27/2019 8:48:34 AM	4.38	0.00	2.33	0.31	0.00	0.00	0.00	0.24	7.01	98.40	3.53	17.85	2319	0	1047	9	0	0	0	0	3375	171.50	10.03	2.72	7.22	13.08	10.67	27.40	1.35	44.96	13.95
5/27/2019 8:48:37 AM	5.20	0.00	2.24	0.03	0.00	0.00	0.00	0.24	7.47	98.80	3.56	17.54	2757	0	1007	1	0	0	0	0	3766	172.19	9.52	2.31	7.95	13.67	9.78	28.23	1.35	44.96	13.97
5/27/2019 8:48:39 AM	4.49	0.00	2.46	0.05	0.00	0.00	0.00	0.35	7.00	98.62	3.56	17.47	2382	0	1107	1	0	0	0	0	3491	171.89	9.88	2.46	6.88	14.13	9.95	28.09	1.35	44.94	13.99
5/27/2019 8:48:41 AM	4.71	0.00	2.75	0.00	0.00	0.00	0.00	0.23	7.46	98.36	3.58	17.42	2494	0	1237	0	0	0	0	0	3732	171.44	10.32	1.68	7.33	13.56	10.09	28.87	1.35	44.92	13.98
5/27/2019 8:48:44 AM	3.85	0.00	2.98	0.12	0.00	0.00	0.00	0.32	6.94	98.83	3.61	17.20	2038	0	1340	4	0	0	0	0	3381	172.26	10.85	2.68	6.72	13.84	10.39	28.40	1.35	44.90	13.95
5/27/2019 8:48:46 AM	4.44	0.00	1.96	0.37	0.00	0.00	0.00	0.35	6.77	98.70	3.63	16.95	2354	0	882	11	0	0	0	0	3248	172.04	9.78	2.45	7.90	13.81	10.29	26.92	1.36	44.87	13.98
5/27/2019 8:48:49 AM	3.56	0.00	2.98	0.05	0.00	0.00	0.00	0.35	6.59	98.20	3.65	16.90	1887	0	1340	1	0	0	0	0	3228	171.16	10.63	2.68	7.27	13.76	9.33	27.25	1.36	44.85	13.97
5/27/2019 8:48:51 AM	3.36	0.01	2.52	0.42	0.00	0.00	0.00	0.35	6.30	98.46	3.67	16.95	1778	6	1134	13	0	0	0	0	2931	171.61	10.67	2.45	7.66	13.39	10.31	26.18	1.36	44.80	13.98
5/27/2019 8:48:53 AM	3.89	0.14	2.87	0.00	0.00	0.00	0.00	0.29	6.89	98.27	3.73	16.74	2060	139	1289	0	0	0	0	0	3488	171.28	10.49	1.49	8.00	13.42	10.13	27.07	1.37	44.79	13.97
5/27/2019 8:48:56 AM	3.20	0.33	3.41	0.00	0.00	0.00	0.00	0.30	6.94	98.35	3.81	15.56	1696	330	1534	0	0	0	0	0	3560	171.43	11.47	3.16	9.21	13.68	10.33	27.43	1.37	44.76	13.96
5/27/2019 8:48:58 AM	2.97	0.03	3.22	0.38	0.00	0.00	0.00	0.36	6.60	98.20	3.81	14.56	1575	31	1449	11	0	0	0	0	3066	171.16	12.01	2.97	8.17	14.11	10.49	27.93	1.37	44.74	13.95
5/27/2019 8:49:00 AM	4.91	0.00	1.96	0.73	0.00	0.00	0.00	0.21	7.60	98.13	3.87	14.57	2602	0	882	22	0	0	0	0	3507	171.03	10.77	3.24	8.94	13.66	11.98	28.93	1.38	44.70	13.98
5/27/2019 8:49:03 AM	4.82	0.00	2.27	0.73	0.00	0.00	0.00	0.24	7.82	98.80	3.95	14.37	2556	0	1021	22	0	0	0	0	3598	172.21	11.59	2.90	9.06	14.41	12.54	30.28	1.39	44.67	13.95
5/27/2019 8:49:05 AM	4.27	0.00	2.40	0.94	0.00	0.00	0.00	0.35	7.60	98.16	3.99	14.13	2261	0	1078	28	0	0	0	0	3367	171.08	12.56	2.67	9.17	15.37	13.33	30.84	1.39	44.63	13.95
5/27/2019 8:49:08 AM	5.53	0.04	2.40	0.84	0.00	0.00	0.00	0.20	8.80	98.10	4.03	14.56	2929	39	1078	25	0	0	0	0	4072	170.99	12.64	2.73	10.19	15.46	14.03	33.24	1.39	44.59	13.95
5/27/2019 8:49:10 AM	4.91	0.04	2.87	0.80	0.00	0.00	0.00	0.26	8.62	98.39	4.06	14.98	2600	44	1293	24	0	0	0	0	3962	171.49	13.41	3.14	10.22	15.92	13.71	33.61	1.40	44.54	13.95
5/27/2019 8:49:12 AM	4.48	0.13	3.27	0.71	0.00	0.00	0.00	0.28	8.60	98.28	4.09	14.85	2375	126	1474	21	0	0	0	0	3996	171.29	13.99	3.11	10.41	16.16	13.89	33.87	1.40	44.52	13.96
5/27/2019 8:49:15 AM	4.49	0.03	3.34	1.50	0.00	0.00	0.00	0.22	9.36	98.16	4.12	14.75	2380	28	1503	45	0	0	0	0	3956	171.08	16.37	4.37	11.95	16.96	16.48	37.12	1.40	44.47	13.93
5/27/2019 8:49:17 AM	4.93	0.00	3.45	1.19	0.00	0.00	0.00	0.31	9.57	97.96	4.14	14.98	2611	0	1554	36	0	0	0	0	4200	170.75	16.04	4.82	11.69	18.06	15.34	38.36	1.41	44.43	13.94
5/27/2019 8:49:19 AM	4.39	0.17	3.64	1.00	0.00	0.00	0.00	0.36	9.20	98.05	4.17	15.30	2324	169	1640	30	0	0	0	0	4163	170.89	15.92	4.49	11.91	18.03	15.11	37.11	1.41	44.39	13.94
5/27/2019 8:49:22 AM	5.07	0.00	3.36	1.47	0.00	0.00	0.00	0.26	9.89	97.63	4.21	15.16	2685	0	1511	44	0	0	0	0	4240	170.16	16.66	4.95	12.14	18.10	16.62	39.27	1.41	44.32	13.93
5/27/2019 8:49:24 AM	6.01	0.00	3.41	1.79	0.00	0.00	0.00	0.20	11.21	97.88	4.25	15.09	3188	0	1534	54	0	0	0	0	4775	170.60	18.23	5.80	14.11	19.57	18.41	43.45	1.42	44.30	13.93
5/27/2019 8:49:27 AM	6.32	0.00	4.52	2.39	0.00	0.00	0.00	0.24	13.23	97.76	4.29	15.07	3348	0	2036	72	0	0	0	0	5455	170.39	23.03	6.93	16.44	23.29	22.62	52.34	1.42	44.25	13.92
5/27/2019 8:49:29 AM	7.33	0.07	5.12	2.69	0.00	0.00	0.00	0.10	15.21	97.41	4.33	15.05	3887	66	2302	81	0	0	0	0	6336	169.78	25.72	7.92	19.28	24.93	25.19	58.34	1.42	44.21	13.91
5/27/2019 8:49:31 AM	7.61	0.00	4.62	2.52	0.00	0.00	0.00	0.12	14.76	97.69	4.37	15.03	4035	0	2081	76	0	0	0	0	6192	170.27	24.17	7.31	18.12	24.34	24.14	56.52	1.43	44.15	13.91
5/27/2019 8:49:34 AM	6.94	0.00	5.13	2.57	0.00	0.00	0.00	0.15	14.64	97.43	4.44	14.46	3679	0	2308	77	0	0	0	0	6064	169.82	25.20	7.55	18.13	24.68	24.33	57.08	1.43	44.10	13.91
5/27/2019 8:49:36 AM	7.27	0.00	5.75	2.72	0.00	0.00	0.00	0.16	15.73	97.40	4.49	13.49	3851	0	2587	81	0	0	0	0	6519	169.77	27.24	8.33	18.43	26.44	26.29	61.80	1.44	44.06	13.91
5/27/2019 8:49:39 AM	7.27	0.00	5.77	2.72	0.00	0.00	0.00	0.23	15.75	97.33	4.52	13.67	3854	0	2594	82	0	0	0	0	6530	169.64	27.58	8.04	19.31	27.24	26.04	62.21	1.44	44.01	13.91
5/27/2019 8:49:41 AM	8.04	0.00	5.70	2.56	0.00	0.00	0.00	0.21	16.30	97.36	4.57	14.53	4262	0	2566	77	0	0	0	0	6905	169.69	27.30	7.84	19.12	27.69	26.22	63.61	1.45	43.93	13.91
5/27/2019 8:49:43 AM	7.98	0.00	5.90	2.54	0.00	0.00	0.00	0.09	16.42	97.53	4.60	14.88	4228	0	2655	76	0	0	0	0	6959	169.98	27.42	7.55	19.26	26.78	26.30	63.26	1.45	43.90	13.89
5/27/2019 8:49:46 AM	8.11	0.00	5.71	2.64	0.00	0.00	0.00	0.13	16.46	97.32	4.65	14.88	4299	0	2568	79	0	0	0	0	6947	169.62	27.39	8.21	19.41	27.16	26.43	63.62	1.46	43.84	13.89
5/27/2019 8:49:48 AM	7.74	0.00	6.08	2.52	0.00	0.00	0.00	0.16	16.34	97.52	4.72	14.81	4102	0	2735	76	0	0	0	0	6912	169.97	27.74	7.77	18.65	27.35	26.49	63.88	1.46	43.80	13.88
5/27/2019 8:49:50 AM	7.69	0.00	5.95	2.12	0.00	0.00	0.00	0.26	15.76	97.34	4.76	14.14	4074	0	2679	64	0	0	0	0	6816	169.66	26.43	7.38	18.09	27.36	24.45	62.06	1.47	43.71	13.89
5/27/2019 8:49:53 AM	7.32	0.00	5.65	2.20	0.00	0.00	0.00	0.23	15.17	97.40	4.82	13.71	3878	0	2543	66	0	0	0	0	6488	169.77	25.74	7.16	18.06	26.22	23.95	59.58	1.47	43.68	13.87
5/27/2019 8:49:55 AM	7.12	0.00	5.19	2.16	0.00	0.00	0.00	0.29	14.47	97.36	4.86	13.77	3776	0	2333	65	0	0	0	0	6174	169.69	24.57	6.76	17.40	25.75	23.21	57.23	1.48	43.62	13.87
5/27/2019 8:49:58 AM	6.39	0.06	5.42	2.15	0.00	0.00	0.00	0.31	14.02	97.07	4.90	13.84	3386	64	2437	64	0	0	0	0	5951	169.19	24.77	6.71	17.42	25.35	23.01	55.98	1.48	43.56	13.86
5/27/2019 8:50:00 AM	6.58	0.10	5.16	1.83	0.00	0.00	0.00	0.37	13.67	97.01	4.92	13.87	3486	104	2320	55	0	0	0	0	5965	169.09	23.42	6.66	16.95	25.26	21.59	54.53	1.48	43.50	13.85
5/27/2019 8:50:02 AM	7.03	0.03	5.44	1.76	0.00	0.00	0.00	0.26	14.27	97.29	4.95	13.95	3726	29	2449	53	0	0	0	0	6258	169.57	23.82	6.60	17.05	25.08	21.66	56.03	1.49	43.42	13.85
5/27/2019 8:50:05 AM	7.79	0.00	4.80	2.02	0.00	0.00	0.00	0.26	14.61	97.09	4.98	13.95	4130	0	2159	61	0	0	0	0	6350	169.23	23.49	6.62	17.16	25.49	22.75	56.85	1.49	43.36	13.84
5/27/2019 8:50:07 AM	7.23	0.00	4.96	1.95	0.00	0.00	0.00	0.29	14.14	97.03	5.00	13.72	3833	0	2231	58	0	0	0	0	6123	169.11	23.37	7.10	17.19	25.13	21.68	55.57	1.49	43.31	13.83
5/27/2019 8:50:10 AM	6.49	0.23	5.34	1.46	0.00	0.00	0.00	0.32	13.52	97.01	5.03	13.50	3439	227	2405	44	0	0	0	0	6116	169.08	22.66	5.97	16.60	24.42	20.95	53.12	1.49	43.24	13.84
5/27/2019 8:50:12 AM	5.91	0.30	5.55	1.38	0.00	0.00	0.00	0.34	13.14	97.24	5.07	13.38	3133	304	2497	41	0	0	0	0	5975	169.49	22.64	5.94	16.48	24.00	20.67	51.92	1.50	43.17	13.82
5/27/2019 8:50:14 AM	6.63	0.28	5.02	1.54	0.00	0.00	0.00	0.34	13.47	96.74	5.13	13.24	3516	280	2258	46	0	0	0	0	6100	168.61	22.32	5.72	16.71	24.42	21.44	52.65	1.50	43.11	13.82
5/27/2019 8:50:17 AM	6.29	0.58	5.00	1.25	0.00	0.00	0.00	0.36	13.12	96.85	5.20	12.85	3332	580	2251	37	0	0	0	0	6201	168.81	21.42	6.14	17.32	23.84	20.89	50.45	1.51	43.05	13.80
5/27/2019 8:50:19 AM	5.45	0.62	5.00	1.23	0.00	0.00	0.00	0.44	12.30	96.86	5.25	12.93	2888	618	2249	37	0	0	0	0	5792	168.82	21.14	5.28	16.47	23.43	20.77	48.31	1.51	42.98	13.80
5/27/2019 8:50:21 AM	4.80	1.06	5.38	0.57	0.00	0.00	0.00	0.46	11.82	96.82	5.29	13.38	2546	1059	2423	17	0	0	0	0	6045	168.75	19.99	5.32	16.96	22.57	19.61	45.34	1.52	42.91	13.78
5/27/2019 8:50:24 AM	5.03	0.97	4.39	1.00	0.00	0.00	0.00	0.49	11.39	96.72	5.32	13.64	2664	967	1977	30	0	0	0	0	5638	168.58	19.12	5.35	16.72	22.16	20.13	43.80	1.52	42.85	13.79
5/27/2019 8:50:26 AM	4.53	1.23	5.03	0.55	0.00	0.00	0.00	0.52	11.34	96.34	5.36	13.49	2399	1228	2265	17	0	0	0	0	5909	167.92	19.25	5.13	17.07	22.31	19.77	43.39	1.52	42.78	13.78
5/27/2019 8:50:29 AM	5.13	1.17	4.42	0.70	0.00	0.00	0.00	0.48	11.41	96.67	5.39	12.99	2718	1166	1989	21	0	0	0	0	5894	168.49	18.41	5.19	17.04	21.84	19.84	42.87	1.53	42.70	13.78
5/27/2019 8:50:31 AM	5.22	1.10	4.11	0.95	0.00	0.00	0.00	0.52	11.39	96.64	5.42	12.82	2766	1104	1851	29	0	0	0	0	5749	168.44	18.57	5.54	17.19	22.24	20.25	43.21	1.53	42.63	13.76
5/27/2019 8:50:33 AM	5.59	1.06	4.37	0.88	0.00	0.00	0.00	0.49	11.90	96.35	5.46	12.88	2960	1061	1967	26	0	0	0	0	6014	167.93	19.10	5.23	17.26	22.76	20.57	44.98	1.53	42.57	13.74
5/27/2019 8:50:36 AM	5.31	1.09	4.08	1.03	0.00	0.00	0.00	0.48	11.51	96.27	5.50	12.87	2812	1088	1837	31	0	0	0	0	5768	167.79	18.68	5.78	17.40	22.08	20.44	43.42	1.54	42.48	13.74
5/27/2019 8:50:38 AM	4.71	1.35	4.30	0.81	0.00	0.00	0.00	0.53	11.17	96.60	5.54	12.87	2497	1354	1933	24	0	0	0	0	5809	168.37	18.51	5.38	17.67	21.91	20.64	41.96	1.54	42.43	13.74
5/27/2019 8:50:40 AM	4.16	1.38	4.72	0.75	0.00	0.00	0.00	0.54	11.02	96.53	5.59	12.97	2205	1385	2126	22	0	0	0	0	5738	168.25	19.05	5.78	17.78	21.88	20.33	41.89	1.55	42.35	13.72
5/27/2019 8:50:43 AM	4.26	1.49	4.83	0.48	0.00	0.00	0.00	0.59	11.06	96.52	5.66	13.03	2257	1488	2174	14	0	0	0	0	5934	168.23	18.77	4.99	17.61	22.29	20.28	41.92	1.55	42.27	13.72
5/27/2019 8:50:45 AM	4.07	1.80	5.02	0.32	0.00	0.00	0.00	0.61	11.20	96.39	5.76	12.04	2156	1798	2259	9	0	0	0	0	6222	168.01	18.88	5.24	18.70	22.52	20.90	41.69	1.56	42.21	13.69
5/27/2019 8:50:48 AM	4.50	1.92	4.13	0.97	0.00	0.00	0.00	0.57	11.52	95.84	5.86	10.96	2384	1918	1860	29	0	0	0	0	6191	167.05	19.06	5.95	20.23	22.39	23.37	41.74	1.57	42.14	13.69
5/27/2019 8:50:50 AM	4.43	1.79	4.00	1.04	0.00	0.00	0.00	0.57	11.26	95.86	5.92	10.80	2347	1786	1800	31	0	0	0	0	5964	167.07	18.81	6.16	19.72	22.14	22.72	41.23	1.58	42.04	13.68
5/27/2019 8:50:52 AM	4.11	2.05	4.25	0.92	0.00	0.00	0.00	0.59	11.33	95.67	5.94	10.75	2177	2047	1913	28	0	0	0	0	6164	166.75	19.11	6.36	20.63	22.32	23.32	41.03	1.58	41.95	13.67
5/27/2019 8:50:55 AM	4.48	1.83	3.77	1.12	0.00	0.00	0.00	0.57	11.20	95.74	5.96	11.03	2374	1833	1695	34	0	0	0	0	5935	166.87	18.57	6.07	19.87	21.95	23.11	40.71	1.58	41.88	13.64
5/27/2019 8:50:57 AM	3.95	2.07	4.11	0.97	0.00	0.00	0.00	0.63	11.10	95.39	5.98	11.34	2092	2071	1848	29	0	0	0	0	6040	166.27	18.96	6.21	20.53	22.33	23.45	40.42	1.59	41.81	13.66
5/27/2019 8:51:00 AM	4.27	2.03	3.72	1.21	0.00	0.00	0.00	0.58	11.22	95.45	5.99	11.54	2264	2026	1674	36	0	0	0	0	6000	166.36	18.79	6.35	20.73	22.02	24.01	40.38	1.59	41.72	13.64
5/27/2019 8:51:02 AM	4.19	2.18	4.22	0.86	0.00	0.00	0.00	0.59	11.44	95.36	6.01	11.80	2220	2176	1897	26	0	0	0	0	6320	166.21	19.00	6.35	21.10	22.41	23.69	40.95	1.59	41.64	13.64
5/27/2019 8:51:04 AM	4.22	2.12	4.26	0.89	0.00	0.00	0.00	0.61	11.49	95.42	6.03	11.97	2236	2117	1917	27	0	0	0	0	6297	166.31	19.20	6.32	20.95	22.65	23.65	41.44	1.59	41.56	13.61
5/27/2019 8:51:07 AM	4.26	2.26	4.55	0.61	0.00	0.00	0.00	0.57	11.68	95.36	6.05	12.04	2257	2263	2045	18	0	0	0	0	6584	166.21	19.04	6.17	21.26	22.40	23.49	41.32	1.59	41.48	13.61
5/27/2019 8:51:09 AM	3.99	2.29	4.67	0.58	0.00	0.00	0.00	0.62	11.52	95.41	6.08	12.02	2112	2289	2103	17	0	0	0	0	6522	166.29	19.25	5.86	21.09	22.73	23.58	41.29	1.60	41.42	13.59
5/27/2019 8:51:11 AM	4.48	2.10	4.07	0.94	0.00	0.00	0.00	0.60	11.59	95.40	6.14	11.89	2374	2097	1832	28	0	0	0	0	6330	166.27	19.00	6.60	21.11	22.66	23.61	41.57	1.60	41.33	13.59
5/27/2019 8:51:14 AM	3.98	2.28	4.63	0.57	0.00	0.00	0.00	0.58	11.47	95.57	6.19	11.89	2111	2280	2084	17	0	0	0	0	6493	166.57	19.02	5.92	21.02	22.24	23.39	40.76	1.61	41.25	13.57
5/27/2019 8:51:16 AM	4.39	2.22	3.94	1.08	0.00	0.00	0.00	0.59	11.63	95.45	6.25	11.90	2327	2217	1774	32	0	0	0	0	6350	166.37	19.16	6.50	21.63	22.55	24.64	41.29	1.61	41.16	13.56
5/27/2019 8:51:19 AM	3.73	2.43	3.73	1.14	0.00	0.00	0.00	0.62	11.03	95.22	6.32	11.68	1979	2429	1678	34	0	0	0	0	6120	165.96	18.68	6.73	22.02	21.84	24.90	38.81	1.62	41.09	13.55
5/27/2019 8:51:21 AM	3.76	2.45	3.45	1.07	0.00	0.00	0.00	0.62	10.72	95.24	6.38	11.35	1991	2447	1552	32	0	0	0	0	6022	166.00	17.85	6.51	21.68	21.31	24.47	37.40	1.62	41.02	13.54
5/27/2019 8:51:23 AM	3.72	2.53	3.79	0.89	0.00	0.00	0.00	0.57	10.93	95.13	6.44	11.46	1974	2529	1704	27	0	0	0	0	6234	165.81	18.01	6.58	21.97	21.11	24.34	37.64	1.63	40.94	13.52
5/27/2019 8:51:26 AM	3.75	2.60	3.54	0.75	0.00	0.00	0.00	0.55	10.64	95.18	6.53	11.25	1985	2602	1592	23	0	0	0	0	6202	165.91	17.00	6.21	21.68	20.25	23.91	35.82	1.64	40.86	13.53
5/27/2019 8:51:28 AM	3.26	2.55	3.20	0.89	0.00	0.00	0.00	0.56	9.91	95.17	6.60	10.88	1726	2555	1441	27	0	0	0	0	5749	165.87	16.34	6.02	21.00	19.32	23.56	33.47	1.65	40.77	13.50
5/27/2019 8:51:31 AM	3.27	2.50	3.14	0.99	0.00	0.00	0.00	0.53	9.90	94.99	6.68	10.92	1735	2495	1414	30	0	0	0	0	5674	165.56	16.38	6.10	20.91	19.03	23.60	33.41	1.65	40.69	13.47
5/27/2019 8:51:33 AM	2.63	2.85	3.28	0.95	0.00	0.00	0.00	0.53	9.71	94.97	6.74	10.90	1392	2851	1477	28	0	0	0	0	5748	165.53	16.47	6.59	22.11	18.58	24.38	31.89	1.66	40.61	13.47
5/27/2019 8:51:35 AM	2.07	2.72	3.18	1.17	0.00	0.00	0.00	0.54	9.14	94.80	6.80	10.90	1096	2725	1429	35	0	0	0	0	5285	165.23	16.52	6.67	21.50	18.02	24.16	30.68	1.67	40.51	13.46
5/27/2019 8:51:38 AM	2.65	2.70	3.06	1.12	0.00	0.00	0.00	0.53	9.54	94.76	6.83	10.94	1405	2701	1378	34	0	0	0	0	5518	165.17	16.38	6.44	21.57	18.37	24.32	31.67	1.67	40.45	13.47
5/27/2019 8:51:40 AM	2.47	2.74	3.26	1.03	0.00	0.00	0.00	0.52	9.49	94.76	6.86	11.26	1307	2739	1466	31	0	0	0	0	5543	165.16	16.45	6.51	21.61	18.26	24.09	31.50	1.67	40.36	13.45
5/27/2019 8:51:42 AM	2.44	2.71	3.30	1.11	0.00	0.00	0.00	0.55	9.55	94.68	6.92	11.71	1291	2709	1484	33	0	0	0	0	5516	165.02	16.85	6.60	21.68	18.74	24.33	32.19	1.68	40.27	13.43
5/27/2019 8:51:45 AM	2.33	2.81	3.19	1.06	0.00	0.00	0.00	0.55	9.39	95.06	6.95	11.76	1235	2813	1434	32	0	0	0	0	5514	165.69	16.43	6.71	21.89	18.34	24.28	31.15	1.68	40.18	13.43
5/27/2019 8:51:47 AM	2.06	2.70	2.95	1.32	0.00	0.00	0.00	0.53	9.03	94.65	7.00	11.60	1091	2698	1326	40	0	0	0	0	5155	164.97	16.37	6.75	21.48	17.68	24.37	30.14	1.69	40.12	13.40
5/27/2019 8:51:50 AM	1.45	2.83	3.25	1.37	0.00	0.00	0.00	0.53	8.91	94.67	7.05	11.51	770	2834	1463	41	0	0	0	0	5108	165.00	17.01	7.14	22.07	17.56	24.86	29.83	1.69	40.04	13.40
5/27/2019 8:51:52 AM	1.46	2.84	3.28	1.25	0.00	0.00	0.00	0.57	8.83	94.83	7.11	11.21	774	2837	1477	37	0	0	0	0	5126	165.29	16.79	7.07	21.87	17.83	24.40	29.77	1.70	39.96	13.38
5/27/2019 8:51:54 AM	1.19	2.79	3.06	1.59	0.00	0.00	0.00	0.52	8.63	94.56	7.17	10.89	632	2790	1379	48	0	0	0	0	4849	164.82	17.00	7.52	22.06	17.11	24.96	29.01	1.70	39.86	13.36
5/27/2019 8:51:57 AM	0.64	2.51	3.14	2.21	0.00	0.00	0.00	0.56	8.49	94.46	7.23	10.58	339	2508	1412	66	0	0	0	0	4325	164.64	18.66	7.97	21.81	17.70	25.92	30.49	1.71	39.79	13.34
5/27/2019 8:51:59 AM	0.94	2.56	2.99	2.01	0.00	0.00	0.00	0.56	8.50	94.60	7.27	10.21	498	2558	1347	60	0	0	0	0	4464	164.89	17.93	7.75	21.70	17.61	25.44	30.00	1.71	39.69	13.32
5/27/2019 8:52:02 AM	1.29	2.71	2.98	2.20	0.00	0.00	0.00	0.54	9.17	94.29	7.32	10.34	683	2705	1341	66	0	0	0	0	4795	164.35	18.76	8.35	23.13	18.35	26.98	31.80	1.72	39.62	13.32
5/27/2019 8:52:04 AM	1.40	2.47	2.81	2.15	0.00	0.00	0.00	0.56	8.82	94.17	7.40	10.63	742	2466	1263	64	0	0	0	0	4535	164.13	18.13	7.71	21.75	18.17	25.86	31.27	1.73	39.54	13.30
5/27/2019 8:52:06 AM	0.39	2.31	2.63	2.79	0.00	0.00	0.00	0.55	8.12	94.21	7.49	10.53	208	2309	1184	84	0	0	0	0	3785	164.21	18.93	8.60	21.65	17.27	26.45	29.88	1.73	39.45	13.30
5/27/2019 8:52:09 AM	0.00	2.44	3.21	2.64	0.00	0.00	0.00	0.55	8.29	94.06	7.59	10.59	0	2443	1444	79	0	0	0	0	3966	163.95	19.78	8.92	22.26	17.57	26.59	30.54	1.74	39.38	13.28
5/27/2019 8:52:11 AM	0.00	2.12	2.40	2.77	0.00	0.00	0.00	0.51	7.30	93.90	7.65	10.35	0	2121	1082	83	0	0	0	0	3286	163.67	18.15	8.51	20.36	15.80	24.73	26.98	1.75	39.29	13.26
5/27/2019 8:52:13 AM	0.00	1.98	2.36	2.72	0.00	0.00	0.00	0.49	7.06	93.82	7.75	10.04	0	1984	1060	82	0	0	0	0	3126	163.54	17.88	8.09	19.51	15.37	23.93	26.25	1.76	39.22	13.24
5/27/2019 8:52:16 AM	0.00	1.93	2.33	2.74	0.00	0.00	0.00	0.46	7.00	93.86	7.82	9.99	0	1932	1051	82	0	0	0	0	3064	163.60	17.83	8.14	19.32	15.06	23.66	25.95	1.77	39.14	13.23
5/27/2019 8:52:18 AM	0.00	2.02	2.23	2.64	0.00	0.00	0.00	0.48	6.88	94.12	7.88	9.85	0	2017	1003	79	0	0	0	0	3099	164.05	17.43	8.04	19.39	14.94	23.51	25.19	1.77	39.02	13.23
5/27/2019 8:52:21 AM	0.00	2.22	2.49	2.41	0.00	0.00	0.00	0.48	7.11	94.12	7.92	10.09	0	2218	1119	72	0	0	0	0	3409	164.05	17.37	8.21	20.08	15.12	23.65	25.44	1.78	38.96	13.21
5/27/2019 8:52:23 AM	0.00	2.05	2.40	2.64	0.00	0.00	0.00	0.49	7.09	93.97	7.97	10.37	0	2047	1079	79	0	0	0	0	3206	163.79	17.77	8.47	19.82	15.42	23.72	26.19	1.78	38.88	13.19
5/27/2019 8:52:25 AM	0.00	1.95	2.19	2.74	0.00	0.00	0.00	0.48	6.88	94.05	8.05	10.07	0	1947	988	82	0	0	0	0	3017	163.92	17.75	8.21	19.34	15.11	23.49	25.44	1.79	38.78	13.19
5/27/2019 8:52:28 AM	0.00	1.96	2.15	2.74	0.00	0.00	0.00	0.46	6.85	94.27	8.11	9.68	0	1963	969	82	0	0	0	0	3014	164.31	17.73	8.45	19.48	14.87	23.27	25.00	1.79	38.70	13.19
5/27/2019 8:52:30 AM	0.00	1.93	2.06	2.69	0.00	0.00	0.00	0.50	6.68	94.33	8.18	9.69	0	1931	925	81	0	0	0	0	2937	164.42	17.34	8.45	19.18	14.97	22.84	24.72	1.80	38.62	13.16
5/27/2019 8:52:32 AM	0.00	2.01	2.22	2.64	0.00	0.00	0.00	0.51	6.87	94.29	8.23	9.89	0	2013	997	79	0	0	0	0	3090	164.34	17.45	8.57	19.59	15.30	23.24	25.46	1.81	38.53	13.16
5/27/2019 8:52:35 AM	0.00	1.80	1.97	2.84	0.00	0.00	0.00	0.49	6.62	94.55	8.27	10.01	0	1803	887	85	0	0	0	0	2775	164.79	17.54	8.47	18.87	14.87	22.80	24.83	1.81	38.45	13.13
5/27/2019 8:52:37 AM	0.00	1.78	1.87	2.82	0.00	0.00	0.00	0.50	6.47	94.47	8.32	10.12	0	1780	842	85	0	0	0	0	2706	164.66	17.11	8.12	18.49	14.72	22.70	24.44	1.82	38.38	13.12
5/27/2019 8:52:40 AM	0.00	1.95	1.97	2.82	0.00	0.00	0.00	0.51	6.74	94.33	8.39	10.26	0	1954	885	84	0	0	0	0	2923	164.41	17.80	8.88	19.64	15.20	23.08	24.79	1.82	38.29	13.10
5/27/2019 8:52:42 AM	0.00	1.69	1.55	3.12	0.00	0.00	0.00	0.50	6.36	94.40	8.46	10.01	0	1689	699	94	0	0	0	0	2482	164.54	17.65	8.74	18.70	14.78	22.77	24.11	1.83	38.19	13.09
5/27/2019 8:52:44 AM	0.00	1.86	1.94	2.92	0.00	0.00	0.00	0.48	6.73	94.22	8.51	9.81	0	1862	873	88	0	0	0	0	2823	164.22	17.95	8.76	19.38	14.97	23.18	24.89	1.83	38.12	13.07
5/27/2019 8:52:47 AM	0.00	1.65	1.64	2.99	0.00	0.00	0.00	0.50	6.28	94.44	8.61	9.84	0	1653	738	90	0	0	0	0	2480	164.61	17.40	8.28	18.20	14.58	22.34	23.83	1.84	38.05	13.03
5/27/2019 8:52:49 AM	0.00	1.60	1.83	2.54	0.00	0.00	0.00	0.48	5.97	94.46	8.66	9.59	0	1598	825	76	0	0	0	0	2500	164.64	15.93	7.58	16.99	13.85	20.77	22.86	1.85	37.97	13.04
5/27/2019 8:52:52 AM	0.00	1.62	2.12	2.30	0.00	0.00	0.00	0.49	6.05	94.51	8.72	9.52	0	1620	956	69	0	0	0	0	2644	164.74	15.68	7.34	16.77	14.00	20.37	23.34	1.85	37.88	13.02
5/27/2019 8:52:54 AM	0.00	1.61	2.18	2.24	0.00	0.00	0.00	0.51	6.02	94.52	8.77	9.73	0	1607	979	67	0	0	0	0	2653	164.75	15.42	7.25	16.58	14.13	20.23	23.58	1.86	37.79	13.02
5/27/2019 8:52:56 AM	0.00	2.01	2.42	2.14	0.00	0.00	0.00	0.49	6.57	94.49	8.82	10.03	0	2014	1088	64	0	0	0	0	3166	164.70	16.19	8.20	18.70	14.50	21.32	23.97	1.86	37.72	12.98
5/27/2019 8:52:59 AM	0.00	1.79	2.10	2.39	0.00	0.00	0.00	0.49	6.28	94.33	8.87	10.17	0	1788	945	72	0	0	0	0	2804	164.41	15.95	7.94	17.83	14.24	21.23	23.72	1.87	37.61	13.00
5/27/2019 8:53:01 AM	0.00	1.67	1.90	2.44	0.00	0.00	0.00	0.49	6.02	94.35	8.93	10.25	0	1671	857	73	0	0	0	0	2602	164.44	15.61	7.97	17.30	13.93	20.62	23.01	1.87	37.55	12.96
5/27/2019 8:53:03 AM	0.00	1.76	1.63	2.76	0.00	0.00	0.00	0.49	6.15	94.24	8.98	10.27	0	1761	735	83	0	0	0	0	2578	164.26	16.45	8.72	18.37	14.14	21.58	22.92	1.88	37.48	12.95
5/27/2019 8:53:06 AM	0.00	1.82	1.83	2.63	0.00	0.00	0.00	0.49	6.27	94.46	9.02	10.25	0	1817	821	79	0	0	0	0	2717	164.64	16.49	8.48	18.42	14.24	21.62	23.22	1.88	37.38	12.92
5/27/2019 8:53:08 AM	0.00	1.83	2.19	2.30	0.00	0.00	0.00	0.51	6.33	94.19	9.07	10.31	0	1830	986	69	0	0	0	0	2885	164.17	16.21	7.85	17.93	14.50	21.12	23.76	1.89	37.30	12.93
5/27/2019 8:53:11 AM	0.00	1.70	1.87	2.44	0.00	0.00	0.00	0.48	6.01	93.52	9.16	10.13	0	1698	842	73	0	0	0	0	2613	163.00	15.61	7.68	17.27	13.74	20.81	22.68	1.90	37.22	12.90
5/27/2019 8:53:13 AM	0.13	1.76	2.23	1.78	0.00	0.00	0.00	0.44	5.90	93.03	9.22	9.75	69	1757	1002	53	0	0	0	0	2882	162.14	13.88	7.04	16.39	12.95	19.07	21.81	1.90	37.15	12.89
5/27/2019 8:53:15 AM	0.65	1.46	1.89	1.65	0.00	0.00	0.00	0.44	5.65	92.49	9.28	9.62	343	1459	851	49	0	0	0	0	2703	161.20	12.74	6.12	14.68	12.59	17.60	21.27	1.91	37.08	12.86
5/27/2019 8:53:18 AM	0.60	1.38	1.71	1.83	0.00	0.00	0.00	0.41	5.52	92.13	9.34	9.31	315	1383	770	55	0	0	0	0	2524	160.59	12.70	6.32	14.57	12.19	17.68	20.86	1.92	37.02	12.86
5/27/2019 8:53:20 AM	0.52	1.50	1.85	1.74	0.00	0.00	0.00	0.44	5.61	92.26	9.39	9.22	278	1500	832	52	0	0	0	0	2662	160.80	12.88	6.35	14.97	12.55	17.93	21.11	1.92	36.89	12.86
5/27/2019 8:53:23 AM	0.46	1.39	1.68	1.89	0.00	0.00	0.00	0.43	5.42	92.31	9.47	9.38	243	1389	757	57	0	0	0	0	2445	160.90	12.80	6.36	14.59	12.30	17.80	20.74	1.93	36.83	12.84
5/27/2019 8:53:25 AM	0.60	1.27	1.56	1.91	0.00	0.00	0.00	0.43	5.34	92.07	9.51	9.36	318	1273	704	57	0	0	0	0	2352	160.48	12.55	6.15	14.07	12.15	17.43	20.65	1.93	36.75	12.82
5/27/2019 8:53:27 AM	0.85	1.36	1.79	1.75	0.00	0.00	0.00	0.40	5.74	91.91	9.57	9.48	450	1361	803	52	0	0	0	0	2666	160.19	12.76	5.88	14.41	12.45	17.75	21.58	1.94	36.68	12.78
5/27/2019 8:53:30 AM	0.87	1.33	1.64	1.80	0.00	0.00	0.00	0.40	5.65	91.95	9.62	9.67	464	1333	736	54	0	0	0	0	2587	160.28	12.55	5.86	14.28	12.27	17.72	21.20	1.94	36.60	12.80
5/27/2019 8:53:32 AM	0.99	1.41	1.65	1.74	0.00	0.00	0.00	0.40	5.79	92.11	9.67	9.75	523	1410	744	52	0	0	0	0	2729	160.55	12.54	5.90	14.61	12.42	17.91	21.41	1.95	36.51	12.75
5/27/2019 8:53:34 AM	0.84	1.48	1.75	1.67	0.00	0.00	0.00	0.42	5.73	92.28	9.71	9.84	444	1475	788	50	0	0	0	0	2757	160.85	12.54	6.04	14.78	12.45	17.79	21.18	1.95	36.43	12.77
5/27/2019 8:53:37 AM	0.93	1.30	1.42	1.88	0.00	0.00	0.00	0.42	5.54	91.86	9.76	9.95	493	1305	641	57	0	0	0	0	2495	160.12	12.36	5.95	14.22	12.32	17.71	20.97	1.96	36.37	12.75
5/27/2019 8:53:39 AM	0.84	1.57	1.94	1.58	0.00	0.00	0.00	0.42	5.94	91.84	9.82	10.06	444	1574	875	48	0	0	0	0	2940	160.07	12.82	6.09	15.22	12.73	18.08	21.71	1.96	36.31	12.73
5/27/2019 8:53:42 AM	1.15	1.87	2.16	1.45	0.00	0.00	0.00	0.42	6.63	91.90	9.88	10.11	607	1866	974	44	0	0	0	0	3491	160.18	13.32	6.91	16.93	13.57	18.95	23.20	1.97	36.21	12.69
5/27/2019 8:53:44 AM	1.34	3.06	4.07	0.00	0.00	0.00	0.00	0.44	8.46	91.24	9.96	10.05	708	3061	1830	0	0	0	0	0	5599	159.04	14.44	7.40	21.24	15.72	20.15	26.41	1.98	36.15	12.71
5/27/2019 8:53:46 AM	1.21	1.14	1.22	1.81	0.00	0.00	0.00	0.42	5.37	90.58	10.05	9.73	639	1136	550	54	0	0	0	0	2379	157.89	11.70	5.29	13.17	12.12	16.93	20.59	1.98	36.08	12.69
5/27/2019 8:53:49 AM	1.07	1.23	1.36	1.50	0.00	0.00	0.00	0.39	5.15	90.40	10.11	9.39	566	1226	611	45	0	0	0	0	2448	157.57	10.94	5.08	12.90	11.31	16.02	19.12	1.99	36.01	12.67
5/27/2019 8:53:51 AM	1.19	1.34	1.37	1.48	0.00	0.00	0.00	0.39	5.38	90.66	10.16	9.37	629	1339	616	45	0	0	0	0	2628	158.01	11.08	5.49	13.61	11.61	16.38	19.56	2.00	35.92	12.64
5/27/2019 8:53:53 AM	1.12	1.32	1.36	1.52	0.00	0.00	0.00	0.40	5.32	90.46	10.22	9.44	595	1319	611	45	0	0	0	0	2571	157.67	11.13	5.41	13.50	11.67	16.42	19.54	2.00	35.85	12.63
5/27/2019 8:53:56 AM	1.26	1.43	1.44	1.29	0.00	0.00	0.00	0.37	5.42	90.40	10.26	9.58	666	1431	648	39	0	0	0	0	2784	157.57	10.72	5.18	13.64	11.36	16.22	19.13	2.01	35.76	12.63
5/27/2019 8:53:58 AM	1.33	1.43	1.52	1.39	0.00	0.00	0.00	0.38	5.68	90.83	10.32	9.73	707	1435	682	42	0	0	0	0	2866	158.32	11.30	5.34	14.02	11.91	16.81	20.25	2.01	35.70	12.60
5/27/2019 8:54:01 AM	2.08	1.23	1.08	1.71	0.00	0.00	0.00	0.38	6.11	90.74	10.36	9.87	1103	1234	487	51	0	0	0	0	2877	158.16	11.54	5.39	14.00	12.55	17.48	22.02	2.02	35.61	12.57
5/27/2019 8:54:03 AM	1.54	1.31	1.47	1.60	0.00	0.00	0.00	0.36	5.92	90.67	10.42	9.96	815	1310	662	48	0	0	0	0	2835	158.03	11.77	5.55	14.06	12.09	17.17	21.34	2.02	35.54	12.56
5/27/2019 8:54:05 AM	1.45	1.39	1.36	1.82	0.00	0.00	0.00	0.38	6.01	90.22	10.47	9.83	766	1394	612	54	0	0	0	0	2826	157.25	12.25	6.11	14.86	12.46	18.07	21.72	2.03	35.47	12.55
