Date/Time	Green Algae	Bluegreen	Diatoms	Cryptophyta	#5	#6	#7	Yellow substances	Total conc.	Transmission	Depth	Temp. Sample	Green Algae	Bluegreen	Diatoms	Cryptophyta	#5	#6	#7	Yellow substances	Total cell count	Trans. 700 nm	LED 3 [525 nm]	LED 4 [570 nm]	LED 5 [610 nm]	LED 6 [370 nm]	LED 7 [590 nm]	LED 8 [470 nm]	Pressure	Temp. LEDs	Temp. Sensor
date	µg/l	µg/l	µg/l	µg/l	µg/l	µg/l	µg/l	r.u.	µg/l	%	m	°C	cells/ml	cells/ml	cells/ml	cells/ml	cells/ml	cells/ml	cells/ml	r.u.	cells/ml	digits	digits	digits	digits	digits	digits	digits	bar	°C	°C
11/15/2019 1:25:45 PM	1.68	0.12	4.26	4.36	0.00	0.00	0.00	1.15	10.42	100.00	0.38	8.75	889	122	1918	131	0	0	0	0	3060	176.16	23.76	6.43	15.67	24.21	22.33	43.83	1.04	25.43	7.80
11/15/2019 1:25:47 PM	1.56	0.55	7.42	2.91	0.00	0.00	0.00	0.96	12.44	100.00	0.45	8.15	825	552	3340	87	0	0	0	0	4804	173.88	27.04	7.80	18.05	25.66	22.08	50.23	1.04	25.53	7.77
11/15/2019 1:25:49 PM	3.75	0.28	6.05	3.45	0.00	0.00	0.00	0.84	13.53	100.00	0.54	8.18	1988	278	2722	104	0	0	0	0	5092	174.50	25.91	6.54	17.59	25.44	23.26	51.09	1.05	25.56	7.77
11/15/2019 1:25:52 PM	4.87	2.13	8.39	0.06	0.00	0.00	0.00	0.91	15.45	100.00	0.59	8.44	2583	2126	3776	2	0	0	0	0	8487	175.66	25.00	6.15	21.82	27.69	23.01	53.58	1.06	25.61	7.74
11/15/2019 1:25:54 PM	5.36	1.08	6.34	2.76	0.00	0.00	0.00	1.00	15.54	100.00	0.68	8.34	2841	1078	2854	83	0	0	0	0	6856	174.73	26.57	7.01	20.87	28.60	25.52	55.58	1.07	25.64	7.77
11/15/2019 1:25:56 PM	6.75	0.99	6.92	2.28	0.00	0.00	0.00	0.74	16.94	100.00	0.73	8.26	3576	992	3116	68	0	0	0	0	7753	175.32	26.68	7.03	21.11	28.09	25.04	57.96	1.07	25.71	7.80
11/15/2019 1:25:59 PM	6.65	1.30	6.57	2.19	0.00	0.00	0.00	0.80	16.71	100.00	0.72	8.62	3524	1296	2957	66	0	0	0	0	7844	175.89	26.06	6.46	21.56	28.10	25.81	56.60	1.07	25.69	7.89
11/15/2019 1:26:01 PM	3.48	1.06	7.61	2.42	0.00	0.00	0.00	0.94	14.57	100.00	0.79	8.95	1843	1064	3424	73	0	0	0	0	6403	174.79	27.53	7.41	20.36	27.54	24.27	54.30	1.08	25.75	7.77
11/15/2019 1:26:04 PM	5.58	0.81	6.51	3.27	0.00	0.00	0.00	0.80	16.18	100.00	0.85	9.03	2957	813	2931	98	0	0	0	0	6799	175.29	27.54	8.23	21.26	27.85	25.82	56.87	1.08	25.80	7.81
11/15/2019 1:26:06 PM	6.22	0.51	6.26	3.47	0.00	0.00	0.00	0.82	16.45	100.00	0.90	8.85	3295	506	2815	104	0	0	0	0	6720	174.63	27.64	7.21	20.30	28.37	25.93	58.17	1.09	25.81	7.85
11/15/2019 1:26:08 PM	5.73	0.11	5.80	4.45	0.00	0.00	0.00	0.98	16.10	100.00	0.91	8.89	3038	112	2611	134	0	0	0	0	5894	175.73	28.80	8.28	20.05	29.53	26.39	59.34	1.09	25.82	7.91
11/15/2019 1:26:11 PM	5.82	0.60	5.68	3.71	0.00	0.00	0.00	0.97	15.82	100.00	0.93	9.13	3087	600	2558	111	0	0	0	0	6356	175.88	27.08	8.75	20.82	28.78	25.48	56.86	1.09	25.88	7.81
11/15/2019 1:26:13 PM	4.10	0.81	7.69	3.03	0.00	0.00	0.00	0.92	15.64	100.00	0.95	9.28	2175	812	3461	91	0	0	0	0	6540	174.56	29.24	7.84	20.92	28.77	25.67	57.95	1.09	25.93	7.81
11/15/2019 1:26:15 PM	2.14	1.70	9.86	1.48	0.00	0.00	0.00	0.89	15.19	100.00	0.96	9.35	1135	1701	4437	44	0	0	0	0	7318	175.78	30.07	7.16	22.26	28.28	25.54	56.68	1.09	25.98	7.85
11/15/2019 1:26:18 PM	5.31	1.26	7.82	2.47	0.00	0.00	0.00	0.81	16.87	100.00	1.00	9.47	2815	1263	3521	74	0	0	0	0	7673	176.15	28.85	7.40	22.39	28.93	26.75	59.10	1.10	25.95	7.84
11/15/2019 1:26:20 PM	4.49	0.95	7.85	3.25	0.00	0.00	0.00	0.92	16.55	100.00	1.02	9.50	2381	947	3535	98	0	0	0	0	6960	175.10	30.36	8.72	22.39	29.77	27.03	60.32	1.10	26.00	7.84
11/15/2019 1:26:23 PM	7.37	0.51	6.79	3.75	0.00	0.00	0.00	0.76	18.42	100.00	1.05	9.47	3905	508	3057	112	0	0	0	0	7583	176.18	29.90	7.86	22.05	30.29	28.03	63.71	1.10	26.02	7.86
11/15/2019 1:26:25 PM	3.56	1.43	10.01	2.21	0.00	0.00	0.00	0.63	17.21	100.00	1.09	9.50	1889	1431	4504	66	0	0	0	0	7890	174.64	32.02	7.27	23.27	28.57	27.91	61.19	1.11	26.02	7.92
11/15/2019 1:26:27 PM	5.45	0.70	7.47	3.88	0.00	0.00	0.00	0.89	17.51	100.00	1.11	9.57	2888	701	3363	117	0	0	0	0	7068	174.12	31.17	9.57	22.94	30.57	27.98	62.93	1.11	26.08	7.85
11/15/2019 1:26:30 PM	5.67	0.92	8.98	3.14	0.00	0.00	0.00	0.71	18.71	100.00	1.14	9.78	3004	921	4040	94	0	0	0	0	8059	176.13	32.66	8.62	23.67	30.78	28.68	65.86	1.11	26.10	7.85
11/15/2019 1:26:32 PM	4.78	0.86	8.80	3.32	0.00	0.00	0.00	0.71	17.77	100.00	1.16	10.03	2535	865	3961	100	0	0	0	0	7461	175.01	32.19	9.25	23.25	29.73	27.89	63.44	1.11	26.17	7.87
11/15/2019 1:26:35 PM	4.24	1.07	8.65	3.12	0.00	0.00	0.00	0.95	17.08	100.00	1.19	9.67	2247	1070	3892	94	0	0	0	0	7303	174.62	31.88	8.55	23.10	30.83	27.98	62.65	1.12	26.14	7.87
11/15/2019 1:26:37 PM	5.36	0.66	6.97	4.50	0.00	0.00	0.00	0.95	17.49	100.00	1.21	9.39	2839	661	3138	135	0	0	0	0	6773	175.36	31.64	9.27	23.15	30.99	29.46	63.09	1.12	26.18	7.88
11/15/2019 1:26:39 PM	4.36	1.14	9.32	2.63	0.00	0.00	0.00	0.82	17.44	100.00	1.25	9.67	2308	1139	4192	79	0	0	0	0	7719	175.58	32.05	7.66	22.93	30.31	27.83	63.10	1.12	26.15	7.87
11/15/2019 1:26:42 PM	6.11	0.42	7.58	4.25	0.00	0.00	0.00	0.69	18.36	100.00	1.27	9.87	3237	422	3409	128	0	0	0	0	7195	174.74	31.91	9.89	22.99	30.06	28.41	64.65	1.12	26.15	7.96
11/15/2019 1:26:44 PM	6.54	0.53	8.15	3.82	0.00	0.00	0.00	0.61	19.03	100.00	1.31	10.06	3468	527	3666	114	0	0	0	0	7775	175.35	32.30	8.83	23.11	30.20	28.82	66.05	1.13	26.25	7.91
11/15/2019 1:26:46 PM	6.33	0.84	8.48	3.27	0.00	0.00	0.00	0.79	18.92	100.00	1.34	10.30	3354	839	3818	98	0	0	0	0	8110	174.50	32.29	8.49	23.54	31.50	28.76	66.52	1.13	26.21	7.85
11/15/2019 1:26:49 PM	6.65	0.45	7.97	4.11	0.00	0.00	0.00	0.82	19.17	100.00	1.36	10.35	3522	449	3587	123	0	0	0	0	7681	175.12	33.03	9.59	23.48	32.13	29.14	68.08	1.13	26.21	7.87
11/15/2019 1:26:51 PM	5.78	0.45	8.22	4.01	0.00	0.00	0.00	0.73	18.45	100.00	1.39	10.11	3063	446	3698	120	0	0	0	0	7327	174.51	32.84	8.56	22.66	30.76	28.94	65.93	1.14	26.24	7.90
11/15/2019 1:26:54 PM	5.88	0.91	8.87	3.00	0.00	0.00	0.00	0.89	18.65	100.00	1.41	9.94	3117	911	3990	90	0	0	0	0	8108	174.13	32.57	8.60	23.52	32.16	28.30	66.83	1.14	26.21	8.00
11/15/2019 1:26:56 PM	5.09	0.65	8.71	3.74	0.00	0.00	0.00	0.70	18.20	100.00	1.43	9.90	2699	654	3921	112	0	0	0	0	7387	174.27	33.08	8.16	22.87	30.24	29.16	65.07	1.14	26.26	7.88
11/15/2019 1:26:58 PM	5.37	1.01	9.89	2.91	0.00	0.00	0.00	0.69	19.19	100.00	1.47	9.81	2846	1013	4452	87	0	0	0	0	8398	174.04	34.00	8.96	24.36	31.39	28.99	67.86	1.14	26.28	7.90
11/15/2019 1:27:01 PM	6.46	0.64	9.09	3.85	0.00	0.00	0.00	0.76	20.03	100.00	1.50	9.76	3422	645	4089	115	0	0	0	0	8271	173.94	34.87	8.92	24.39	32.88	30.58	70.79	1.15	26.27	7.91
11/15/2019 1:27:03 PM	6.64	0.47	8.60	4.07	0.00	0.00	0.00	0.72	19.79	100.00	1.52	9.70	3521	471	3872	122	0	0	0	0	7987	174.64	34.19	9.17	23.87	32.24	30.03	69.76	1.15	26.24	7.97
11/15/2019 1:27:06 PM	6.82	1.54	10.83	1.92	0.00	0.00	0.00	0.48	21.10	100.00	1.55	9.70	3614	1536	4873	58	0	0	0	0	10081	174.82	34.31	8.43	26.20	31.67	30.01	70.72	1.15	26.27	7.92
11/15/2019 1:27:08 PM	6.77	0.77	9.17	3.47	0.00	0.00	0.00	0.61	20.19	100.00	1.57	9.70	3587	774	4129	104	0	0	0	0	8594	175.38	34.06	8.88	24.51	31.72	30.05	69.71	1.15	26.27	7.89
11/15/2019 1:27:10 PM	6.37	0.74	9.74	3.28	0.00	0.00	0.00	0.69	20.13	100.00	1.60	9.70	3374	737	4384	99	0	0	0	0	8593	174.04	34.82	9.30	24.49	32.57	29.52	70.95	1.16	26.33	7.91
11/15/2019 1:27:13 PM	7.08	0.74	8.59	3.70	0.00	0.00	0.00	0.70	20.11	100.00	1.62	9.69	3751	740	3867	111	0	0	0	0	8470	175.22	33.63	8.88	24.45	32.18	30.27	69.54	1.16	26.27	7.90
11/15/2019 1:27:15 PM	5.89	0.75	9.28	3.59	0.00	0.00	0.00	0.87	19.50	100.00	1.65	9.68	3119	747	4174	108	0	0	0	0	8148	175.14	34.75	8.99	24.26	33.24	29.99	70.15	1.16	26.26	7.89
11/15/2019 1:27:17 PM	6.07	0.40	8.51	4.36	0.00	0.00	0.00	0.85	19.35	100.00	1.69	9.67	3219	400	3831	131	0	0	0	0	7580	174.60	34.71	8.77	23.53	32.90	30.52	69.80	1.17	26.27	7.89
11/15/2019 1:27:20 PM	5.87	0.90	11.23	2.85	0.00	0.00	0.00	0.67	20.84	100.00	1.72	9.57	3110	895	5054	85	0	0	0	0	9144	175.71	36.98	8.74	25.19	33.62	30.41	74.08	1.17	26.24	8.02
11/15/2019 1:27:22 PM	5.68	1.34	11.46	2.04	0.00	0.00	0.00	0.77	20.53	100.00	1.77	9.49	3012	1338	5159	61	0	0	0	0	9570	174.61	36.05	8.34	25.60	33.89	29.88	72.86	1.17	26.23	7.96
11/15/2019 1:27:25 PM	6.65	0.84	10.18	2.79	0.00	0.00	0.00	0.69	20.46	100.00	1.81	9.22	3522	842	4580	84	0	0	0	0	9028	175.21	34.85	8.70	24.50	32.97	29.30	71.86	1.18	26.27	7.89
11/15/2019 1:27:27 PM	7.17	0.74	9.33	3.99	0.00	0.00	0.00	0.82	21.23	100.00	1.83	8.98	3802	735	4200	120	0	0	0	0	8857	174.57	36.28	9.60	25.80	34.78	31.97	74.55	1.18	26.24	7.93
11/15/2019 1:27:29 PM	6.37	0.78	10.19	3.27	0.00	0.00	0.00	0.70	20.60	100.00	1.89	8.60	3375	781	4585	98	0	0	0	0	8839	174.29	35.86	9.10	24.94	33.33	30.31	72.76	1.18	26.24	7.92
11/15/2019 1:27:32 PM	6.14	1.05	11.00	2.70	0.00	0.00	0.00	0.72	20.89	100.00	1.91	8.07	3255	1046	4951	81	0	0	0	0	9333	174.67	36.44	8.94	25.57	33.88	30.37	73.80	1.19	26.24	7.93
11/15/2019 1:27:34 PM	5.84	1.35	11.37	2.33	0.00	0.00	0.00	0.75	20.90	100.00	1.94	8.02	3096	1351	5118	70	0	0	0	0	9635	175.10	36.53	9.11	26.32	34.10	30.53	73.65	1.19	26.22	7.92
11/15/2019 1:27:36 PM	5.62	1.02	11.68	2.43	0.00	0.00	0.00	0.70	20.74	100.00	1.98	8.10	2977	1024	5254	73	0	0	0	0	9328	174.61	37.00	8.73	25.27	33.83	29.88	74.14	1.19	26.23	7.94
11/15/2019 1:27:39 PM	6.14	0.69	10.06	3.78	0.00	0.00	0.00	0.74	20.67	100.00	2.01	8.14	3252	686	4528	114	0	0	0	0	8580	174.72	36.69	9.72	25.32	33.75	31.10	73.52	1.20	26.21	7.90
11/15/2019 1:27:41 PM	6.69	0.66	10.01	3.70	0.00	0.00	0.00	0.70	21.07	100.00	2.05	8.42	3547	663	4506	111	0	0	0	0	8828	174.51	36.58	9.14	25.21	33.88	31.32	74.22	1.20	26.19	7.93
11/15/2019 1:27:44 PM	5.78	1.02	10.82	2.94	0.00	0.00	0.00	0.72	20.57	100.00	2.11	8.53	3065	1023	4871	88	0	0	0	0	9047	175.01	36.45	9.06	25.51	33.53	30.58	72.95	1.21	26.17	7.94
11/15/2019 1:27:46 PM	6.01	0.98	10.41	2.93	0.00	0.00	0.00	0.80	20.32	100.00	2.13	8.36	3184	976	4682	88	0	0	0	0	8930	174.90	35.75	8.76	25.04	33.79	30.18	72.40	1.21	26.15	7.93
11/15/2019 1:27:48 PM	5.85	1.09	10.97	2.74	0.00	0.00	0.00	0.73	20.65	100.00	2.18	8.35	3101	1087	4938	82	0	0	0	0	9208	174.47	36.40	9.00	25.60	33.70	30.42	73.17	1.21	26.15	7.94
11/15/2019 1:27:51 PM	5.27	0.70	10.51	3.62	0.00	0.00	0.00	0.86	20.10	100.00	2.22	8.52	2793	698	4728	109	0	0	0	0	8328	174.92	37.26	8.76	24.72	34.31	31.10	73.45	1.22	26.14	7.93
11/15/2019 1:27:53 PM	5.69	0.52	10.32	3.69	0.00	0.00	0.00	0.88	20.23	100.00	2.25	8.84	3016	523	4645	111	0	0	0	0	8295	174.54	37.08	9.49	24.54	34.67	30.35	74.17	1.22	26.13	7.92
11/15/2019 1:27:56 PM	5.77	0.57	10.71	3.79	0.00	0.00	0.00	0.79	20.85	100.00	2.28	8.98	3059	567	4821	114	0	0	0	0	8561	174.84	38.06	9.42	25.16	34.72	31.39	75.57	1.22	26.10	7.92
11/15/2019 1:27:58 PM	5.98	0.74	10.50	3.54	0.00	0.00	0.00	0.84	20.76	100.00	2.32	8.65	3168	738	4727	106	0	0	0	0	8740	174.62	37.36	8.95	25.23	34.85	31.38	74.89	1.23	26.08	7.89
11/15/2019 1:28:00 PM	6.84	0.87	10.55	3.39	0.00	0.00	0.00	0.84	21.65	100.00	2.31	8.18	3624	865	4749	102	0	0	0	0	9341	174.62	37.56	9.48	26.19	35.73	31.79	76.83	1.23	26.09	7.91
11/15/2019 1:28:03 PM	6.64	0.91	10.95	2.84	0.00	0.00	0.00	0.71	21.34	100.00	2.34	8.23	3518	906	4928	85	0	0	0	0	9437	174.41	36.76	9.22	25.62	34.36	30.44	75.22	1.23	26.08	7.88
11/15/2019 1:28:05 PM	6.05	0.87	10.91	3.07	0.00	0.00	0.00	0.79	20.91	100.00	2.40	8.25	3207	870	4911	92	0	0	0	0	9081	175.11	37.14	8.98	25.39	34.61	30.80	74.87	1.24	26.04	7.90
11/15/2019 1:28:07 PM	6.05	0.73	10.66	3.28	0.00	0.00	0.00	0.76	20.72	100.00	2.45	8.27	3205	734	4796	98	0	0	0	0	8833	174.59	36.88	9.16	25.03	34.13	30.52	74.23	1.24	26.04	7.89
11/15/2019 1:28:10 PM	6.14	0.55	10.61	3.31	0.00	0.00	0.00	0.75	20.61	100.00	2.51	8.32	3254	551	4772	99	0	0	0	0	8677	174.95	36.77	8.37	24.18	33.98	30.28	74.21	1.25	26.02	7.90
11/15/2019 1:28:12 PM	5.13	1.46	11.90	2.20	0.00	0.00	0.00	0.96	20.69	100.00	2.55	8.38	2721	1464	5355	66	0	0	0	0	9606	174.43	37.64	8.76	26.51	35.78	30.98	75.07	1.25	26.00	7.93
11/15/2019 1:28:15 PM	5.60	0.78	10.78	3.18	0.00	0.00	0.00	0.81	20.34	100.00	2.58	8.42	2969	777	4853	95	0	0	0	0	8693	174.69	36.84	9.40	24.97	34.16	30.10	73.66	1.25	25.96	7.89
11/15/2019 1:28:17 PM	5.76	0.53	10.49	3.63	0.00	0.00	0.00	0.86	20.40	100.00	2.67	8.12	3052	529	4719	109	0	0	0	0	8408	175.40	37.32	8.97	24.46	34.76	30.65	74.64	1.26	25.97	7.92
11/15/2019 1:28:19 PM	5.56	0.83	10.95	2.73	0.00	0.00	0.00	0.71	20.06	100.00	2.83	7.89	2946	832	4926	82	0	0	0	0	8785	175.16	35.96	8.50	24.30	32.99	29.32	72.04	1.28	25.95	7.90
11/15/2019 1:28:22 PM	5.62	0.73	9.83	3.46	0.00	0.00	0.00	0.80	19.64	100.00	2.94	7.86	2977	729	4425	104	0	0	0	0	8235	174.68	35.43	8.38	24.10	33.03	30.23	70.75	1.29	25.94	7.90
11/15/2019 1:28:24 PM	5.27	0.86	10.71	2.65	0.00	0.00	0.00	0.77	19.49	100.00	3.01	7.87	2790	861	4820	80	0	0	0	0	8551	174.33	35.27	8.49	23.94	32.75	28.73	70.57	1.29	25.90	7.90
11/15/2019 1:28:27 PM	5.35	1.09	11.26	2.61	0.00	0.00	0.00	0.81	20.31	100.00	3.07	7.84	2835	1093	5065	78	0	0	0	0	9071	174.76	36.63	9.31	25.48	34.06	29.86	73.16	1.30	25.89	7.89
11/15/2019 1:28:29 PM	5.55	0.93	10.61	3.15	0.00	0.00	0.00	0.78	20.24	100.00	3.10	7.82	2943	926	4775	94	0	0	0	0	8738	174.71	36.44	9.01	25.15	33.68	30.53	72.59	1.30	25.86	7.90
11/15/2019 1:28:31 PM	5.28	0.89	10.99	3.01	0.00	0.00	0.00	0.92	20.16	100.00	3.13	7.90	2798	885	4945	90	0	0	0	0	8719	174.99	37.10	9.14	25.05	34.94	30.19	73.99	1.31	25.84	7.90
11/15/2019 1:28:34 PM	6.12	0.96	10.98	2.86	0.00	0.00	0.00	0.75	20.92	100.00	3.16	7.97	3244	957	4941	86	0	0	0	0	9228	174.65	36.81	8.85	25.44	34.29	30.60	74.42	1.31	25.83	7.89
11/15/2019 1:28:36 PM	5.98	0.87	10.67	3.16	0.00	0.00	0.00	0.77	20.68	100.00	3.21	8.11	3168	872	4799	95	0	0	0	0	8934	174.61	36.69	9.42	25.41	34.08	30.52	73.82	1.31	25.79	7.89
11/15/2019 1:28:38 PM	5.55	0.57	10.35	3.41	0.00	0.00	0.00	0.83	19.88	100.00	3.25	8.19	2944	567	4656	102	0	0	0	0	8269	174.28	36.36	8.44	23.86	33.80	29.97	72.62	1.32	25.78	7.89
11/15/2019 1:28:41 PM	5.45	0.95	10.64	2.64	0.00	0.00	0.00	0.79	19.68	100.00	3.26	8.16	2887	945	4788	79	0	0	0	0	8699	174.81	35.35	7.84	24.08	33.11	29.42	70.94	1.32	25.77	7.89
11/15/2019 1:28:43 PM	5.39	0.53	10.24	3.74	0.00	0.00	0.00	0.88	19.90	100.00	3.30	8.24	2856	532	4607	112	0	0	0	0	8108	174.44	36.88	9.45	24.37	34.29	30.26	73.22	1.32	25.75	7.87
11/15/2019 1:28:46 PM	5.99	1.14	11.42	2.69	0.00	0.00	0.00	0.79	21.23	100.00	3.34	8.28	3172	1139	5139	81	0	0	0	0	9530	174.91	37.48	9.39	26.31	34.95	30.94	75.56	1.33	25.71	7.90
11/15/2019 1:28:48 PM	5.59	0.74	10.79	3.18	0.00	0.00	0.00	0.72	20.31	100.00	3.39	8.30	2965	739	4855	96	0	0	0	0	8654	175.13	36.65	8.99	24.68	33.38	30.11	72.99	1.33	25.69	7.89
11/15/2019 1:28:50 PM	5.66	0.74	10.39	3.40	0.00	0.00	0.00	0.88	20.19	100.00	3.43	8.32	3001	735	4677	102	0	0	0	0	8516	175.02	36.71	9.01	24.76	34.50	30.52	73.49	1.34	25.67	7.89
11/15/2019 1:28:53 PM	5.40	1.08	11.59	2.44	0.00	0.00	0.00	0.75	20.51	100.00	3.46	8.21	2861	1078	5217	73	0	0	0	0	9230	174.95	36.88	8.97	25.38	33.90	29.81	73.65	1.34	25.68	7.89
11/15/2019 1:28:55 PM	5.76	1.00	10.98	3.31	0.00	0.00	0.00	0.92	21.05	100.00	3.49	8.19	3053	1004	4941	99	0	0	0	0	9097	174.84	38.11	9.52	26.32	35.88	31.87	76.16	1.34	25.64	7.90
11/15/2019 1:28:57 PM	6.22	1.03	11.26	3.08	0.00	0.00	0.00	0.77	21.59	100.00	3.51	8.26	3296	1032	5066	92	0	0	0	0	9486	174.94	38.05	9.34	26.48	35.20	31.83	76.55	1.34	25.61	7.87
11/15/2019 1:29:00 PM	5.89	0.74	10.83	3.59	0.00	0.00	0.00	0.78	21.04	100.00	3.53	8.35	3123	738	4871	108	0	0	0	0	8840	173.84	37.97	9.51	25.67	34.78	31.54	75.64	1.35	25.61	7.86
11/15/2019 1:29:02 PM	5.68	0.81	10.96	3.36	0.00	0.00	0.00	0.85	20.81	100.00	3.56	8.47	3011	812	4932	101	0	0	0	0	8855	174.54	37.84	9.13	25.48	35.08	31.30	75.41	1.35	25.56	7.87
11/15/2019 1:29:05 PM	5.61	0.83	11.57	3.14	0.00	0.00	0.00	0.76	21.14	100.00	3.63	8.51	2971	829	5205	94	0	0	0	0	9099	174.47	38.46	9.05	25.63	34.89	31.29	76.29	1.36	25.55	7.85
11/15/2019 1:29:07 PM	5.83	0.33	10.30	4.03	0.00	0.00	0.00	0.90	20.48	100.00	3.67	8.41	3088	330	4634	121	0	0	0	0	8172	174.48	37.82	9.26	24.32	35.24	30.92	75.56	1.36	25.49	7.89
11/15/2019 1:29:09 PM	5.56	0.72	10.57	3.42	0.00	0.00	0.00	0.92	20.26	100.00	3.71	8.26	2949	716	4755	102	0	0	0	0	8522	174.51	37.13	9.39	24.93	34.99	30.47	74.26	1.36	25.47	7.88
11/15/2019 1:29:12 PM	5.27	0.93	10.82	3.14	0.00	0.00	0.00	0.98	20.15	100.00	3.73	8.18	2791	931	4867	94	0	0	0	0	8683	174.56	37.20	9.09	25.25	35.35	30.67	74.12	1.37	25.45	7.86
11/15/2019 1:29:14 PM	5.54	0.94	10.85	3.03	0.00	0.00	0.00	0.93	20.35	100.00	3.75	8.20	2937	939	4882	91	0	0	0	0	8848	174.34	37.02	9.23	25.34	35.17	30.45	74.26	1.37	25.45	7.88
11/15/2019 1:29:17 PM	6.17	0.80	10.35	3.42	0.00	0.00	0.00	0.94	20.74	100.00	3.77	8.25	3271	797	4658	102	0	0	0	0	8829	173.58	37.03	9.39	25.42	35.52	30.98	75.11	1.37	25.43	7.87
11/15/2019 1:29:19 PM	6.19	1.17	11.58	2.56	0.00	0.00	0.00	0.85	21.50	100.00	3.80	8.33	3282	1171	5211	77	0	0	0	0	9740	173.03	37.81	9.12	26.43	35.82	31.14	76.79	1.37	25.40	7.85
11/15/2019 1:29:21 PM	6.67	0.65	10.75	3.54	0.00	0.00	0.00	0.83	21.60	100.00	3.83	8.43	3533	645	4838	106	0	0	0	0	9122	174.38	38.12	9.31	25.63	35.81	31.62	77.52	1.37	25.38	7.81
11/15/2019 1:29:24 PM	5.95	1.17	11.99	2.64	0.00	0.00	0.00	0.80	21.76	100.00	3.85	8.52	3155	1175	5395	79	0	0	0	0	9804	174.12	38.67	9.42	26.84	35.81	31.59	77.66	1.38	25.38	7.86
11/15/2019 1:29:26 PM	6.01	0.89	11.50	3.27	0.00	0.00	0.00	0.86	21.68	100.00	3.86	8.56	3185	893	5177	98	0	0	0	0	9353	174.63	39.08	9.75	26.51	36.32	31.96	78.30	1.38	25.33	7.81
11/15/2019 1:29:28 PM	6.42	0.81	11.06	3.35	0.00	0.00	0.00	0.84	21.64	100.00	3.91	8.63	3405	806	4978	100	0	0	0	0	9289	174.59	38.35	9.60	26.13	35.96	31.67	77.66	1.38	25.31	7.85
11/15/2019 1:29:31 PM	6.15	0.72	11.54	3.47	0.00	0.00	0.00	0.79	21.88	100.00	3.93	8.64	3259	717	5194	104	0	0	0	0	9274	174.76	39.39	9.84	26.28	36.02	31.97	78.82	1.38	25.30	7.81
11/15/2019 1:29:33 PM	6.04	1.03	11.78	3.06	0.00	0.00	0.00	0.84	21.91	100.00	3.95	8.60	3199	1032	5300	92	0	0	0	0	9623	174.33	39.20	10.20	27.08	36.36	31.91	78.64	1.39	25.26	7.85
11/15/2019 1:29:36 PM	6.08	1.22	11.48	2.69	0.00	0.00	0.00	0.87	21.46	100.00	3.97	8.59	3222	1218	5165	81	0	0	0	0	9686	174.41	37.91	9.27	26.69	35.89	31.53	76.66	1.39	25.23	7.81
11/15/2019 1:29:38 PM	4.83	0.99	11.84	2.82	0.00	0.00	0.00	0.89	20.49	100.00	4.03	8.24	2560	993	5329	85	0	0	0	0	8967	174.34	38.34	9.63	25.75	35.33	30.46	75.48	1.39	25.23	7.83
11/15/2019 1:29:40 PM	5.19	0.87	10.87	2.91	0.00	0.00	0.00	0.86	19.84	100.00	4.05	7.88	2752	874	4891	87	0	0	0	0	8604	174.34	36.40	8.94	24.62	34.00	29.63	72.50	1.40	25.18	7.83
11/15/2019 1:29:43 PM	5.50	0.91	10.54	3.15	0.00	0.00	0.00	0.89	20.10	100.00	4.06	7.94	2915	915	4742	94	0	0	0	0	8666	174.59	36.47	9.25	25.13	34.43	30.31	72.97	1.40	25.17	7.83
11/15/2019 1:29:45 PM	5.42	1.24	11.52	2.44	0.00	0.00	0.00	0.91	20.61	100.00	4.11	7.97	2872	1238	5183	73	0	0	0	0	9366	174.15	37.23	8.85	25.91	35.31	30.55	74.67	1.40	25.17	7.80
11/15/2019 1:29:47 PM	5.65	1.01	10.64	3.07	0.00	0.00	0.00	0.94	20.38	100.00	4.17	7.91	2996	1014	4789	92	0	0	0	0	8892	174.08	36.82	8.91	25.47	35.15	30.91	73.95	1.41	25.13	7.82
11/15/2019 1:29:50 PM	5.23	0.83	10.45	3.13	0.00	0.00	0.00	0.92	19.63	100.00	4.19	7.90	2772	827	4701	94	0	0	0	0	8394	174.60	36.14	8.78	24.42	34.18	29.85	72.06	1.41	25.12	7.81
11/15/2019 1:29:52 PM	5.81	0.83	10.26	3.14	0.00	0.00	0.00	0.88	20.05	100.00	4.21	7.88	3081	834	4618	94	0	0	0	0	8627	174.87	35.90	9.15	24.76	34.20	29.89	72.55	1.41	25.08	7.82
11/15/2019 1:29:55 PM	5.79	0.78	10.83	3.18	0.00	0.00	0.00	0.91	20.58	100.00	4.23	7.90	3070	784	4873	95	0	0	0	0	8822	174.12	37.31	8.87	25.02	35.27	30.66	75.05	1.41	25.05	7.84
11/15/2019 1:29:57 PM	5.67	0.82	10.52	3.34	0.00	0.00	0.00	0.98	20.36	100.00	4.26	7.96	3005	823	4733	100	0	0	0	0	8662	174.08	37.15	9.12	25.17	35.56	30.85	74.62	1.42	25.03	7.80
11/15/2019 1:29:59 PM	5.60	0.66	10.24	3.51	0.00	0.00	0.00	0.93	20.00	100.00	4.28	8.01	2968	659	4606	105	0	0	0	0	8339	174.69	36.64	8.97	24.47	34.72	30.38	73.40	1.42	25.01	7.81
11/15/2019 1:30:02 PM	5.18	0.66	10.38	3.46	0.00	0.00	0.00	0.89	19.68	100.00	4.30	8.10	2745	662	4672	104	0	0	0	0	8183	174.22	36.59	8.83	24.22	34.12	30.15	72.49	1.42	25.00	7.80
11/15/2019 1:30:04 PM	4.80	0.69	11.21	3.78	0.00	0.00	0.00	1.08	20.48	100.00	4.32	8.20	2544	693	5044	113	0	0	0	0	8394	174.50	39.45	9.69	25.61	36.92	31.85	77.20	1.42	24.94	7.83
11/15/2019 1:30:07 PM	5.43	0.93	10.78	3.19	0.00	0.00	0.00	0.98	20.34	100.00	4.34	8.26	2879	931	4852	96	0	0	0	0	8759	174.34	37.35	9.05	25.40	35.59	30.97	74.62	1.42	24.95	7.79
11/15/2019 1:30:09 PM	5.61	0.86	10.74	3.26	0.00	0.00	0.00	0.91	20.47	100.00	4.37	8.22	2974	859	4831	98	0	0	0	0	8762	174.10	37.25	9.24	25.33	35.12	30.82	74.53	1.43	24.92	7.77
11/15/2019 1:30:11 PM	5.11	1.46	11.04	2.46	0.00	0.00	0.00	0.96	20.06	100.00	4.39	8.09	2708	1458	4968	74	0	0	0	0	9207	174.26	36.30	9.29	26.30	34.81	30.51	72.44	1.43	24.90	7.79
11/15/2019 1:30:14 PM	5.39	1.21	11.16	2.74	0.00	0.00	0.00	0.91	20.49	100.00	4.40	8.04	2854	1207	5021	82	0	0	0	0	9164	174.38	37.09	9.35	26.08	35.11	30.74	74.12	1.43	24.88	7.79
11/15/2019 1:30:16 PM	5.59	0.87	10.66	3.44	0.00	0.00	0.00	1.00	20.56	100.00	4.44	8.07	2964	865	4796	103	0	0	0	0	8728	174.39	37.70	9.42	25.63	35.94	31.34	75.39	1.44	24.85	7.77
11/15/2019 1:30:18 PM	5.68	0.79	10.50	3.37	0.00	0.00	0.00	0.99	20.34	100.00	4.45	8.13	3010	787	4725	101	0	0	0	0	8623	174.51	37.16	9.28	25.13	35.61	30.72	74.70	1.44	24.85	7.79
11/15/2019 1:30:21 PM	5.57	0.69	10.15	3.57	0.00	0.00	0.00	0.97	19.98	100.00	4.48	8.21	2954	688	4567	107	0	0	0	0	8316	174.57	36.70	9.01	24.61	34.99	30.61	73.49	1.44	24.78	7.79
11/15/2019 1:30:23 PM	5.61	1.18	10.97	3.15	0.00	0.00	0.00	1.01	20.91	100.00	4.50	8.23	2975	1182	4936	94	0	0	0	0	9188	174.22	37.94	9.88	26.77	36.38	31.80	75.96	1.44	24.79	7.77
11/15/2019 1:30:26 PM	5.64	1.26	11.88	3.29	0.00	0.00	0.00	0.96	22.06	100.00	4.52	8.25	2987	1264	5344	99	0	0	0	0	9693	174.10	40.21	10.73	28.29	37.54	33.29	79.70	1.44	24.78	7.77
11/15/2019 1:30:28 PM	5.42	1.49	12.64	2.90	0.00	0.00	0.00	0.98	22.45	100.00	4.56	8.28	2872	1493	5687	87	0	0	0	0	10139	173.91	41.10	10.73	29.07	38.30	33.69	81.18	1.45	24.75	7.74
11/15/2019 1:30:30 PM	5.63	0.97	11.32	3.16	0.00	0.00	0.00	0.94	21.08	100.00	4.58	8.26	2983	971	5094	95	0	0	0	0	9143	174.44	38.46	9.60	26.22	36.21	31.51	76.85	1.45	24.73	7.73
11/15/2019 1:30:33 PM	6.41	0.48	10.52	4.07	0.00	0.00	0.00	0.93	21.48	100.00	4.63	8.23	3400	478	4734	122	0	0	0	0	8733	174.28	38.85	9.69	25.61	36.60	32.17	78.34	1.45	24.72	7.73
11/15/2019 1:30:35 PM	5.36	0.70	11.08	3.17	0.00	0.00	0.00	0.96	20.32	100.00	4.67	8.08	2840	704	4988	95	0	0	0	0	8627	174.16	37.73	8.85	24.68	35.58	30.37	75.32	1.46	24.68	7.73
11/15/2019 1:30:38 PM	5.61	0.86	10.34	3.31	0.00	0.00	0.00	0.97	20.12	100.00	4.67	7.93	2974	859	4654	99	0	0	0	0	8587	174.15	36.64	9.19	25.09	35.13	30.58	73.60	1.46	24.65	7.76
11/15/2019 1:30:40 PM	5.00	1.10	10.97	2.99	0.00	0.00	0.00	1.04	20.06	100.00	4.69	8.04	2653	1096	4935	90	0	0	0	0	8774	173.64	37.32	9.17	25.65	35.73	30.84	74.09	1.46	24.66	7.73
11/15/2019 1:30:42 PM	5.16	1.10	11.81	2.95	0.00	0.00	0.00	1.05	21.02	100.00	4.72	8.11	2734	1100	5316	88	0	0	0	0	9239	173.34	39.18	9.57	26.53	37.16	31.67	77.76	1.46	24.64	7.75
11/15/2019 1:30:45 PM	5.57	0.86	10.79	3.42	0.00	0.00	0.00	0.96	20.64	100.00	4.72	8.18	2954	857	4857	102	0	0	0	0	8771	174.09	37.83	9.73	25.76	35.80	31.19	75.56	1.46	24.59	7.74
11/15/2019 1:30:47 PM	5.58	0.85	11.69	3.56	0.00	0.00	0.00	1.02	21.67	100.00	4.75	8.15	2956	848	5260	107	0	0	0	0	9170	173.85	40.29	10.04	26.81	37.75	32.65	79.96	1.47	24.56	7.78
11/15/2019 1:30:49 PM	5.55	0.40	11.48	4.29	0.00	0.00	0.00	1.04	21.72	100.00	4.77	8.09	2940	404	5165	129	0	0	0	0	8637	174.20	41.31	10.02	26.09	38.22	33.12	81.40	1.47	24.57	7.73
11/15/2019 1:30:52 PM	4.86	0.88	11.81	3.42	0.00	0.00	0.00	1.06	20.97	100.00	4.79	8.08	2575	877	5315	103	0	0	0	0	8870	174.26	40.03	9.81	26.32	37.37	32.07	78.50	1.47	24.52	7.71
11/15/2019 1:30:54 PM	4.98	0.69	11.24	3.54	0.00	0.00	0.00	0.98	20.46	100.00	4.80	8.14	2638	694	5059	106	0	0	0	0	8497	174.11	38.80	9.59	25.34	36.04	31.18	76.31	1.47	24.52	7.72
11/15/2019 1:30:57 PM	5.44	0.51	10.32	3.92	0.00	0.00	0.00	1.04	20.19	100.00	4.83	8.17	2881	510	4645	118	0	0	0	0	8154	174.51	37.89	9.12	24.60	35.98	31.20	75.37	1.47	24.48	7.72
11/15/2019 1:30:59 PM	5.29	1.06	11.33	3.24	0.00	0.00	0.00	0.99	20.92	100.00	4.84	8.14	2805	1061	5097	97	0	0	0	0	9060	174.24	38.68	9.83	26.55	36.43	31.84	76.66	1.47	24.50	7.75
11/15/2019 1:31:01 PM	5.22	0.56	10.70	3.61	0.00	0.00	0.00	0.94	20.10	100.00	4.85	8.01	2768	564	4815	108	0	0	0	0	8256	174.15	37.70	9.17	24.51	35.15	30.56	74.64	1.48	24.46	7.68
11/15/2019 1:31:04 PM	5.68	0.82	10.20	3.20	0.00	0.00	0.00	1.00	19.89	100.00	4.84	7.93	3011	816	4589	96	0	0	0	0	8512	174.37	36.13	8.91	24.61	35.07	30.05	73.05	1.47	24.47	7.70
11/15/2019 1:31:06 PM	5.22	0.76	10.75	3.55	0.00	0.00	0.00	1.08	20.28	100.00	4.89	7.90	2769	762	4838	106	0	0	0	0	8475	173.94	38.10	9.55	25.35	36.44	31.13	75.74	1.48	24.42	7.70
11/15/2019 1:31:08 PM	5.11	0.86	10.85	3.45	0.00	0.00	0.00	1.03	20.26	100.00	4.92	7.82	2706	856	4883	104	0	0	0	0	8548	173.81	37.98	9.56	25.54	35.96	31.17	75.16	1.48	24.41	7.68
11/15/2019 1:31:11 PM	5.09	0.87	10.40	3.20	0.00	0.00	0.00	1.01	19.56	100.00	4.92	7.79	2698	866	4681	96	0	0	0	0	8341	174.09	36.39	8.79	24.57	34.86	30.16	72.45	1.48	24.39	7.69
11/15/2019 1:31:13 PM	5.67	1.05	10.34	3.02	0.00	0.00	0.00	1.04	20.08	100.00	4.97	7.77	3003	1055	4653	90	0	0	0	0	8801	174.00	36.24	9.18	25.41	35.47	30.45	73.32	1.49	24.35	7.72
11/15/2019 1:31:16 PM	5.35	1.06	10.06	2.79	0.00	0.00	0.00	1.03	19.26	100.00	5.04	7.73	2837	1058	4527	84	0	0	0	0	8505	173.91	34.94	8.56	24.47	34.36	29.41	70.62	1.49	24.34	7.68
11/15/2019 1:31:18 PM	5.06	0.91	10.16	3.23	0.00	0.00	0.00	1.02	19.36	100.00	5.05	7.73	2680	911	4573	97	0	0	0	0	8261	173.76	35.95	8.87	24.59	34.57	30.09	71.56	1.50	24.32	7.69
11/15/2019 1:31:20 PM	5.09	0.87	10.17	3.16	0.00	0.00	0.00	0.96	19.29	100.00	5.08	7.76	2700	871	4575	95	0	0	0	0	8241	173.75	35.63	8.88	24.34	34.04	29.65	71.02	1.50	24.30	7.71
11/15/2019 1:31:23 PM	4.94	0.93	9.88	2.97	0.00	0.00	0.00	1.02	18.72	100.00	5.12	7.73	2616	931	4446	89	0	0	0	0	8082	173.88	34.68	8.57	23.88	33.75	28.99	69.35	1.50	24.28	7.68
11/15/2019 1:31:25 PM	5.23	0.96	9.90	2.99	0.00	0.00	0.00	1.03	19.09	100.00	5.13	7.75	2771	965	4456	90	0	0	0	0	8281	173.83	34.96	8.54	24.22	34.21	29.46	70.31	1.50	24.26	7.69
11/15/2019 1:31:28 PM	4.99	0.89	9.66	2.95	0.00	0.00	0.00	1.06	18.49	100.00	5.15	7.79	2644	894	4347	89	0	0	0	0	7974	174.21	34.24	8.33	23.50	33.79	28.68	68.85	1.50	24.24	7.68
11/15/2019 1:31:30 PM	5.10	0.95	9.89	3.09	0.00	0.00	0.00	1.05	19.03	100.00	5.16	7.77	2705	947	4450	93	0	0	0	0	8195	172.92	35.14	8.56	24.22	34.36	29.62	70.41	1.51	24.21	7.69
11/15/2019 1:31:32 PM	5.42	1.03	10.02	2.88	0.00	0.00	0.00	1.00	19.35	100.00	5.18	7.77	2872	1032	4507	86	0	0	0	0	8497	172.20	35.00	8.76	24.56	34.28	29.48	70.73	1.51	24.19	7.69
11/15/2019 1:31:35 PM	5.06	1.07	9.96	2.91	0.00	0.00	0.00	1.04	18.99	100.00	5.19	7.81	2680	1068	4482	87	0	0	0	0	8317	172.00	34.89	8.73	24.48	34.17	29.45	69.96	1.51	24.17	7.69
11/15/2019 1:31:37 PM	5.09	1.01	9.99	2.83	0.00	0.00	0.00	1.10	18.91	100.00	5.21	7.85	2696	1012	4495	85	0	0	0	0	8287	172.10	34.88	8.54	24.16	34.60	29.13	70.30	1.51	24.15	7.69
11/15/2019 1:31:39 PM	5.43	0.85	10.10	3.14	0.00	0.00	0.00	1.03	19.51	100.00	5.22	7.84	2877	849	4543	94	0	0	0	0	8362	171.77	35.72	9.02	24.45	34.79	29.64	72.01	1.51	24.12	7.68
11/15/2019 1:31:42 PM	5.21	0.83	9.62	3.11	0.00	0.00	0.00	1.05	18.77	100.00	5.26	7.76	2761	826	4330	93	0	0	0	0	8010	171.79	34.58	8.39	23.61	34.06	29.05	69.69	1.52	24.12	7.68
11/15/2019 1:31:44 PM	5.28	0.97	10.11	2.94	0.00	0.00	0.00	1.02	19.29	100.00	5.28	7.75	2799	966	4548	88	0	0	0	0	8402	171.83	35.27	8.70	24.39	34.41	29.48	71.01	1.52	24.10	7.66
11/15/2019 1:31:47 PM	5.02	1.04	10.25	2.72	0.00	0.00	0.00	1.01	19.04	100.00	5.30	7.79	2662	1043	4614	82	0	0	0	0	8401	171.90	34.98	8.78	24.34	34.03	28.99	70.18	1.52	24.08	7.67
11/15/2019 1:31:49 PM	5.46	0.99	10.22	3.03	0.00	0.00	0.00	1.06	19.70	100.00	5.32	7.87	2893	994	4598	91	0	0	0	0	8577	172.29	35.94	8.77	24.86	35.25	30.17	72.50	1.52	24.09	7.63
11/15/2019 1:31:51 PM	5.46	0.88	10.13	3.32	0.00	0.00	0.00	1.06	19.79	100.00	5.34	7.92	2894	880	4560	100	0	0	0	0	8434	170.92	36.36	8.96	24.87	35.42	30.51	73.07	1.52	24.05	7.66
11/15/2019 1:31:54 PM	5.59	0.72	9.86	3.52	0.00	0.00	0.00	1.02	19.70	100.00	5.36	7.87	2965	723	4438	106	0	0	0	0	8232	171.14	36.09	8.96	24.44	34.95	30.31	72.61	1.53	24.01	7.65
11/15/2019 1:31:56 PM	4.85	1.06	10.95	3.13	0.00	0.00	0.00	1.06	19.99	100.00	5.39	7.81	2571	1057	4927	94	0	0	0	0	8650	169.06	37.55	9.54	25.73	35.88	30.87	74.24	1.53	23.99	7.65
11/15/2019 1:31:58 PM	4.81	0.85	10.72	3.34	0.00	0.00	0.00	1.04	19.74	100.00	5.41	7.78	2552	854	4826	100	0	0	0	0	8332	171.72	37.36	9.29	25.01	35.46	30.58	73.70	1.53	24.01	7.60
11/15/2019 1:32:01 PM	5.39	0.95	11.04	3.16	0.00	0.00	0.00	1.01	20.54	100.00	5.43	7.81	2858	945	4967	95	0	0	0	0	8866	171.73	37.87	9.56	25.77	36.11	30.97	75.64	1.53	23.97	7.63
11/15/2019 1:32:03 PM	5.51	0.86	11.29	3.17	0.00	0.00	0.00	1.01	20.83	100.00	5.46	7.83	2918	865	5081	95	0	0	0	0	8959	171.68	38.46	9.37	25.71	36.56	31.16	76.92	1.53	23.95	7.63
11/15/2019 1:32:06 PM	5.40	0.64	10.06	3.42	0.00	0.00	0.00	1.02	19.52	100.00	5.49	7.81	2861	641	4528	103	0	0	0	0	8132	171.75	36.17	8.61	23.93	34.88	29.90	72.57	1.54	23.94	7.62
11/15/2019 1:32:08 PM	4.97	0.86	10.30	3.13	0.00	0.00	0.00	1.03	19.26	100.00	5.52	7.82	2634	862	4637	94	0	0	0	0	8228	171.48	35.98	8.82	24.31	34.67	29.68	71.68	1.54	23.90	7.65
11/15/2019 1:32:10 PM	5.36	0.86	9.81	3.09	0.00	0.00	0.00	1.08	19.11	100.00	5.55	7.80	2840	859	4413	93	0	0	0	0	8204	171.28	35.07	8.44	23.96	34.65	29.42	70.88	1.54	23.88	7.62
11/15/2019 1:32:13 PM	4.98	0.98	10.34	2.99	0.00	0.00	0.00	1.11	19.28	100.00	5.57	7.79	2639	976	4653	90	0	0	0	0	8357	171.12	35.99	8.72	24.55	35.24	29.81	71.97	1.55	23.88	7.61
11/15/2019 1:32:15 PM	5.72	1.22	10.59	2.74	0.00	0.00	0.00	1.15	20.27	100.00	5.61	7.79	3033	1215	4766	82	0	0	0	0	9097	171.31	36.54	9.03	25.82	36.58	30.65	74.44	1.55	23.87	7.62
11/15/2019 1:32:18 PM	5.47	1.21	10.86	2.82	0.00	0.00	0.00	1.14	20.37	100.00	5.62	7.79	2901	1213	4888	85	0	0	0	0	9087	171.51	37.21	9.28	26.09	36.80	30.97	75.13	1.55	23.84	7.62
11/15/2019 1:32:20 PM	5.04	1.08	10.82	2.99	0.00	0.00	0.00	1.10	19.93	100.00	5.64	7.79	2669	1077	4869	90	0	0	0	0	8705	171.80	37.12	9.25	25.52	36.01	30.61	74.01	1.55	23.83	7.60
11/15/2019 1:32:22 PM	5.52	1.31	11.28	2.70	0.00	0.00	0.00	1.12	20.80	100.00	5.67	7.85	2924	1312	5074	81	0	0	0	0	9391	171.54	37.86	9.67	26.75	37.21	31.26	76.37	1.56	23.82	7.61
11/15/2019 1:32:25 PM	5.30	1.06	10.77	3.18	0.00	0.00	0.00	1.17	20.31	100.00	5.70	7.89	2808	1063	4846	95	0	0	0	0	8813	171.03	37.72	9.42	25.94	37.01	31.29	75.56	1.56	23.79	7.62
11/15/2019 1:32:27 PM	5.18	1.19	10.31	2.77	0.00	0.00	0.00	1.07	19.45	100.00	5.73	7.88	2745	1194	4640	83	0	0	0	0	8661	171.20	35.52	9.06	25.20	34.95	29.85	71.45	1.56	23.75	7.62
11/15/2019 1:32:29 PM	5.61	1.18	10.61	2.73	0.00	0.00	0.00	1.08	20.13	100.00	5.75	7.89	2973	1182	4776	82	0	0	0	0	9013	171.43	36.34	8.94	25.58	35.91	30.42	73.71	1.56	23.74	7.61
11/15/2019 1:32:32 PM	5.53	0.95	10.56	3.45	0.00	0.00	0.00	1.18	20.48	100.00	5.77	7.90	2929	948	4750	103	0	0	0	0	8731	171.09	37.96	9.52	25.92	37.35	31.62	76.26	1.57	23.76	7.56
11/15/2019 1:32:34 PM	6.03	0.82	9.99	3.87	0.00	0.00	0.00	1.15	20.71	100.00	5.79	7.92	3195	823	4496	116	0	0	0	0	8630	171.53	37.76	9.56	25.90	37.18	32.16	76.30	1.57	23.72	7.62
11/15/2019 1:32:37 PM	5.69	1.07	10.18	3.92	0.00	0.00	0.00	1.18	20.86	100.00	5.80	7.93	3015	1074	4580	118	0	0	0	0	8787	171.28	38.34	10.86	27.27	37.63	32.74	76.71	1.57	23.70	7.58
11/15/2019 1:32:39 PM	5.55	1.19	11.08	3.32	0.00	0.00	0.00	1.15	21.14	100.00	5.82	7.95	2944	1189	4984	100	0	0	0	0	9217	171.29	38.90	10.02	27.20	37.86	32.56	77.81	1.57	23.70	7.58
11/15/2019 1:32:41 PM	5.81	1.26	11.07	3.02	0.00	0.00	0.00	1.11	21.16	100.00	5.83	7.96	3082	1259	4981	90	0	0	0	0	9412	171.41	38.24	9.73	27.05	37.47	32.07	77.20	1.57	23.66	7.59
11/15/2019 1:32:44 PM	5.80	1.48	11.74	2.93	0.00	0.00	0.00	1.25	21.96	100.00	5.86	7.98	3075	1475	5285	88	0	0	0	0	9924	171.01	39.98	10.40	28.53	39.65	33.26	80.68	1.57	23.66	7.58
11/15/2019 1:32:46 PM	5.80	1.04	11.42	3.58	0.00	0.00	0.00	1.23	21.85	100.00	5.90	7.98	3076	1040	5140	107	0	0	0	0	9364	171.63	40.47	10.18	27.56	39.50	33.42	81.14	1.58	23.64	7.56
11/15/2019 1:32:49 PM	5.58	1.14	11.55	3.41	0.00	0.00	0.00	1.19	21.68	100.00	5.92	7.96	2957	1139	5199	102	0	0	0	0	9397	171.41	40.24	10.25	27.65	39.03	33.18	80.34	1.58	23.64	7.55
11/15/2019 1:32:51 PM	5.57	1.43	12.10	2.81	0.00	0.00	0.00	1.19	21.91	100.00	5.94	7.95	2951	1431	5445	84	0	0	0	0	9912	171.16	40.20	10.33	28.30	39.24	32.92	80.65	1.58	23.60	7.59
11/15/2019 1:32:53 PM	5.84	1.80	12.96	2.33	0.00	0.00	0.00	1.17	22.93	100.00	5.97	7.93	3097	1800	5833	70	0	0	0	0	10799	170.87	41.28	10.76	29.94	40.27	33.78	83.19	1.58	23.60	7.55
11/15/2019 1:32:56 PM	6.00	1.29	12.28	3.27	0.00	0.00	0.00	1.28	22.84	100.00	5.99	7.94	3178	1294	5526	98	0	0	0	0	10096	170.99	41.99	10.76	29.05	41.19	34.32	84.51	1.59	23.57	7.57
11/15/2019 1:32:58 PM	5.90	1.62	12.86	2.71	0.00	0.00	0.00	1.18	23.09	100.00	6.02	7.95	3129	1620	5787	81	0	0	0	0	10617	171.23	41.88	10.90	29.84	40.60	34.21	84.14	1.59	23.55	7.54
11/15/2019 1:33:00 PM	5.73	1.45	13.00	3.14	0.00	0.00	0.00	1.20	23.32	100.00	6.05	7.95	3037	1448	5851	94	0	0	0	0	10430	171.10	43.09	10.98	29.90	41.22	35.04	85.72	1.59	23.53	7.56
11/15/2019 1:33:03 PM	5.58	1.58	13.30	2.96	0.00	0.00	0.00	1.19	23.41	100.00	6.09	7.95	2955	1575	5984	89	0	0	0	0	10603	170.84	43.30	11.17	30.31	41.26	35.09	85.90	1.60	23.55	7.56
11/15/2019 1:33:05 PM	5.44	0.75	11.97	3.79	0.00	0.00	0.00	1.16	21.96	100.00	6.11	7.92	2884	755	5388	114	0	0	0	0	9141	171.09	41.68	10.16	27.06	39.44	33.38	82.50	1.60	23.52	7.52
11/15/2019 1:33:08 PM	6.06	0.72	11.67	3.49	0.00	0.00	0.00	1.04	21.94	100.00	6.14	7.93	3214	717	5252	105	0	0	0	0	9288	171.42	40.27	9.79	26.44	38.25	32.35	81.03	1.60	23.51	7.56
11/15/2019 1:33:10 PM	5.07	0.97	11.68	3.39	0.00	0.00	0.00	1.18	21.11	100.00	6.16	7.95	2688	970	5255	102	0	0	0	0	9015	171.35	40.11	9.74	26.65	38.42	32.45	79.32	1.60	23.50	7.54
11/15/2019 1:33:12 PM	5.45	1.18	11.89	3.29	0.00	0.00	0.00	1.22	21.81	100.00	6.20	7.97	2887	1181	5351	99	0	0	0	0	9518	170.96	40.73	10.31	27.85	39.50	33.23	81.18	1.61	23.46	7.54
11/15/2019 1:33:15 PM	5.13	1.15	11.83	3.60	0.00	0.00	0.00	1.24	21.70	100.00	6.21	7.97	2718	1146	5322	108	0	0	0	0	9294	170.54	41.20	10.63	28.05	39.58	33.72	81.23	1.61	23.46	7.53
11/15/2019 1:33:17 PM	5.33	1.79	13.01	2.76	0.00	0.00	0.00	1.21	22.88	100.00	6.25	7.97	2824	1787	5853	83	0	0	0	0	10547	170.26	42.27	11.05	30.36	40.64	34.80	83.71	1.61	23.42	7.52
11/15/2019 1:33:19 PM	4.94	1.29	12.93	3.56	0.00	0.00	0.00	1.22	22.71	100.00	6.27	7.95	2616	1287	5819	107	0	0	0	0	9828	170.97	43.49	11.29	29.50	40.88	35.03	84.86	1.61	23.42	7.54
11/15/2019 1:33:22 PM	5.12	0.85	12.21	4.40	0.00	0.00	0.00	1.22	22.58	100.00	6.30	7.93	2714	852	5493	132	0	0	0	0	9191	170.81	43.72	10.99	28.58	40.81	35.57	85.03	1.62	23.41	7.56
11/15/2019 1:33:24 PM	5.39	1.15	12.30	3.72	0.00	0.00	0.00	1.19	22.56	100.00	6.33	7.96	2858	1151	5535	112	0	0	0	0	9656	171.23	42.54	10.85	28.85	40.30	34.78	83.78	1.62	23.38	7.52
11/15/2019 1:33:27 PM	5.54	1.04	11.68	3.77	0.00	0.00	0.00	1.21	22.04	100.00	6.35	7.96	2939	1037	5258	113	0	0	0	0	9347	170.71	41.34	10.46	27.97	39.68	34.06	81.98	1.62	23.36	7.52
11/15/2019 1:33:29 PM	5.16	1.32	12.55	3.17	0.00	0.00	0.00	1.16	22.20	100.00	6.37	7.94	2737	1321	5646	95	0	0	0	0	9799	170.22	41.73	10.63	28.65	39.63	33.81	82.30	1.62	23.36	7.52
11/15/2019 1:33:31 PM	5.19	1.14	12.22	3.44	0.00	0.00	0.00	1.20	21.99	100.00	6.38	7.92	2749	1145	5498	103	0	0	0	0	9495	169.68	41.62	10.58	28.14	39.73	33.68	82.15	1.63	23.35	7.51
11/15/2019 1:33:34 PM	5.01	1.09	12.01	3.70	0.00	0.00	0.00	1.29	21.81	100.00	6.41	7.93	2656	1087	5406	111	0	0	0	0	9260	170.35	41.86	10.68	28.10	40.22	33.98	82.31	1.63	23.35	7.51
11/15/2019 1:33:36 PM	4.96	1.08	11.90	3.29	0.00	0.00	0.00	1.19	21.23	100.00	6.42	7.93	2629	1078	5354	99	0	0	0	0	9161	170.95	40.40	10.07	27.12	38.68	32.60	79.73	1.63	23.32	7.52
11/15/2019 1:33:39 PM	5.30	0.71	11.88	3.82	0.00	0.00	0.00	1.16	21.71	100.00	6.44	7.94	2807	715	5345	115	0	0	0	0	8982	170.22	41.44	10.31	26.84	39.20	33.02	81.87	1.63	23.31	7.50
11/15/2019 1:33:41 PM	5.25	1.05	12.61	3.31	0.00	0.00	0.00	1.17	22.22	100.00	6.46	7.96	2784	1045	5675	99	0	0	0	0	9603	170.38	42.10	10.36	27.89	39.89	33.47	83.21	1.63	23.29	7.48
11/15/2019 1:33:43 PM	5.59	1.33	13.28	2.88	0.00	0.00	0.00	1.12	23.07	100.00	6.49	7.97	2961	1331	5974	86	0	0	0	0	10352	170.33	42.74	10.74	29.14	40.42	33.96	85.01	1.64	23.27	7.48
11/15/2019 1:33:46 PM	6.39	1.02	12.38	3.54	0.00	0.00	0.00	1.11	23.33	100.00	6.51	7.97	3386	1022	5573	106	0	0	0	0	10087	170.16	42.50	10.59	28.69	40.55	34.54	85.50	1.64	23.26	7.48
11/15/2019 1:33:48 PM	6.02	1.01	11.46	3.34	0.00	0.00	0.00	1.09	21.84	100.00	6.52	7.97	3193	1014	5156	100	0	0	0	0	9463	170.50	39.77	9.65	27.06	38.33	32.85	80.07	1.64	23.24	7.49
11/15/2019 1:33:50 PM	5.25	0.85	10.33	3.54	0.00	0.00	0.00	1.13	19.96	100.00	6.54	7.98	2780	848	4646	106	0	0	0	0	8381	171.01	37.36	9.07	25.17	36.31	31.23	74.48	1.64	23.24	7.50
11/15/2019 1:33:53 PM	5.41	1.07	10.51	3.09	0.00	0.00	0.00	1.13	20.08	100.00	6.57	7.97	2868	1067	4731	93	0	0	0	0	8759	170.92	36.92	8.96	25.52	36.30	30.95	74.24	1.64	23.23	7.50
11/15/2019 1:33:55 PM	5.75	0.99	10.55	3.29	0.00	0.00	0.00	1.19	20.58	100.00	6.59	7.94	3048	995	4745	99	0	0	0	0	8887	170.76	37.72	9.24	25.89	37.45	31.55	76.33	1.65	23.24	7.47
11/15/2019 1:33:58 PM	5.62	0.92	10.46	3.34	0.00	0.00	0.00	1.10	20.33	100.00	6.61	7.93	2978	918	4707	100	0	0	0	0	8703	170.87	37.30	9.17	25.48	36.41	31.16	75.09	1.65	23.22	7.49
11/15/2019 1:34:00 PM	5.68	0.88	10.06	3.52	0.00	0.00	0.00	1.09	20.14	100.00	6.64	7.96	3009	879	4529	106	0	0	0	0	8522	170.94	36.83	9.21	25.32	36.00	31.16	74.15	1.65	23.19	7.49
11/15/2019 1:34:02 PM	6.05	0.88	10.13	3.76	0.00	0.00	0.00	1.20	20.82	100.00	6.68	7.92	3204	883	4560	113	0	0	0	0	8759	170.40	38.00	9.49	26.09	37.78	32.29	76.99	1.65	23.18	7.45
11/15/2019 1:34:05 PM	5.14	0.87	10.07	3.31	0.00	0.00	0.00	1.12	19.40	100.00	6.69	7.81	2725	873	4533	99	0	0	0	0	8231	170.79	36.17	9.05	24.63	35.44	30.13	72.40	1.66	23.18	7.45
11/15/2019 1:34:07 PM	5.41	0.73	10.41	3.53	0.00	0.00	0.00	1.04	20.08	100.00	6.70	7.74	2868	726	4685	106	0	0	0	0	8386	170.66	37.30	9.13	24.88	35.75	30.83	74.51	1.66	23.17	7.45
11/15/2019 1:34:10 PM	4.84	0.77	10.05	3.69	0.00	0.00	0.00	1.18	19.35	100.00	6.72	7.75	2567	768	4521	111	0	0	0	0	7966	170.12	36.97	9.29	24.71	36.06	30.72	73.21	1.66	23.14	7.47
11/15/2019 1:34:12 PM	5.40	1.03	10.56	3.29	0.00	0.00	0.00	1.14	20.28	100.00	6.73	7.78	2863	1031	4753	99	0	0	0	0	8746	170.79	37.49	9.36	25.84	36.74	31.36	75.16	1.66	23.12	7.46
11/15/2019 1:34:14 PM	5.58	1.43	11.35	2.82	0.00	0.00	0.00	1.17	21.18	100.00	6.74	7.81	2960	1434	5107	84	0	0	0	0	9585	170.51	38.52	9.95	27.57	37.99	32.21	77.58	1.66	23.12	7.46
11/15/2019 1:34:17 PM	5.79	1.13	11.27	3.17	0.00	0.00	0.00	1.11	21.36	100.00	6.76	7.81	3071	1125	5070	95	0	0	0	0	9361	170.88	38.94	9.76	26.96	37.81	32.28	78.36	1.66	23.10	7.45
11/15/2019 1:34:19 PM	5.60	1.47	12.07	2.89	0.00	0.00	0.00	1.23	22.03	100.00	6.78	7.85	2968	1470	5431	87	0	0	0	0	9956	170.80	40.47	10.39	28.59	39.68	33.35	81.16	1.66	23.11	7.42
11/15/2019 1:34:21 PM	5.54	1.23	11.94	3.11	0.00	0.00	0.00	1.28	21.83	100.00	6.80	7.86	2939	1232	5373	93	0	0	0	0	9637	170.66	40.66	9.82	27.74	39.99	33.26	81.50	1.67	23.10	7.42
11/15/2019 1:34:24 PM	5.63	1.37	12.52	3.09	0.00	0.00	0.00	1.32	22.61	100.00	6.82	7.87	2986	1366	5633	93	0	0	0	0	10077	170.81	42.10	10.60	29.00	41.37	34.15	84.33	1.67	23.07	7.41
11/15/2019 1:34:26 PM	6.11	1.20	12.35	3.40	0.00	0.00	0.00	1.32	23.06	100.00	6.84	7.89	3238	1198	5558	102	0	0	0	0	10096	171.15	42.56	10.85	29.08	41.91	34.55	85.82	1.67	23.06	7.43
11/15/2019 1:34:29 PM	5.57	1.00	12.47	3.45	0.00	0.00	0.00	1.16	22.49	100.00	6.88	7.90	2954	999	5612	104	0	0	0	0	9668	170.74	42.21	10.31	27.98	40.05	33.83	83.79	1.67	23.04	7.45
11/15/2019 1:34:31 PM	4.76	0.72	10.41	3.99	0.00	0.00	0.00	1.13	19.88	100.00	6.89	7.91	2523	721	4685	120	0	0	0	0	8048	170.72	38.29	9.61	25.32	36.37	31.75	74.95	1.68	23.05	7.43
11/15/2019 1:34:33 PM	5.05	1.18	10.54	3.05	0.00	0.00	0.00	1.20	19.83	100.00	6.91	7.92	2679	1183	4744	92	0	0	0	0	8698	170.39	36.96	9.36	25.84	36.61	30.93	73.92	1.68	23.02	7.45
11/15/2019 1:34:36 PM	5.81	1.67	11.49	2.66	0.00	0.00	0.00	1.17	21.63	100.00	6.94	7.91	3080	1669	5172	80	0	0	0	0	10000	171.16	38.73	10.07	28.48	38.36	32.91	78.27	1.68	23.02	7.43
11/15/2019 1:34:38 PM	6.11	1.51	12.01	2.92	0.00	0.00	0.00	1.13	22.55	100.00	6.95	7.90	3239	1511	5403	87	0	0	0	0	10240	170.28	40.40	10.59	29.05	39.35	33.71	81.57	1.68	23.00	7.44
11/15/2019 1:34:40 PM	6.36	1.53	12.31	2.74	0.00	0.00	0.00	1.06	22.94	100.00	6.97	7.90	3370	1531	5541	82	0	0	0	0	10524	170.33	40.65	10.45	29.20	39.30	33.77	82.37	1.68	22.97	7.43
11/15/2019 1:34:43 PM	5.75	2.41	12.51	1.54	0.00	0.00	0.00	1.15	22.21	100.00	6.98	7.89	3046	2406	5630	46	0	0	0	0	11127	170.27	38.77	10.25	30.36	38.78	33.15	78.73	1.68	22.98	7.41
11/15/2019 1:34:45 PM	5.89	1.58	11.62	2.58	0.00	0.00	0.00	1.27	21.67	100.00	7.01	7.89	3124	1583	5228	77	0	0	0	0	10012	171.00	39.03	10.09	28.25	39.37	32.55	79.48	1.69	22.96	7.43
11/15/2019 1:34:48 PM	6.17	1.34	11.98	2.96	0.00	0.00	0.00	1.25	22.45	100.00	7.02	7.89	3269	1345	5392	89	0	0	0	0	10094	170.29	40.66	10.32	28.49	40.37	33.41	82.61	1.69	22.98	7.39
11/15/2019 1:34:50 PM	5.94	1.14	11.57	3.18	0.00	0.00	0.00	1.18	21.82	100.00	7.05	7.87	3147	1140	5206	95	0	0	0	0	9588	170.67	39.86	9.92	27.43	39.01	32.81	80.46	1.69	22.98	7.39
11/15/2019 1:34:52 PM	4.79	0.98	10.51	2.95	0.00	0.00	0.00	1.16	19.23	100.00	7.06	7.86	2539	982	4728	89	0	0	0	0	8337	170.97	36.34	8.70	24.57	35.74	29.85	72.48	1.69	22.92	7.39
11/15/2019 1:34:55 PM	5.04	0.97	10.72	3.19	0.00	0.00	0.00	1.17	19.92	100.00	7.09	7.86	2673	967	4825	96	0	0	0	0	8561	171.04	37.46	9.34	25.39	36.62	30.74	74.73	1.69	22.93	7.43
11/15/2019 1:34:57 PM	5.70	1.11	10.58	3.47	0.00	0.00	0.00	1.26	20.85	100.00	7.11	7.87	3019	1106	4759	104	0	0	0	0	8988	170.78	38.41	10.04	26.83	38.37	32.29	77.48	1.70	22.92	7.41
11/15/2019 1:35:00 PM	5.62	1.41	11.71	2.93	0.00	0.00	0.00	1.21	21.68	100.00	7.13	7.87	2979	1415	5270	88	0	0	0	0	9752	170.58	39.70	9.97	28.01	39.01	33.02	79.74	1.70	22.91	7.40
11/15/2019 1:35:02 PM	5.87	1.39	11.79	3.18	0.00	0.00	0.00	1.21	22.24	100.00	7.14	7.86	3112	1395	5307	95	0	0	0	0	9909	170.57	40.55	10.71	28.76	39.69	33.72	81.49	1.70	22.91	7.37
11/15/2019 1:35:04 PM	5.70	1.39	11.51	3.12	0.00	0.00	0.00	1.31	21.72	100.00	7.17	7.87	3019	1392	5179	94	0	0	0	0	9684	170.60	39.94	10.40	28.27	39.85	33.26	80.48	1.70	22.88	7.41
11/15/2019 1:35:07 PM	5.21	1.15	11.05	3.08	0.00	0.00	0.00	1.23	20.48	100.00	7.18	7.87	2761	1149	4972	92	0	0	0	0	8975	170.21	38.26	9.54	26.34	37.79	31.55	76.61	1.70	22.85	7.37
11/15/2019 1:35:09 PM	5.42	0.64	10.32	3.90	0.00	0.00	0.00	1.15	20.28	100.00	7.19	7.85	2873	643	4645	117	0	0	0	0	8277	170.45	38.18	9.39	25.16	36.99	31.60	76.15	1.70	22.84	7.38
11/15/2019 1:35:11 PM	5.28	0.78	10.47	3.38	0.00	0.00	0.00	1.12	19.90	100.00	7.21	7.82	2799	780	4710	101	0	0	0	0	8390	170.89	37.22	9.10	24.83	36.24	30.56	74.53	1.71	22.86	7.37
11/15/2019 1:35:14 PM	5.20	1.17	10.91	3.13	0.00	0.00	0.00	1.22	20.41	100.00	7.22	7.84	2756	1174	4908	94	0	0	0	0	8932	170.60	38.04	9.77	26.45	37.57	31.53	76.13	1.71	22.84	7.39
11/15/2019 1:35:16 PM	4.95	1.34	11.10	2.84	0.00	0.00	0.00	1.33	20.24	100.00	7.24	7.83	2623	1340	4997	85	0	0	0	0	9045	170.75	38.05	9.68	26.65	38.23	31.41	76.20	1.71	22.85	7.35
11/15/2019 1:35:19 PM	5.18	0.83	10.62	3.64	0.00	0.00	0.00	1.26	20.26	100.00	7.24	7.82	2743	827	4781	109	0	0	0	0	8460	170.62	38.46	9.80	25.72	37.85	31.52	76.73	1.71	22.82	7.39
11/15/2019 1:35:21 PM	5.08	0.68	10.75	3.64	0.00	0.00	0.00	1.20	20.15	100.00	7.26	7.82	2690	685	4838	109	0	0	0	0	8321	170.89	38.49	9.32	25.08	37.37	31.22	76.51	1.71	22.80	7.38
11/15/2019 1:35:23 PM	5.16	0.73	10.69	3.47	0.00	0.00	0.00	1.14	20.06	100.00	7.27	7.81	2735	734	4809	104	0	0	0	0	8382	170.80	37.90	9.27	24.98	36.71	30.83	75.55	1.71	22.81	7.37
11/15/2019 1:35:26 PM	5.17	1.36	10.68	2.89	0.00	0.00	0.00	1.26	20.10	100.00	7.29	7.81	2741	1362	4806	87	0	0	0	0	8996	171.06	37.15	9.90	26.62	37.34	31.12	74.73	1.71	22.78	7.35
11/15/2019 1:35:28 PM	5.03	0.92	10.62	3.52	0.00	0.00	0.00	1.19	20.09	100.00	7.31	7.78	2668	917	4777	106	0	0	0	0	8468	170.77	38.02	9.76	25.75	37.07	31.35	75.53	1.72	22.77	7.35
11/15/2019 1:35:30 PM	5.27	0.46	10.66	4.16	0.00	0.00	0.00	1.21	20.55	100.00	7.32	7.73	2792	461	4796	125	0	0	0	0	8173	170.56	39.47	9.96	25.29	38.03	31.84	78.31	1.72	22.78	7.35
11/15/2019 1:35:33 PM	5.86	0.66	11.22	3.78	0.00	0.00	0.00	1.21	21.52	100.00	7.33	7.73	3106	658	5048	113	0	0	0	0	8926	171.01	40.22	9.78	26.21	39.11	32.53	80.87	1.72	22.78	7.34
11/15/2019 1:35:35 PM	5.82	1.46	12.16	2.69	0.00	0.00	0.00	1.24	22.12	100.00	7.34	7.77	3083	1456	5471	81	0	0	0	0	10091	170.72	40.29	10.19	28.38	39.84	32.95	81.47	1.72	22.75	7.35
11/15/2019 1:35:38 PM	6.67	0.91	11.31	3.84	0.00	0.00	0.00	1.19	22.73	100.00	7.35	7.81	3534	910	5090	115	0	0	0	0	9650	170.59	41.06	10.36	27.94	40.20	34.15	83.42	1.72	22.73	7.37
11/15/2019 1:35:40 PM	5.95	1.09	11.80	3.73	0.00	0.00	0.00	1.25	22.57	100.00	7.36	7.83	3155	1091	5310	112	0	0	0	0	9667	170.55	41.82	10.60	28.50	40.66	34.52	83.70	1.72	22.72	7.33
11/15/2019 1:35:42 PM	5.88	1.47	12.56	3.50	0.00	0.00	0.00	1.28	23.41	100.00	7.37	7.86	3115	1473	5653	105	0	0	0	0	10346	169.81	43.27	10.99	30.27	41.93	36.01	86.15	1.72	22.72	7.37
11/15/2019 1:35:45 PM	5.77	1.73	12.74	3.23	0.00	0.00	0.00	1.27	23.46	100.00	7.38	7.84	3056	1732	5731	97	0	0	0	0	10616	168.40	43.08	11.42	31.01	41.77	36.03	85.66	1.72	22.72	7.31
11/15/2019 1:35:47 PM	5.71	2.06	12.87	2.84	0.00	0.00	0.00	1.20	23.48	100.00	7.40	7.85	3027	2055	5792	85	0	0	0	0	10961	169.76	42.48	11.66	31.75	41.03	35.97	84.41	1.72	22.70	7.34
11/15/2019 1:35:50 PM	4.93	1.31	12.29	4.15	0.00	0.00	0.00	1.30	22.68	100.00	7.41	7.86	2614	1305	5530	124	0	0	0	0	9573	170.39	43.62	12.39	30.27	41.35	35.86	84.80	1.73	22.72	7.31
11/15/2019 1:35:52 PM	4.77	1.45	12.55	3.40	0.00	0.00	0.00	1.32	22.18	100.00	7.42	7.86	2526	1455	5649	102	0	0	0	0	9732	170.31	42.57	11.21	29.47	40.94	34.71	83.28	1.73	22.69	7.31
11/15/2019 1:35:54 PM	4.96	1.62	12.69	2.77	0.00	0.00	0.00	1.31	22.04	100.00	7.43	7.86	2631	1623	5709	83	0	0	0	0	10046	169.61	41.53	10.90	29.28	40.56	33.66	82.27	1.73	22.67	7.31
11/15/2019 1:35:57 PM	4.96	1.71	12.88	2.45	0.00	0.00	0.00	1.29	22.00	100.00	7.46	7.86	2627	1714	5794	74	0	0	0	0	10209	169.97	41.21	10.51	29.16	40.30	33.33	81.84	1.73	22.67	7.35
11/15/2019 1:35:59 PM	5.54	1.67	12.61	2.57	0.00	0.00	0.00	1.29	22.39	100.00	7.49	7.85	2939	1665	5676	77	0	0	0	0	10357	170.59	41.14	10.61	29.33	40.68	33.59	82.67	1.73	22.66	7.33
11/15/2019 1:36:01 PM	5.33	1.74	12.55	2.66	0.00	0.00	0.00	1.34	22.27	100.00	7.52	7.87	2825	1735	5646	80	0	0	0	0	10286	170.25	41.29	10.70	29.57	40.95	33.94	82.56	1.74	22.65	7.31
11/15/2019 1:36:04 PM	4.90	1.96	13.13	2.31	0.00	0.00	0.00	1.37	22.29	100.00	7.55	7.86	2595	1955	5909	69	0	0	0	0	10528	170.58	41.73	10.99	30.18	41.25	33.90	82.89	1.74	22.65	7.31
11/15/2019 1:36:06 PM	5.48	1.04	12.13	3.57	0.00	0.00	0.00	1.31	22.22	100.00	7.60	7.85	2903	1044	5460	107	0	0	0	0	9513	170.59	42.04	10.72	28.16	40.87	33.84	83.70	1.74	22.66	7.29
11/15/2019 1:36:09 PM	4.89	1.06	11.55	3.50	0.00	0.00	0.00	1.25	21.00	100.00	7.62	7.84	2591	1062	5199	105	0	0	0	0	8957	170.87	40.20	10.29	27.11	38.84	32.68	79.26	1.75	22.62	7.31
11/15/2019 1:36:11 PM	4.83	1.38	11.82	3.13	0.00	0.00	0.00	1.27	21.16	100.00	7.64	7.81	2558	1381	5319	94	0	0	0	0	9352	170.35	40.16	10.31	27.92	39.09	33.01	79.24	1.75	22.61	7.30
11/15/2019 1:36:13 PM	5.08	0.92	11.16	3.84	0.00	0.00	0.00	1.21	20.99	100.00	7.66	7.79	2693	917	5020	115	0	0	0	0	8745	170.82	40.03	10.11	26.80	38.41	32.98	78.88	1.75	22.62	7.29
11/15/2019 1:36:16 PM	5.01	1.27	11.58	3.05	0.00	0.00	0.00	1.11	20.90	100.00	7.67	7.81	2655	1267	5211	91	0	0	0	0	9224	170.47	39.09	9.85	27.10	37.43	32.21	77.30	1.75	22.60	7.32
11/15/2019 1:36:18 PM	5.41	1.13	11.14	3.43	0.00	0.00	0.00	1.20	21.10	100.00	7.69	7.80	2866	1130	5011	103	0	0	0	0	9110	170.36	39.28	10.10	27.15	38.28	32.63	78.33	1.75	22.58	7.30
11/15/2019 1:36:21 PM	5.56	1.24	11.69	3.34	0.00	0.00	0.00	1.26	21.83	100.00	7.71	7.80	2947	1242	5262	100	0	0	0	0	9550	170.74	40.56	10.61	28.15	39.73	33.36	81.11	1.76	22.59	7.29
11/15/2019 1:36:23 PM	5.26	1.28	12.19	3.37	0.00	0.00	0.00	1.36	22.10	100.00	7.75	7.82	2787	1283	5486	101	0	0	0	0	9658	170.35	41.88	10.80	28.68	41.11	34.02	83.22	1.76	22.58	7.31
11/15/2019 1:36:25 PM	4.83	0.96	10.34	3.27	0.00	0.00	0.00	1.24	19.40	100.00	7.79	7.76	2562	963	4654	98	0	0	0	0	8277	170.76	36.89	8.99	24.96	36.57	30.59	73.49	1.76	22.58	7.28
11/15/2019 1:36:28 PM	5.02	0.78	9.75	3.45	0.00	0.00	0.00	1.21	19.00	100.00	7.82	7.71	2659	780	4386	104	0	0	0	0	7929	170.44	35.89	8.81	24.11	35.73	29.95	71.90	1.77	22.56	7.29
11/15/2019 1:36:30 PM	4.67	1.36	10.75	2.98	0.00	0.00	0.00	1.23	19.75	100.00	7.87	7.72	2473	1359	4838	89	0	0	0	0	8758	170.54	37.25	9.76	26.44	36.82	31.19	73.83	1.77	22.57	7.29
11/15/2019 1:36:32 PM	4.91	1.46	11.17	3.01	0.00	0.00	0.00	1.30	20.54	100.00	7.90	7.73	2602	1459	5024	90	0	0	0	0	9175	170.80	38.56	10.23	27.51	38.34	32.20	76.70	1.77	22.56	7.28
11/15/2019 1:36:35 PM	5.23	1.35	10.76	3.01	0.00	0.00	0.00	1.29	20.36	100.00	7.91	7.75	2772	1354	4841	90	0	0	0	0	9058	170.43	37.77	9.57	26.79	37.97	31.86	75.85	1.78	22.53	7.29
11/15/2019 1:36:37 PM	4.78	2.28	12.32	2.29	0.00	0.00	0.00	1.27	21.66	100.00	7.93	7.76	2532	2282	5542	69	0	0	0	0	10425	169.84	39.82	11.08	30.56	39.28	33.95	78.67	1.78	22.53	7.29
11/15/2019 1:36:40 PM	4.81	1.64	12.24	3.01	0.00	0.00	0.00	1.30	21.71	100.00	7.97	7.76	2549	1638	5510	90	0	0	0	0	9787	170.57	41.04	10.99	29.25	39.98	33.85	80.83	1.78	22.52	7.27
11/15/2019 1:36:42 PM	5.79	1.60	12.03	3.24	0.00	0.00	0.00	1.35	22.67	100.00	7.99	7.77	3070	1603	5413	97	0	0	0	0	10183	170.17	41.63	11.25	29.97	41.33	34.84	83.50	1.78	22.50	7.28
11/15/2019 1:36:44 PM	6.10	1.53	11.80	2.68	0.00	0.00	0.00	1.25	22.11	100.00	8.03	7.78	3232	1533	5309	81	0	0	0	0	10154	170.83	39.71	10.14	28.51	39.82	33.05	80.91	1.79	22.51	7.29
11/15/2019 1:36:47 PM	6.27	1.81	12.43	2.48	0.00	0.00	0.00	1.26	22.99	100.00	8.06	7.77	3321	1810	5594	74	0	0	0	0	10800	170.40	40.88	10.91	30.09	40.93	34.00	83.35	1.79	22.49	7.27
11/15/2019 1:36:49 PM	6.08	1.64	12.52	2.89	0.00	0.00	0.00	1.38	23.14	100.00	8.09	7.75	3221	1643	5636	87	0	0	0	0	10586	169.21	42.13	11.20	30.19	42.24	34.66	85.35	1.79	22.50	7.28
11/15/2019 1:36:51 PM	5.52	1.68	12.86	2.70	0.00	0.00	0.00	1.35	22.76	100.00	8.13	7.74	2928	1684	5786	81	0	0	0	0	10479	170.35	42.11	11.15	29.97	41.66	34.18	84.43	1.80	22.48	7.29
11/15/2019 1:36:54 PM	5.35	1.64	13.02	2.93	0.00	0.00	0.00	1.34	22.94	100.00	8.14	7.75	2833	1642	5858	88	0	0	0	0	10422	170.85	42.91	11.19	30.20	41.91	34.87	85.28	1.80	22.47	7.28
11/15/2019 1:36:56 PM	5.64	1.56	13.23	3.16	0.00	0.00	0.00	1.33	23.59	100.00	8.16	7.75	2988	1562	5955	95	0	0	0	0	10600	170.91	43.98	11.39	30.66	42.67	35.68	87.48	1.80	22.47	7.24
11/15/2019 1:36:59 PM	5.58	1.48	13.25	3.08	0.00	0.00	0.00	1.25	23.38	100.00	8.19	7.76	2956	1476	5961	92	0	0	0	0	10485	170.61	43.56	11.15	30.10	41.83	35.10	86.54	1.80	22.46	7.24
11/15/2019 1:37:01 PM	5.35	1.12	12.30	3.77	0.00	0.00	0.00	1.28	22.55	100.00	8.20	7.78	2837	1121	5534	113	0	0	0	0	9605	170.05	42.83	11.02	28.88	41.06	34.80	84.51	1.80	22.45	7.26
11/15/2019 1:37:03 PM	5.07	1.40	12.78	3.39	0.00	0.00	0.00	1.31	22.64	100.00	8.22	7.78	2685	1402	5753	102	0	0	0	0	9942	169.70	43.09	11.33	29.67	41.39	34.87	84.75	1.80	22.44	7.26
11/15/2019 1:37:06 PM	5.64	0.97	12.09	4.12	0.00	0.00	0.00	1.30	22.83	100.00	8.23	7.79	2990	971	5440	124	0	0	0	0	9525	170.50	43.26	11.23	28.93	41.53	35.25	85.59	1.81	22.44	7.24
11/15/2019 1:37:08 PM	6.18	0.80	12.04	4.13	0.00	0.00	0.00	1.19	23.15	100.00	8.25	7.81	3275	801	5420	124	0	0	0	0	9619	170.40	43.06	10.92	28.47	41.03	34.98	85.95	1.81	22.41	7.24
11/15/2019 1:37:11 PM	5.66	1.16	12.61	3.42	0.00	0.00	0.00	1.17	22.87	100.00	8.26	7.81	3002	1165	5676	103	0	0	0	0	9946	170.68	42.61	10.85	28.89	40.53	34.39	84.64	1.81	22.42	7.26
11/15/2019 1:37:13 PM	5.50	0.91	11.95	3.62	0.00	0.00	0.00	1.18	21.98	100.00	8.29	7.82	2913	907	5379	109	0	0	0	0	9308	170.58	41.39	10.46	27.48	39.51	33.29	82.21	1.81	22.40	7.24
11/15/2019 1:37:15 PM	5.40	0.81	11.56	3.88	0.00	0.00	0.00	1.21	21.65	100.00	8.32	7.82	2865	809	5201	116	0	0	0	0	8991	170.31	41.08	10.35	27.08	39.34	33.29	81.40	1.82	22.40	7.25
11/15/2019 1:37:18 PM	5.33	0.77	11.40	4.01	0.00	0.00	0.00	1.22	21.51	100.00	8.34	7.82	2826	770	5128	120	0	0	0	0	8844	170.36	40.99	10.72	27.08	39.30	33.16	81.11	1.82	22.39	7.23
11/15/2019 1:37:20 PM	4.72	0.98	11.90	3.65	0.00	0.00	0.00	1.25	21.24	100.00	8.35	7.80	2499	975	5356	109	0	0	0	0	8940	170.27	41.18	10.60	27.31	39.29	33.00	80.64	1.82	22.39	7.24
11/15/2019 1:37:22 PM	4.63	1.06	12.29	3.38	0.00	0.00	0.00	1.22	21.36	100.00	8.37	7.80	2454	1059	5531	101	0	0	0	0	9146	169.64	41.36	10.40	27.42	39.24	32.92	80.92	1.82	22.39	7.22
11/15/2019 1:37:25 PM	5.12	1.42	12.46	3.02	0.00	0.00	0.00	1.27	22.03	100.00	8.39	7.80	2714	1417	5609	91	0	0	0	0	9830	169.85	41.46	10.94	28.82	40.21	33.48	82.20	1.82	22.37	7.23
11/15/2019 1:37:27 PM	5.46	1.66	12.60	2.88	0.00	0.00	0.00	1.28	22.60	100.00	8.43	7.81	2896	1660	5670	86	0	0	0	0	10312	170.55	41.77	11.23	29.90	40.87	34.26	83.33	1.83	22.37	7.22
11/15/2019 1:37:30 PM	5.59	1.58	12.53	3.27	0.00	0.00	0.00	1.36	22.98	100.00	8.47	7.82	2965	1582	5639	98	0	0	0	0	10285	170.19	42.75	11.39	30.29	42.04	35.27	85.21	1.83	22.36	7.23
11/15/2019 1:37:32 PM	5.29	1.48	12.59	3.60	0.00	0.00	0.00	1.41	22.95	100.00	8.51	7.80	2803	1480	5664	108	0	0	0	0	10055	170.58	43.54	11.74	30.39	42.53	35.70	86.01	1.83	22.36	7.20
11/15/2019 1:37:34 PM	5.01	1.05	12.33	3.53	0.00	0.00	0.00	1.26	21.92	100.00	8.56	7.78	2657	1046	5547	106	0	0	0	0	9357	170.15	42.10	10.16	27.80	40.20	33.86	82.80	1.84	22.34	7.22
11/15/2019 1:37:37 PM	4.85	0.96	12.01	3.38	0.00	0.00	0.00	1.19	21.20	100.00	8.60	7.78	2570	961	5405	101	0	0	0	0	9037	170.77	40.73	9.84	26.78	38.73	32.58	80.10	1.84	22.35	7.22
11/15/2019 1:37:39 PM	4.93	1.35	11.96	2.78	0.00	0.00	0.00	1.19	21.02	100.00	8.64	7.79	2612	1351	5383	83	0	0	0	0	9430	170.32	39.50	9.76	27.28	38.30	32.14	78.37	1.85	22.33	7.23
11/15/2019 1:37:41 PM	5.74	0.71	10.31	3.80	0.00	0.00	0.00	1.18	20.55	100.00	8.68	7.79	3042	711	4637	114	0	0	0	0	8505	170.28	38.17	9.23	25.40	37.45	31.84	76.80	1.85	22.34	7.22
11/15/2019 1:37:44 PM	5.07	1.02	11.00	3.57	0.00	0.00	0.00	1.23	20.67	100.00	8.71	7.81	2686	1022	4952	107	0	0	0	0	8767	170.25	39.17	10.24	26.71	38.15	32.25	77.65	1.85	22.34	7.22
11/15/2019 1:37:46 PM	5.46	0.62	10.56	4.18	0.00	0.00	0.00	1.22	20.83	100.00	8.76	7.80	2896	622	4752	125	0	0	0	0	8396	170.72	39.52	9.96	25.93	38.27	32.58	78.57	1.86	22.32	7.20
11/15/2019 1:37:49 PM	5.06	1.38	11.82	3.24	0.00	0.00	0.00	1.35	21.51	100.00	8.81	7.80	2681	1384	5320	97	0	0	0	0	9482	170.36	40.72	10.46	28.32	40.12	33.56	80.76	1.86	22.32	7.22
11/15/2019 1:37:51 PM	5.06	1.43	11.83	3.20	0.00	0.00	0.00	1.33	21.53	100.00	8.88	7.79	2684	1427	5324	96	0	0	0	0	9532	170.36	40.64	10.53	28.44	39.99	33.57	80.59	1.87	22.31	7.21
11/15/2019 1:37:53 PM	4.73	0.95	10.33	3.44	0.00	0.00	0.00	1.24	19.44	100.00	8.96	7.74	2505	951	4648	103	0	0	0	0	8207	170.00	37.19	9.28	25.18	36.61	30.89	73.67	1.88	22.32	7.19
11/15/2019 1:37:56 PM	4.46	1.03	10.11	3.02	0.00	0.00	0.00	1.20	18.61	100.00	9.02	7.69	2362	1029	4548	90	0	0	0	0	8030	170.25	35.54	8.82	24.34	35.19	29.48	70.51	1.88	22.32	7.18
11/15/2019 1:37:58 PM	4.71	1.43	10.95	2.82	0.00	0.00	0.00	1.26	19.90	100.00	9.06	7.69	2496	1426	4927	85	0	0	0	0	8934	170.29	37.46	9.52	26.58	37.24	31.34	74.45	1.89	22.28	7.19
11/15/2019 1:38:01 PM	4.90	1.06	10.77	3.16	0.00	0.00	0.00	1.18	19.90	100.00	9.11	7.69	2600	1058	4847	95	0	0	0	0	8600	170.21	37.56	9.18	25.59	36.72	31.06	74.64	1.89	22.28	7.16
11/15/2019 1:38:03 PM	5.07	1.26	10.95	3.05	0.00	0.00	0.00	1.29	20.34	100.00	9.15	7.69	2687	1261	4929	92	0	0	0	0	8969	170.16	38.16	9.38	26.52	38.06	31.83	76.29	1.90	22.26	7.20
11/15/2019 1:38:05 PM	5.13	0.83	10.16	3.41	0.00	0.00	0.00	1.24	19.53	100.00	9.19	7.70	2719	832	4570	102	0	0	0	0	8222	170.41	36.87	8.93	24.70	36.70	30.57	73.92	1.90	22.26	7.18
11/15/2019 1:38:08 PM	5.23	1.32	11.37	3.20	0.00	0.00	0.00	1.33	21.11	100.00	9.22	7.72	2770	1317	5115	96	0	0	0	0	9298	169.52	39.59	10.03	27.59	39.34	32.89	79.05	1.90	22.26	7.19
11/15/2019 1:38:10 PM	4.97	1.28	10.97	3.08	0.00	0.00	0.00	1.31	20.30	100.00	9.27	7.74	2635	1277	4936	92	0	0	0	0	8941	170.32	38.25	9.79	26.71	38.16	31.76	76.33	1.91	22.26	7.17
11/15/2019 1:38:12 PM	5.21	1.45	10.94	2.86	0.00	0.00	0.00	1.30	20.47	100.00	9.30	7.76	2762	1454	4925	86	0	0	0	0	9227	170.25	37.88	9.78	27.14	38.15	31.86	76.13	1.91	22.25	7.19
11/15/2019 1:38:15 PM	4.99	1.45	11.14	2.99	0.00	0.00	0.00	1.34	20.57	100.00	9.33	7.75	2644	1450	5013	90	0	0	0	0	9197	170.25	38.60	10.18	27.48	38.73	32.19	77.07	1.91	22.25	7.16
11/15/2019 1:38:17 PM	5.03	1.15	11.33	3.38	0.00	0.00	0.00	1.39	20.89	100.00	9.36	7.73	2667	1152	5096	101	0	0	0	0	9017	170.51	39.88	10.17	27.18	39.74	32.64	79.41	1.92	22.24	7.17
11/15/2019 1:38:20 PM	4.92	1.38	12.00	3.01	0.00	0.00	0.00	1.40	21.31	100.00	9.39	7.73	2606	1376	5402	90	0	0	0	0	9474	170.41	40.63	10.19	27.95	40.37	33.02	80.76	1.92	22.22	7.17
11/15/2019 1:38:22 PM	5.52	1.24	11.86	3.33	0.00	0.00	0.00	1.36	21.95	100.00	9.43	7.70	2926	1238	5335	100	0	0	0	0	9600	170.27	41.15	10.37	28.22	40.76	33.71	82.39	1.92	22.22	7.17
11/15/2019 1:38:24 PM	5.81	0.86	11.26	3.97	0.00	0.00	0.00	1.28	21.90	100.00	9.45	7.70	3081	864	5068	119	0	0	0	0	9132	170.45	41.04	10.30	27.42	40.11	33.82	82.11	1.93	22.21	7.18
11/15/2019 1:38:27 PM	5.68	1.39	11.92	3.19	0.00	0.00	0.00	1.28	22.18	100.00	9.49	7.73	3009	1391	5362	96	0	0	0	0	9858	169.61	40.94	10.51	28.72	40.27	33.91	82.04	1.93	22.20	7.16
11/15/2019 1:38:29 PM	6.17	0.94	10.87	3.81	0.00	0.00	0.00	1.23	21.79	100.00	9.53	7.74	3269	938	4891	114	0	0	0	0	9213	170.33	39.88	10.42	27.37	39.31	33.27	80.60	1.93	22.19	7.18
11/15/2019 1:38:32 PM	5.63	1.21	11.36	3.04	0.00	0.00	0.00	1.22	21.25	100.00	9.58	7.75	2985	1207	5114	91	0	0	0	0	9397	170.15	39.10	9.67	27.06	38.61	32.31	78.77	1.94	22.21	7.15
11/15/2019 1:38:34 PM	5.63	1.21	10.92	3.14	0.00	0.00	0.00	1.23	20.91	100.00	9.65	7.73	2986	1215	4912	94	0	0	0	0	9207	170.42	38.36	9.69	26.87	38.14	32.12	77.37	1.95	22.20	7.16
11/15/2019 1:38:36 PM	4.86	1.19	10.58	3.10	0.00	0.00	0.00	1.27	19.72	100.00	9.74	7.68	2577	1186	4760	93	0	0	0	0	8615	170.16	37.22	9.34	25.85	37.08	31.07	74.21	1.95	22.19	7.16
11/15/2019 1:38:39 PM	4.74	0.91	10.30	3.52	0.00	0.00	0.00	1.26	19.47	100.00	9.80	7.66	2510	913	4636	106	0	0	0	0	8165	170.31	37.35	9.40	25.19	36.86	30.94	74.02	1.96	22.18	7.16
11/15/2019 1:38:41 PM	5.09	1.12	10.52	3.28	0.00	0.00	0.00	1.29	20.02	100.00	9.83	7.67	2700	1123	4735	99	0	0	0	0	8656	170.10	37.66	9.50	26.05	37.63	31.50	75.33	1.96	22.16	7.15
11/15/2019 1:38:43 PM	5.59	1.24	11.15	3.33	0.00	0.00	0.00	1.32	21.30	100.00	9.89	7.69	2963	1235	5016	100	0	0	0	0	9314	169.97	39.49	10.40	27.64	39.44	32.82	79.46	1.97	22.19	7.14
11/15/2019 1:38:46 PM	5.69	1.44	11.24	3.03	0.00	0.00	0.00	1.30	21.41	100.00	9.94	7.69	3018	1442	5059	91	0	0	0	0	9609	170.47	39.13	10.50	28.11	39.34	32.75	79.10	1.97	22.16	7.14
11/15/2019 1:38:48 PM	5.20	1.51	11.51	3.08	0.00	0.00	0.00	1.39	21.29	100.00	10.00	7.69	2756	1508	5179	92	0	0	0	0	9536	170.25	39.86	10.61	28.41	40.05	33.16	79.72	1.98	22.15	7.16
11/15/2019 1:38:51 PM	5.10	1.78	11.70	2.79	0.00	0.00	0.00	1.48	21.36	100.00	10.05	7.69	2701	1780	5265	84	0	0	0	0	9829	170.49	39.95	10.59	29.09	40.75	33.51	80.00	1.99	22.15	7.14
11/15/2019 1:38:53 PM	5.62	1.58	11.42	2.84	0.00	0.00	0.00	1.33	21.46	100.00	10.10	7.70	2981	1581	5138	85	0	0	0	0	9785	169.99	39.19	10.54	28.46	39.59	32.82	79.25	1.99	22.15	7.15
11/15/2019 1:38:55 PM	5.20	1.32	11.35	3.09	0.00	0.00	0.00	1.29	20.96	100.00	10.16	7.70	2757	1318	5106	93	0	0	0	0	9274	170.09	39.19	10.06	27.40	38.84	32.44	78.31	2.00	22.14	7.15
11/15/2019 1:38:58 PM	5.14	1.85	12.13	2.79	0.00	0.00	0.00	1.45	21.91	100.00	10.22	7.69	2725	1849	5457	84	0	0	0	0	10115	169.69	40.89	11.04	29.86	41.22	34.13	81.63	2.00	22.14	7.12
11/15/2019 1:39:00 PM	5.12	1.98	12.66	2.82	0.00	0.00	0.00	1.50	22.57	100.00	10.25	7.70	2714	1978	5696	85	0	0	0	0	10473	169.78	42.31	11.59	30.99	42.54	35.13	84.19	2.00	22.12	7.12
11/15/2019 1:39:03 PM	5.34	1.97	13.00	2.69	0.00	0.00	0.00	1.46	23.00	100.00	10.29	7.71	2831	1967	5850	81	0	0	0	0	10728	170.11	42.79	11.27	31.06	42.77	35.36	85.39	2.01	22.14	7.12
11/15/2019 1:39:05 PM	5.42	1.98	12.88	2.83	0.00	0.00	0.00	1.41	23.10	100.00	10.32	7.71	2871	1978	5795	85	0	0	0	0	10729	170.05	42.76	11.65	31.35	42.48	35.56	85.21	2.01	22.12	7.14
11/15/2019 1:39:07 PM	5.87	1.98	12.89	2.83	0.00	0.00	0.00	1.40	23.57	100.00	10.36	7.71	3109	1984	5802	85	0	0	0	0	10980	169.81	42.98	11.66	31.66	42.88	35.92	86.33	2.01	22.12	7.12
11/15/2019 1:39:10 PM	5.78	1.25	12.12	3.65	0.00	0.00	0.00	1.44	22.80	100.00	10.39	7.71	3066	1254	5452	109	0	0	0	0	9881	169.82	42.80	10.73	29.25	42.50	35.25	85.68	2.02	22.12	7.12
11/15/2019 1:39:12 PM	5.98	1.25	12.21	3.64	0.00	0.00	0.00	1.40	23.07	100.00	10.43	7.72	3168	1246	5494	109	0	0	0	0	10017	170.18	42.95	11.20	29.54	42.51	35.19	86.24	2.02	22.11	7.12
11/15/2019 1:39:14 PM	5.47	1.28	11.65	2.80	0.00	0.00	0.00	1.20	21.20	100.00	10.52	7.70	2899	1284	5241	84	0	0	0	0	9508	169.79	39.08	9.78	27.15	38.49	31.95	78.64	2.03	22.11	7.12
11/15/2019 1:39:17 PM	5.65	1.21	11.56	3.20	0.00	0.00	0.00	1.29	21.62	100.00	10.57	7.69	2993	1210	5203	96	0	0	0	0	9502	169.80	40.06	10.26	27.68	39.74	32.86	80.64	2.04	22.09	7.10
11/15/2019 1:39:19 PM	5.45	1.13	11.53	3.34	0.00	0.00	0.00	1.32	21.44	100.00	10.61	7.69	2886	1132	5187	100	0	0	0	0	9305	169.28	40.23	10.25	27.46	39.83	32.86	80.61	2.04	22.08	7.11
11/15/2019 1:39:22 PM	5.73	1.42	11.95	3.26	0.00	0.00	0.00	1.38	22.36	100.00	10.64	7.69	3037	1422	5377	98	0	0	0	0	9933	170.02	41.43	10.91	29.15	41.31	34.23	83.26	2.04	22.08	7.11
11/15/2019 1:39:24 PM	6.02	1.34	11.84	3.63	0.00	0.00	0.00	1.43	22.84	100.00	10.66	7.70	3192	1342	5329	109	0	0	0	0	9972	170.10	42.29	11.12	29.58	42.36	35.20	85.17	2.04	22.08	7.11
11/15/2019 1:39:26 PM	5.47	2.16	13.07	2.22	0.00	0.00	0.00	1.41	22.92	100.00	10.68	7.71	2901	2162	5880	67	0	0	0	0	11010	170.30	41.92	10.78	31.04	42.12	34.92	84.18	2.05	22.08	7.12
11/15/2019 1:39:29 PM	5.62	1.46	11.79	3.01	0.00	0.00	0.00	1.36	21.87	100.00	10.70	7.70	2981	1455	5303	90	0	0	0	0	9830	170.03	40.44	10.22	28.48	40.53	33.55	81.43	2.05	22.06	7.11
11/15/2019 1:39:31 PM	5.07	1.38	12.05	3.20	0.00	0.00	0.00	1.34	21.71	100.00	10.71	7.70	2689	1385	5423	96	0	0	0	0	9592	170.53	41.13	10.44	28.46	40.35	33.73	81.52	2.05	22.07	7.10
11/15/2019 1:39:33 PM	5.90	1.36	12.23	3.28	0.00	0.00	0.00	1.30	22.77	100.00	10.75	7.71	3128	1360	5502	98	0	0	0	0	10088	170.32	41.96	10.82	29.23	41.27	34.49	84.29	2.05	22.06	7.10
11/15/2019 1:39:36 PM	5.89	1.21	11.37	3.21	0.00	0.00	0.00	1.19	21.68	100.00	10.80	7.71	3124	1210	5116	96	0	0	0	0	9546	170.33	39.52	10.12	27.61	38.83	32.82	79.74	2.06	22.04	7.10
11/15/2019 1:39:38 PM	5.21	0.91	10.77	3.49	0.00	0.00	0.00	1.18	20.38	100.00	10.82	7.72	2764	910	4847	105	0	0	0	0	8625	170.51	38.34	9.62	25.86	37.34	31.58	76.40	2.06	22.05	7.10
11/15/2019 1:39:41 PM	5.61	1.20	11.63	3.43	0.00	0.00	0.00	1.24	21.87	100.00	10.86	7.72	2973	1204	5232	103	0	0	0	0	9511	169.91	40.61	10.32	28.03	39.62	33.61	81.12	2.06	22.05	7.11
11/15/2019 1:39:43 PM	5.47	0.95	11.53	4.00	0.00	0.00	0.00	1.36	21.94	100.00	10.88	7.73	2899	947	5188	120	0	0	0	0	9155	170.06	41.81	10.48	27.87	40.93	34.33	83.04	2.07	22.03	7.10
11/15/2019 1:39:45 PM	4.72	1.12	11.52	3.49	0.00	0.00	0.00	1.28	20.84	100.00	10.89	7.73	2502	1115	5185	105	0	0	0	0	8906	170.10	40.15	10.16	27.14	38.92	32.79	78.94	2.07	22.02	7.10
11/15/2019 1:39:48 PM	4.72	1.41	11.74	3.18	0.00	0.00	0.00	1.34	21.05	100.00	10.90	7.71	2503	1405	5281	95	0	0	0	0	9285	170.35	40.22	10.47	28.03	39.52	33.08	79.34	2.07	22.03	7.08
11/15/2019 1:39:50 PM	4.86	1.00	10.98	3.69	0.00	0.00	0.00	1.30	20.53	100.00	10.92	7.71	2578	1000	4941	111	0	0	0	0	8630	170.25	39.44	10.10	26.64	38.54	32.50	77.85	2.07	22.01	7.07
11/15/2019 1:39:53 PM	5.09	1.31	11.08	3.20	0.00	0.00	0.00	1.36	20.68	100.00	10.93	7.73	2696	1311	4988	96	0	0	0	0	9092	170.30	38.99	9.87	27.21	39.07	32.53	77.85	2.07	22.01	7.09
11/15/2019 1:39:55 PM	4.99	1.01	10.92	3.41	0.00	0.00	0.00	1.35	20.33	100.00	10.97	7.74	2645	1007	4915	102	0	0	0	0	8669	170.39	38.86	9.54	26.12	38.71	31.89	77.46	2.07	22.01	7.08
11/15/2019 1:39:57 PM	4.85	0.98	10.90	3.40	0.00	0.00	0.00	1.32	20.13	100.00	10.99	7.73	2571	982	4903	102	0	0	0	0	8558	170.21	38.63	9.50	25.89	38.23	31.64	76.74	2.08	22.01	7.09
11/15/2019 1:40:00 PM	5.04	1.01	10.30	3.31	0.00	0.00	0.00	1.29	19.66	100.00	11.02	7.71	2674	1007	4634	99	0	0	0	0	8414	170.05	37.13	9.26	25.38	37.20	30.93	74.36	2.08	22.01	7.07
11/15/2019 1:40:02 PM	4.78	1.10	10.60	3.15	0.00	0.00	0.00	1.32	19.63	100.00	11.04	7.68	2534	1099	4768	95	0	0	0	0	8495	170.10	37.44	9.15	25.54	37.52	31.00	74.65	2.08	22.01	7.07
11/15/2019 1:40:04 PM	5.29	1.12	10.76	3.38	0.00	0.00	0.00	1.33	20.56	100.00	11.07	7.69	2806	1125	4843	101	0	0	0	0	8874	170.06	38.59	9.70	26.59	38.65	32.19	77.37	2.08	21.99	7.07
11/15/2019 1:40:07 PM	4.91	1.29	10.95	3.33	0.00	0.00	0.00	1.43	20.47	100.00	11.07	7.69	2601	1286	4928	100	0	0	0	0	8915	170.24	39.04	10.06	27.17	39.40	32.52	77.76	2.08	21.97	7.07
11/15/2019 1:40:09 PM	4.88	0.95	10.54	3.62	0.00	0.00	0.00	1.35	19.99	100.00	11.11	7.69	2588	947	4745	109	0	0	0	0	8388	170.53	38.43	9.55	25.83	38.27	31.82	76.34	2.09	21.99	7.07
11/15/2019 1:40:12 PM	4.75	1.56	11.42	3.02	0.00	0.00	0.00	1.37	20.74	100.00	11.15	7.72	2516	1555	5141	90	0	0	0	0	9303	170.31	39.31	10.29	28.03	39.18	32.85	77.85	2.09	21.97	7.08
11/15/2019 1:40:14 PM	4.98	2.22	12.02	2.80	0.00	0.00	0.00	1.30	22.02	100.00	11.17	7.72	2641	2225	5408	84	0	0	0	0	10357	170.30	40.51	11.04	30.97	39.86	35.29	79.78	2.09	21.98	7.05
11/15/2019 1:40:16 PM	6.15	3.86	13.07	1.94	0.00	0.00	0.00	1.17	25.03	100.00	11.20	7.73	3260	3859	5882	58	0	0	0	0	13059	169.75	42.24	11.80	37.37	41.60	40.67	83.77	2.10	21.97	7.06
