Date/Time	Green Algae	Bluegreen	Diatoms	Cryptophyta	#5	#6	#7	Yellow substances	Total conc.	Transmission	Depth	Temp. Sample	Green Algae	Bluegreen	Diatoms	Cryptophyta	#5	#6	#7	Yellow substances	Total cell count	Trans. 700 nm	LED 3 [525 nm]	LED 4 [570 nm]	LED 5 [610 nm]	LED 6 [370 nm]	LED 7 [590 nm]	LED 8 [470 nm]	Pressure	Temp. LEDs	Temp. Sensor
date	µg/l	µg/l	µg/l	µg/l	µg/l	µg/l	µg/l	r.u.	µg/l	%	m	°C	cells/ml	cells/ml	cells/ml	cells/ml	cells/ml	cells/ml	cells/ml	r.u.	cells/ml	digits	digits	digits	digits	digits	digits	digits	bar	°C	°C
6/28/2019 12:24:10 PM	0.00	0.00	0.00	1.23	0.00	0.00	0.00	0.00	1.23	100.00	0.37	27.05	0	0	0	37	0	0	0	0	37	175.70	5.23	4.03	2.74	1.23	7.91	4.28	1.04	45.78	14.10
6/28/2019 12:24:12 PM	0.42	0.00	0.62	0.00	0.00	0.00	0.00	0.00	1.04	100.00	0.47	27.03	223	0	281	0	0	0	0	0	504	175.46	1.73	0.86	0.90	0.29	2.66	4.92	1.05	45.84	14.11
6/28/2019 12:24:15 PM	1.56	0.17	0.00	0.00	0.00	0.00	0.00	0.00	1.73	100.00	0.59	26.95	825	174	0	0	0	0	0	0	999	175.70	-0.50	-1.48	4.57	0.56	4.40	5.61	1.06	45.89	14.12
6/28/2019 12:24:17 PM	0.21	0.00	0.00	0.52	0.00	0.00	0.00	0.13	0.72	99.75	0.71	26.95	111	0	0	15	0	0	0	0	126	173.85	2.57	1.29	1.96	2.33	5.11	3.80	1.07	45.95	14.13
6/28/2019 12:24:19 PM	0.00	0.00	0.00	0.74	0.00	0.00	0.00	0.01	0.74	100.00	0.82	26.96	0	0	0	22	0	0	0	0	22	176.61	4.22	2.45	1.81	1.47	5.28	2.39	1.08	46.02	14.14
6/28/2019 12:24:22 PM	0.38	0.11	0.19	0.00	0.00	0.00	0.00	0.21	0.68	99.95	0.84	26.98	200	108	86	0	0	0	0	0	394	174.21	1.71	1.49	3.49	3.06	2.39	3.36	1.08	46.06	14.13
6/28/2019 12:24:24 PM	0.63	0.19	0.00	0.24	0.00	0.00	0.00	0.08	1.07	100.00	0.93	26.94	336	191	0	7	0	0	0	0	534	175.08	1.53	1.48	3.03	2.26	5.16	3.41	1.09	46.13	14.16
6/28/2019 12:24:26 PM	0.10	0.00	0.00	0.49	0.00	0.00	0.00	0.28	0.59	100.00	1.04	26.87	52	0	0	15	0	0	0	0	67	176.70	2.52	2.71	2.55	3.78	4.30	4.46	1.10	46.17	14.16
6/28/2019 12:24:29 PM	0.00	0.11	0.84	0.00	0.00	0.00	0.00	0.15	0.95	100.00	1.16	26.83	0	110	380	0	0	0	0	0	490	175.67	2.94	0.94	2.77	3.04	3.98	4.55	1.11	46.21	14.17
6/28/2019 12:24:31 PM	0.91	0.21	0.00	0.11	0.00	0.00	0.00	0.00	1.24	100.00	1.27	26.61	484	213	0	3	0	0	0	0	700	175.52	0.97	1.02	3.15	0.50	5.01	3.56	1.12	46.27	14.18
6/28/2019 12:24:34 PM	0.57	0.00	0.00	0.40	0.00	0.00	0.00	0.12	0.97	100.00	1.40	26.16	300	0	0	12	0	0	0	0	312	177.22	2.09	1.35	1.55	2.52	5.31	4.39	1.14	46.34	14.19
6/28/2019 12:24:36 PM	1.71	0.00	0.22	0.00	0.00	0.00	0.00	0.00	1.94	100.00	1.49	25.79	907	0	101	0	0	0	0	0	1008	175.44	1.86	0.45	3.14	2.03	3.90	6.45	1.15	46.40	14.20
6/28/2019 12:24:38 PM	1.30	0.10	0.00	0.25	0.00	0.00	0.00	0.16	1.65	100.00	1.60	25.53	691	96	0	8	0	0	0	0	794	174.72	2.25	0.95	3.13	3.99	5.61	6.24	1.16	46.43	14.20
6/28/2019 12:24:41 PM	0.00	0.00	0.00	0.74	0.00	0.00	0.00	0.18	0.74	100.00	1.67	25.42	0	0	0	22	0	0	0	0	22	175.88	3.17	1.83	2.44	3.12	5.93	4.25	1.16	46.47	14.22
6/28/2019 12:24:43 PM	0.25	0.28	0.31	0.21	0.00	0.00	0.00	0.12	1.06	100.00	1.72	25.45	134	282	140	6	0	0	0	0	562	175.75	2.57	-0.49	2.92	2.58	6.28	3.75	1.17	46.52	14.23
6/28/2019 12:24:45 PM	0.69	0.00	0.00	0.00	0.00	0.00	0.00	0.38	0.69	100.00	1.78	25.51	366	0	0	0	0	0	0	0	366	175.90	1.46	1.55	2.17	4.72	2.51	5.10	1.17	46.59	14.23
6/28/2019 12:24:48 PM	0.57	0.00	0.76	0.01	0.00	0.00	0.00	0.00	1.33	100.00	1.86	25.51	301	0	343	0	0	0	0	0	644	176.90	2.45	1.95	2.75	2.03	3.40	4.82	1.18	46.65	14.20
6/28/2019 12:24:50 PM	1.56	0.07	0.00	0.13	0.00	0.00	0.00	0.00	1.76	100.00	1.90	25.50	829	67	0	4	0	0	0	0	900	175.66	1.18	1.61	2.97	2.09	4.98	5.42	1.19	46.66	14.25
6/28/2019 12:24:53 PM	0.81	0.15	0.57	0.19	0.00	0.00	0.00	0.00	1.72	100.00	1.97	25.51	430	150	255	6	0	0	0	0	842	176.26	2.73	2.50	4.32	1.63	4.50	5.95	1.19	46.71	14.26
6/28/2019 12:24:55 PM	0.55	0.00	0.00	0.49	0.00	0.00	0.00	0.12	1.04	100.00	2.04	25.44	291	0	0	15	0	0	0	0	306	174.74	2.24	0.98	1.57	2.73	6.07	4.70	1.20	46.74	14.26
6/28/2019 12:24:57 PM	0.89	0.00	0.00	0.27	0.00	0.00	0.00	0.14	1.16	100.00	2.09	25.38	472	0	0	8	0	0	0	0	480	174.54	1.71	2.36	2.64	3.14	4.28	4.84	1.20	46.79	14.26
6/28/2019 12:25:00 PM	1.89	0.06	0.00	0.00	0.00	0.00	0.00	0.00	1.95	100.00	2.16	25.41	1001	57	0	0	0	0	0	0	1058	174.64	1.20	1.48	3.57	2.21	3.94	5.88	1.21	46.84	14.27
6/28/2019 12:25:02 PM	1.53	0.16	0.41	0.00	0.00	0.00	0.00	0.04	2.09	100.00	2.22	25.40	811	156	183	0	0	0	0	0	1151	175.67	2.56	-0.42	3.19	3.26	5.77	6.64	1.22	46.92	14.24
6/28/2019 12:25:05 PM	0.28	0.16	0.82	0.33	0.00	0.00	0.00	0.00	1.59	99.65	2.32	25.32	148	160	370	10	0	0	0	0	688	173.68	3.49	2.38	4.35	1.55	5.12	5.97	1.23	46.98	14.23
6/28/2019 12:25:07 PM	1.29	0.04	0.43	0.00	0.00	0.00	0.00	0.00	1.76	99.71	2.41	25.28	684	36	194	0	0	0	0	0	914	173.79	2.28	-0.27	3.71	1.96	3.77	5.85	1.24	46.99	14.29
6/28/2019 12:25:09 PM	1.36	0.00	0.00	0.14	0.00	0.00	0.00	0.10	1.49	99.97	2.51	25.27	719	0	0	4	0	0	0	0	724	174.25	1.37	1.78	2.46	3.16	4.49	5.40	1.25	47.05	14.27
6/28/2019 12:25:12 PM	0.82	0.00	0.52	0.00	0.00	0.00	0.00	0.00	1.35	100.00	2.61	25.28	437	0	235	0	0	0	0	0	672	174.89	1.98	0.27	2.60	0.72	3.99	5.07	1.26	47.10	14.26
6/28/2019 12:25:14 PM	0.19	0.00	0.82	0.17	0.00	0.00	0.00	0.00	1.18	100.00	2.71	25.21	99	0	370	5	0	0	0	0	475	174.73	2.83	0.57	1.63	1.28	5.08	4.94	1.27	47.10	14.31
6/28/2019 12:25:16 PM	0.00	0.00	0.52	0.16	0.00	0.00	0.00	0.24	0.68	100.00	2.83	25.08	0	0	236	5	0	0	0	0	241	177.75	2.94	2.37	2.27	3.54	3.33	4.39	1.28	47.17	14.29
6/28/2019 12:25:19 PM	0.00	0.00	0.59	0.49	0.00	0.00	0.00	0.11	1.08	99.69	2.93	25.02	0	0	266	15	0	0	0	0	281	173.76	4.04	1.00	2.54	2.94	5.56	5.03	1.29	47.18	14.34
6/28/2019 12:25:21 PM	1.34	0.00	0.00	0.34	0.00	0.00	0.00	0.00	1.68	99.70	3.02	25.03	713	0	0	10	0	0	0	0	723	173.78	2.58	1.49	1.89	2.08	5.15	5.80	1.30	47.26	14.31
6/28/2019 12:25:24 PM	1.10	0.00	0.00	0.74	0.00	0.00	0.00	0.00	1.84	100.00	3.11	25.01	584	0	0	22	0	0	0	0	606	174.62	3.06	2.64	4.12	2.46	6.13	6.55	1.30	47.25	14.31
6/28/2019 12:25:26 PM	1.14	0.05	0.46	0.24	0.00	0.00	0.00	0.02	1.88	100.00	3.22	24.94	604	47	206	7	0	0	0	0	863	174.98	2.95	1.60	3.59	3.01	5.00	6.50	1.32	47.33	14.30
6/28/2019 12:25:28 PM	0.29	0.00	0.76	0.20	0.00	0.00	0.00	0.17	1.26	100.00	3.30	24.89	155	0	342	6	0	0	0	0	503	175.20	3.39	1.45	2.81	3.69	4.49	6.13	1.32	47.34	14.34
6/28/2019 12:25:31 PM	1.13	0.00	0.00	0.41	0.00	0.00	0.00	0.06	1.54	100.00	3.41	24.89	599	0	0	12	0	0	0	0	612	175.87	2.62	2.18	2.79	2.71	4.84	5.74	1.33	47.40	14.33
6/28/2019 12:25:33 PM	0.45	0.00	0.60	0.44	0.00	0.00	0.00	0.00	1.49	100.00	3.52	24.87	239	0	271	13	0	0	0	0	523	175.00	3.49	0.52	2.87	2.28	5.93	5.66	1.34	47.43	14.35
6/28/2019 12:25:35 PM	1.15	0.25	0.22	0.00	0.00	0.00	0.00	0.11	1.62	100.00	3.61	24.82	611	250	99	0	0	0	0	0	960	175.37	2.14	0.41	3.74	3.28	4.92	5.25	1.35	47.47	14.37
6/28/2019 12:25:38 PM	0.88	0.18	0.58	0.00	0.00	0.00	0.00	0.12	1.65	100.00	3.70	24.85	468	185	260	0	0	0	0	0	913	175.60	2.77	0.63	3.55	3.49	4.81	5.96	1.36	47.47	14.41
6/28/2019 12:25:40 PM	0.85	0.23	0.52	0.00	0.00	0.00	0.00	0.07	1.60	100.00	3.79	24.88	450	226	235	0	0	0	0	0	911	175.85	2.44	1.54	3.75	2.89	4.57	5.23	1.37	47.49	14.37
6/28/2019 12:25:43 PM	0.31	0.00	0.00	0.69	0.00	0.00	0.00	0.21	1.00	100.00	3.88	24.85	163	0	0	21	0	0	0	0	184	174.44	3.10	1.84	3.14	3.78	5.77	5.34	1.38	47.56	14.34
6/28/2019 12:25:45 PM	0.95	0.00	0.33	0.44	0.00	0.00	0.00	0.03	1.72	100.00	3.98	24.72	503	0	147	13	0	0	0	0	663	174.91	3.16	1.33	3.33	2.88	5.60	6.26	1.39	47.56	14.37
6/28/2019 12:25:47 PM	0.41	0.00	0.40	0.57	0.00	0.00	0.00	0.09	1.38	100.00	4.06	24.66	218	0	181	17	0	0	0	0	415	175.19	3.54	1.98	3.29	3.12	5.58	5.98	1.40	47.65	14.37
6/28/2019 12:25:50 PM	0.86	0.00	0.88	0.12	0.00	0.00	0.00	0.06	1.86	100.00	4.17	24.66	454	0	395	4	0	0	0	0	853	175.44	3.49	1.55	3.32	3.46	4.58	7.22	1.41	47.67	14.37
6/28/2019 12:25:52 PM	0.98	0.23	0.67	0.00	0.00	0.00	0.00	0.10	1.87	100.00	4.30	24.65	517	227	301	0	0	0	0	0	1045	175.05	3.03	0.79	3.87	3.69	5.18	6.57	1.42	47.69	14.37
6/28/2019 12:25:55 PM	0.48	0.00	0.54	0.47	0.00	0.00	0.00	0.06	1.49	100.00	4.44	24.62	254	0	243	14	0	0	0	0	511	174.47	3.54	1.50	3.17	2.94	5.55	6.08	1.43	47.69	14.37
6/28/2019 12:25:57 PM	0.64	0.05	0.60	0.38	0.00	0.00	0.00	0.09	1.67	100.00	4.57	24.58	338	52	269	11	0	0	0	0	671	174.64	3.65	1.31	3.51	3.48	5.64	6.68	1.45	47.71	14.37
6/28/2019 12:25:59 PM	1.08	0.12	0.34	0.34	0.00	0.00	0.00	0.08	1.88	100.00	4.72	24.39	572	119	153	10	0	0	0	0	854	174.80	3.20	1.11	3.76	3.51	5.94	6.71	1.46	47.78	14.39
6/28/2019 12:26:02 PM	0.80	0.00	0.71	0.21	0.00	0.00	0.00	0.14	1.72	99.74	4.85	24.30	423	0	320	6	0	0	0	0	750	173.84	3.43	1.85	2.61	4.03	5.04	7.52	1.48	47.82	14.41
6/28/2019 12:26:04 PM	0.66	0.00	1.10	0.09	0.00	0.00	0.00	0.09	1.85	100.00	5.00	24.17	348	0	495	3	0	0	0	0	846	176.04	3.90	1.25	3.09	3.83	4.80	7.71	1.49	47.81	14.46
6/28/2019 12:26:06 PM	0.86	0.00	0.00	0.76	0.00	0.00	0.00	0.17	1.62	99.99	5.11	24.05	453	0	0	23	0	0	0	0	476	174.27	3.73	1.05	3.50	4.23	6.89	7.08	1.50	47.82	14.52
6/28/2019 12:26:09 PM	0.97	0.00	0.69	0.50	0.00	0.00	0.00	0.12	2.15	99.73	5.22	24.08	513	0	309	15	0	0	0	0	837	173.83	4.46	1.55	3.92	4.54	6.29	8.86	1.51	47.81	14.44
6/28/2019 12:26:11 PM	1.46	0.14	1.08	0.13	0.00	0.00	0.00	0.00	2.81	100.00	5.35	23.81	771	140	488	4	0	0	0	0	1403	174.45	4.35	1.11	4.38	4.09	6.32	9.70	1.52	47.87	14.42
6/28/2019 12:26:14 PM	0.86	0.00	0.74	0.60	0.00	0.00	0.00	0.17	2.20	99.11	5.44	23.17	454	0	331	18	0	0	0	0	803	172.75	5.00	1.13	3.85	5.18	7.06	9.62	1.53	47.87	14.45
6/28/2019 12:26:16 PM	1.04	0.16	1.22	0.18	0.00	0.00	0.00	0.03	2.60	99.60	5.55	22.90	550	162	549	5	0	0	0	0	1267	173.60	4.67	1.38	4.44	4.20	6.32	9.35	1.54	47.89	14.43
6/28/2019 12:26:18 PM	1.33	0.06	0.61	0.88	0.00	0.00	0.00	0.19	2.88	100.00	5.79	22.71	704	59	276	26	0	0	0	0	1065	175.03	5.91	2.63	5.53	6.39	8.05	11.97	1.57	47.89	14.53
6/28/2019 12:26:21 PM	0.89	0.12	1.26	0.54	0.00	0.00	0.00	0.23	2.81	99.28	5.87	22.26	469	118	567	16	0	0	0	0	1171	173.04	6.31	1.98	5.13	6.73	7.57	12.25	1.58	47.93	14.48
6/28/2019 12:26:23 PM	0.62	0.30	2.02	0.12	0.00	0.00	0.00	0.14	3.07	99.76	6.00	20.73	327	305	911	4	0	0	0	0	1547	173.88	6.60	1.35	5.30	6.12	7.53	12.24	1.59	47.97	14.44
6/28/2019 12:26:26 PM	0.97	0.22	1.72	0.45	0.00	0.00	0.00	0.15	3.36	99.39	6.12	19.45	515	221	774	13	0	0	0	0	1524	173.22	7.02	2.23	5.90	6.69	8.08	13.49	1.60	47.95	14.49
6/28/2019 12:26:28 PM	1.29	0.18	1.71	0.42	0.00	0.00	0.00	0.14	3.60	99.72	6.26	18.89	681	184	768	13	0	0	0	0	1645	173.81	7.05	1.97	5.83	6.95	8.21	14.25	1.61	47.97	14.49
6/28/2019 12:26:30 PM	0.92	0.21	1.71	0.57	0.00	0.00	0.00	0.21	3.41	99.63	6.38	18.09	486	207	769	17	0	0	0	0	1480	173.64	7.50	2.64	6.20	7.47	8.37	14.34	1.63	47.97	14.50
6/28/2019 12:26:33 PM	1.16	0.00	1.22	0.72	0.00	0.00	0.00	0.22	3.10	99.59	6.52	17.26	613	0	547	22	0	0	0	0	1182	173.58	6.80	2.27	5.24	7.19	7.90	13.62	1.64	47.96	14.51
6/28/2019 12:26:35 PM	1.16	0.07	1.08	0.68	0.00	0.00	0.00	0.24	2.99	99.58	6.61	16.54	613	70	487	20	0	0	0	0	1191	173.56	6.45	2.01	5.24	7.10	7.99	12.98	1.65	47.96	14.51
6/28/2019 12:26:37 PM	0.51	0.13	1.51	0.62	0.00	0.00	0.00	0.25	2.78	99.56	6.66	16.55	273	131	681	19	0	0	0	0	1103	173.53	6.99	2.26	5.36	6.97	7.86	12.67	1.65	47.96	14.51
6/28/2019 12:26:40 PM	0.82	0.12	1.46	0.51	0.00	0.00	0.00	0.23	2.92	99.44	6.77	16.41	433	125	659	15	0	0	0	0	1232	173.32	6.69	1.93	5.20	6.95	7.71	12.82	1.66	47.95	14.50
6/28/2019 12:26:42 PM	0.27	0.26	1.88	0.39	0.00	0.00	0.00	0.25	2.81	99.53	6.88	15.94	144	261	847	12	0	0	0	0	1264	173.47	7.12	2.27	5.61	6.95	7.65	12.56	1.67	47.95	14.52
6/28/2019 12:26:45 PM	0.19	0.30	1.92	0.34	0.00	0.00	0.00	0.28	2.76	99.50	6.99	15.86	103	301	865	10	0	0	0	0	1279	173.42	7.12	2.27	5.67	7.16	7.59	12.51	1.69	47.95	14.50
6/28/2019 12:26:47 PM	0.49	0.17	1.51	0.57	0.00	0.00	0.00	0.25	2.74	99.55	7.13	15.55	260	170	681	17	0	0	0	0	1127	173.51	6.83	2.32	5.42	6.89	7.72	12.37	1.70	47.95	14.51
6/28/2019 12:26:49 PM	0.54	0.17	1.29	0.66	0.00	0.00	0.00	0.29	2.66	99.75	7.27	15.20	285	167	582	20	0	0	0	0	1054	173.86	6.74	2.36	5.47	7.12	7.93	12.28	1.71	47.91	14.53
6/28/2019 12:26:52 PM	0.18	0.17	1.60	0.59	0.00	0.00	0.00	0.29	2.53	99.10	7.36	14.77	93	175	718	18	0	0	0	0	1003	172.72	7.03	2.51	5.40	7.08	7.59	12.18	1.72	47.89	14.51
6/28/2019 12:26:54 PM	0.24	0.30	1.80	0.34	0.00	0.00	0.00	0.26	2.69	99.60	7.45	14.89	129	303	810	10	0	0	0	0	1252	173.59	6.82	2.26	5.61	6.90	7.49	12.03	1.73	47.89	14.50
6/28/2019 12:26:56 PM	0.29	0.27	1.60	0.38	0.00	0.00	0.00	0.27	2.53	99.46	7.57	15.06	152	266	719	11	0	0	0	0	1149	173.35	6.44	2.35	5.42	6.70	7.19	11.46	1.74	47.86	14.52
6/28/2019 12:26:59 PM	0.04	0.25	1.73	0.48	0.00	0.00	0.00	0.29	2.50	99.44	7.70	15.34	24	249	778	14	0	0	0	0	1064	173.32	6.97	2.22	5.40	6.90	7.63	11.82	1.75	47.84	14.54
6/28/2019 12:27:01 PM	0.42	0.26	1.54	0.40	0.00	0.00	0.00	0.29	2.62	99.29	7.83	15.63	221	264	694	12	0	0	0	0	1190	173.05	6.54	2.05	5.39	7.07	7.53	11.92	1.77	47.80	14.54
6/28/2019 12:27:04 PM	0.38	0.18	1.37	0.58	0.00	0.00	0.00	0.28	2.52	99.39	7.96	15.70	201	180	617	18	0	0	0	0	1016	173.23	6.58	2.15	5.24	6.82	7.69	11.71	1.78	47.78	14.54
6/28/2019 12:27:06 PM	0.29	0.26	1.44	0.48	0.00	0.00	0.00	0.32	2.46	99.34	8.11	15.29	152	259	646	14	0	0	0	0	1072	173.15	6.52	2.31	5.44	7.10	7.52	11.60	1.79	47.76	14.54
6/28/2019 12:27:08 PM	0.22	0.15	1.18	0.75	0.00	0.00	0.00	0.34	2.31	99.47	8.20	14.84	118	153	533	23	0	0	0	0	826	173.37	6.69	2.53	5.31	7.20	7.78	11.61	1.80	47.74	14.55
6/28/2019 12:27:11 PM	0.15	0.20	1.65	0.57	0.00	0.00	0.00	0.30	2.57	99.28	8.32	15.11	81	201	741	17	0	0	0	0	1040	173.03	7.12	2.47	5.49	7.17	7.72	12.31	1.81	47.69	14.52
6/28/2019 12:27:13 PM	0.00	0.28	1.73	0.44	0.00	0.00	0.00	0.34	2.44	99.31	8.45	14.86	0	279	777	13	0	0	0	0	1070	173.09	7.05	2.20	5.43	7.40	7.57	11.94	1.83	47.65	14.53
6/28/2019 12:27:16 PM	0.10	0.23	1.57	0.50	0.00	0.00	0.00	0.33	2.41	99.28	8.58	14.31	53	235	708	15	0	0	0	0	1010	173.03	6.82	2.20	5.30	7.23	7.57	11.80	1.84	47.61	14.56
6/28/2019 12:27:18 PM	0.00	0.26	1.63	0.47	0.00	0.00	0.00	0.32	2.36	99.25	8.72	14.56	0	255	735	14	0	0	0	0	1004	172.98	6.97	2.18	5.32	7.06	7.43	11.39	1.85	47.58	14.54
6/28/2019 12:27:20 PM	0.15	0.14	1.46	0.65	0.00	0.00	0.00	0.33	2.40	98.65	8.87	14.36	81	141	659	19	0	0	0	0	901	171.94	6.95	2.36	5.19	7.26	7.62	12.06	1.87	47.55	14.53
6/28/2019 12:27:23 PM	0.03	0.18	1.44	0.65	0.00	0.00	0.00	0.35	2.30	99.15	9.00	14.03	16	176	650	20	0	0	0	0	862	172.82	6.94	2.25	5.19	7.28	7.76	11.76	1.88	47.49	14.54
6/28/2019 12:27:25 PM	0.04	0.19	1.49	0.53	0.00	0.00	0.00	0.34	2.25	99.05	9.15	13.96	24	193	670	16	0	0	0	0	903	172.63	6.66	2.27	5.10	7.14	7.31	11.44	1.90	47.46	14.54
6/28/2019 12:27:27 PM	0.10	0.21	1.42	0.56	0.00	0.00	0.00	0.33	2.29	98.95	9.29	14.03	54	215	637	17	0	0	0	0	923	172.46	6.61	2.30	5.24	7.05	7.50	11.37	1.91	47.38	14.53
6/28/2019 12:27:30 PM	0.00	0.22	1.50	0.53	0.00	0.00	0.00	0.34	2.25	98.87	9.40	14.24	0	219	674	16	0	0	0	0	910	172.32	6.84	2.10	5.14	7.11	7.46	11.24	1.92	47.35	14.54
6/28/2019 12:27:32 PM	0.01	0.20	1.58	0.52	0.00	0.00	0.00	0.33	2.30	98.85	9.52	14.63	5	202	709	16	0	0	0	0	932	172.29	6.77	2.30	5.17	7.04	7.35	11.53	1.93	47.31	14.53
6/28/2019 12:27:35 PM	0.22	0.19	1.36	0.59	0.00	0.00	0.00	0.32	2.35	98.75	9.64	14.68	114	186	612	18	0	0	0	0	929	172.12	6.58	2.06	5.11	6.97	7.65	11.46	1.94	47.24	14.51
6/28/2019 12:27:37 PM	0.00	0.14	1.39	0.66	0.00	0.00	0.00	0.33	2.18	98.75	9.75	14.51	0	136	624	20	0	0	0	0	780	172.12	6.83	2.32	5.01	6.96	7.42	11.24	1.96	47.18	14.52
6/28/2019 12:27:39 PM	0.11	0.16	1.33	0.66	0.00	0.00	0.00	0.34	2.26	98.65	9.85	14.30	57	164	599	20	0	0	0	0	840	171.95	6.69	2.27	5.12	7.09	7.62	11.46	1.96	47.14	14.52
6/28/2019 12:27:42 PM	0.00	0.24	1.43	0.59	0.00	0.00	0.00	0.34	2.26	98.63	9.97	14.24	0	244	642	18	0	0	0	0	903	171.90	6.82	2.29	5.35	7.15	7.67	11.27	1.98	47.05	14.54
6/28/2019 12:27:44 PM	0.00	0.26	1.58	0.50	0.00	0.00	0.00	0.31	2.34	98.67	10.12	14.20	0	260	713	15	0	0	0	0	987	171.97	6.76	2.35	5.39	6.90	7.48	11.32	1.99	47.00	14.52
6/28/2019 12:27:46 PM	0.01	0.20	1.42	0.57	0.00	0.00	0.00	0.34	2.19	98.79	10.26	13.87	3	197	638	17	0	0	0	0	856	172.19	6.59	2.26	5.10	7.00	7.40	11.16	2.00	46.93	14.52
6/28/2019 12:27:49 PM	0.05	0.18	1.19	0.59	0.00	0.00	0.00	0.34	2.01	98.56	10.30	13.63	28	180	534	18	0	0	0	0	759	171.79	6.11	2.14	4.85	6.67	7.21	10.36	2.01	46.89	14.52
6/28/2019 12:27:51 PM	0.00	0.19	1.19	0.61	0.00	0.00	0.00	0.31	1.99	98.70	10.32	13.73	0	187	537	18	0	0	0	0	743	172.03	6.38	2.06	4.89	6.45	7.22	9.94	2.01	46.83	14.50
6/28/2019 12:27:54 PM	0.00	0.20	1.33	0.52	0.00	0.00	0.00	0.32	2.05	98.66	10.41	14.01	1	200	601	15	0	0	0	0	817	171.96	6.18	2.24	4.93	6.58	7.04	10.41	2.02	46.77	14.49
6/28/2019 12:27:56 PM	0.00	0.15	1.09	0.70	0.00	0.00	0.00	0.36	1.94	98.50	10.61	13.94	0	148	492	21	0	0	0	0	660	171.69	6.40	2.22	4.86	6.85	7.32	10.31	2.04	46.68	14.48
6/28/2019 12:27:58 PM	0.00	0.19	1.17	0.69	0.00	0.00	0.00	0.34	2.05	98.48	10.80	13.78	0	193	526	21	0	0	0	0	740	171.64	6.52	2.21	5.08	6.76	7.59	10.45	2.06	46.61	14.46
6/28/2019 12:28:01 PM	0.00	0.16	1.25	0.70	0.00	0.00	0.00	0.35	2.10	98.38	10.93	13.74	0	156	561	21	0	0	0	0	738	171.47	6.80	2.28	5.05	7.03	7.50	10.88	2.07	46.55	14.46
6/28/2019 12:28:03 PM	0.00	0.11	1.15	0.79	0.00	0.00	0.00	0.36	2.05	98.34	11.10	13.66	0	108	519	24	0	0	0	0	651	171.41	6.93	2.35	4.98	7.10	7.50	10.86	2.09	46.46	14.50
6/28/2019 12:28:06 PM	0.00	0.20	1.26	0.66	0.00	0.00	0.00	0.34	2.13	98.28	11.25	13.64	0	203	568	20	0	0	0	0	791	171.29	6.74	2.32	5.21	6.96	7.55	10.76	2.10	46.42	14.45
6/28/2019 12:28:08 PM	0.00	0.13	1.12	0.75	0.00	0.00	0.00	0.33	2.00	98.36	11.38	13.62	0	127	504	22	0	0	0	0	653	171.44	6.67	2.26	4.92	6.71	7.40	10.34	2.12	46.32	14.45
6/28/2019 12:28:10 PM	0.00	0.22	1.18	0.63	0.00	0.00	0.00	0.36	2.03	98.28	11.52	13.58	0	217	532	19	0	0	0	0	768	171.29	6.54	2.15	5.08	6.99	7.46	10.42	2.13	46.25	14.43
6/28/2019 12:28:13 PM	0.00	0.13	1.03	0.74	0.00	0.00	0.00	0.35	1.90	98.35	11.65	13.74	0	129	466	22	0	0	0	0	617	171.43	6.55	2.25	4.84	6.75	7.23	10.02	2.14	46.19	14.41
6/28/2019 12:28:15 PM	0.00	0.19	1.05	0.69	0.00	0.00	0.00	0.37	1.93	98.33	11.78	13.83	0	188	473	21	0	0	0	0	682	171.39	6.38	2.21	4.99	6.92	7.42	10.18	2.15	46.10	14.43
6/28/2019 12:28:17 PM	0.00	0.17	1.06	0.65	0.00	0.00	0.00	0.36	1.87	98.42	11.87	13.90	0	171	475	19	0	0	0	0	666	171.54	6.20	2.19	4.83	6.76	7.14	9.94	2.16	46.02	14.43
6/28/2019 12:28:20 PM	0.00	0.16	1.17	0.64	0.00	0.00	0.00	0.35	1.97	98.07	11.99	14.08	0	164	526	19	0	0	0	0	710	170.93	6.59	2.00	4.83	6.88	7.28	10.26	2.17	45.95	14.39
6/28/2019 12:28:22 PM	0.00	0.14	1.05	0.75	0.00	0.00	0.00	0.36	1.95	98.14	12.09	14.16	0	145	473	23	0	0	0	0	640	171.05	6.68	2.18	4.92	6.95	7.46	10.28	2.19	45.87	14.40
6/28/2019 12:28:25 PM	0.00	0.21	1.21	0.65	0.00	0.00	0.00	0.35	2.07	98.09	12.21	14.25	0	206	545	20	0	0	0	0	770	170.96	6.69	2.27	5.15	6.94	7.44	10.48	2.20	45.80	14.37
6/28/2019 12:28:27 PM	0.00	0.13	1.14	0.76	0.00	0.00	0.00	0.36	2.03	98.11	12.32	13.90	0	127	512	23	0	0	0	0	662	170.99	6.93	2.28	4.99	7.10	7.46	10.66	2.21	45.72	14.37
6/28/2019 12:28:29 PM	0.00	0.19	1.27	0.69	0.00	0.00	0.00	0.36	2.15	97.95	12.44	13.60	0	190	572	21	0	0	0	0	782	170.73	7.00	2.38	5.26	7.27	7.57	11.03	2.22	45.63	14.39
6/28/2019 12:28:32 PM	0.00	0.17	1.33	0.70	0.00	0.00	0.00	0.34	2.21	97.91	12.56	13.59	0	175	599	21	0	0	0	0	794	170.65	7.30	2.36	5.28	7.17	7.57	11.04	2.23	45.56	14.35
6/28/2019 12:28:34 PM	0.00	0.24	1.39	0.63	0.00	0.00	0.00	0.35	2.25	97.90	12.70	13.54	0	239	624	19	0	0	0	0	882	170.64	7.13	2.27	5.40	7.23	7.69	11.12	2.24	45.49	14.35
6/28/2019 12:28:37 PM	0.00	0.13	1.17	0.79	0.00	0.00	0.00	0.34	2.09	98.00	12.82	13.48	0	131	528	24	0	0	0	0	683	170.80	7.03	2.34	5.10	6.99	7.62	10.79	2.26	45.40	14.35
6/28/2019 12:28:39 PM	0.00	0.14	1.20	0.81	0.00	0.00	0.00	0.37	2.16	97.84	12.98	13.39	0	142	542	24	0	0	0	0	708	170.54	7.35	2.41	5.26	7.43	7.78	11.24	2.27	45.29	14.35
6/28/2019 12:28:41 PM	0.00	0.16	1.29	0.79	0.00	0.00	0.00	0.36	2.24	97.85	13.09	13.26	0	157	583	24	0	0	0	0	764	170.56	7.52	2.40	5.36	7.47	7.85	11.45	2.28	45.23	14.31
6/28/2019 12:28:44 PM	0.00	0.17	1.28	0.80	0.00	0.00	0.00	0.35	2.24	97.92	13.23	13.32	0	168	575	24	0	0	0	0	766	170.66	7.47	2.44	5.41	7.30	7.88	11.28	2.30	45.15	14.31
6/28/2019 12:28:46 PM	0.00	0.18	1.22	0.77	0.00	0.00	0.00	0.36	2.17	97.87	13.32	13.37	0	179	551	23	0	0	0	0	753	170.59	7.34	2.40	5.35	7.30	7.73	10.98	2.31	45.07	14.31
6/28/2019 12:28:48 PM	0.00	0.15	1.15	0.84	0.00	0.00	0.00	0.36	2.15	97.94	13.40	13.45	0	154	519	25	0	0	0	0	698	170.71	7.42	2.43	5.34	7.35	7.84	11.00	2.31	44.98	14.29
6/28/2019 12:28:51 PM	0.00	0.17	1.25	0.78	0.00	0.00	0.00	0.36	2.20	97.92	13.49	13.68	0	173	561	23	0	0	0	0	758	170.67	7.39	2.37	5.35	7.32	7.82	11.14	2.32	44.89	14.29
6/28/2019 12:28:53 PM	0.00	0.13	1.21	0.82	0.00	0.00	0.00	0.36	2.16	97.69	13.58	13.86	0	128	544	25	0	0	0	0	697	170.27	7.40	2.38	5.21	7.31	7.75	11.15	2.33	44.81	14.26
6/28/2019 12:28:56 PM	0.00	0.21	1.40	0.70	0.00	0.00	0.00	0.37	2.32	97.74	13.68	13.92	0	214	632	21	0	0	0	0	867	170.35	7.73	2.45	5.58	7.68	7.78	11.56	2.34	44.72	14.25
6/28/2019 12:28:58 PM	0.00	0.12	1.17	0.84	0.00	0.00	0.00	0.36	2.13	97.72	13.80	13.70	0	117	527	25	0	0	0	0	669	170.32	7.51	2.39	5.20	7.31	7.68	10.99	2.35	44.64	14.24
6/28/2019 12:29:00 PM	0.00	0.10	1.28	0.87	0.00	0.00	0.00	0.37	2.25	97.71	13.94	13.59	0	102	576	26	0	0	0	0	705	170.30	7.80	2.45	5.30	7.63	7.90	11.72	2.37	44.56	14.22
6/28/2019 12:29:03 PM	0.00	0.14	1.25	0.93	0.00	0.00	0.00	0.37	2.33	97.66	14.04	13.50	0	143	564	28	0	0	0	0	735	170.21	8.08	2.61	5.63	7.73	8.20	11.79	2.38	44.47	14.24
6/28/2019 12:29:05 PM	0.00	0.22	1.49	0.88	0.00	0.00	0.00	0.34	2.59	97.55	14.11	13.30	0	216	670	27	0	0	0	0	912	170.03	8.57	2.83	6.14	7.89	8.46	12.41	2.38	44.40	14.20
6/28/2019 12:29:07 PM	0.00	0.19	1.40	0.88	0.00	0.00	0.00	0.36	2.47	97.48	14.19	13.33	0	186	631	26	0	0	0	0	844	169.90	8.33	2.66	5.87	7.89	8.32	12.19	2.39	44.30	14.21
6/28/2019 12:29:10 PM	0.00	0.15	1.39	0.95	0.00	0.00	0.00	0.36	2.49	97.63	14.31	13.37	0	150	627	28	0	0	0	0	806	170.17	8.62	2.73	5.88	7.95	8.37	12.32	2.40	44.21	14.18
6/28/2019 12:29:12 PM	0.00	0.17	1.40	0.90	0.00	0.00	0.00	0.36	2.47	97.58	14.44	13.44	0	169	628	27	0	0	0	0	824	170.08	8.46	2.67	5.85	7.88	8.29	12.15	2.42	44.13	14.18
6/28/2019 12:29:15 PM	0.00	0.14	1.32	0.91	0.00	0.00	0.00	0.36	2.38	97.58	14.54	13.48	0	140	595	27	0	0	0	0	763	170.09	8.28	2.68	5.69	7.78	8.11	11.91	2.42	44.05	14.18
6/28/2019 12:29:17 PM	0.00	0.11	1.26	0.98	0.00	0.00	0.00	0.37	2.34	97.66	14.65	13.30	0	109	566	29	0	0	0	0	704	170.22	8.25	2.66	5.60	7.81	8.22	11.99	2.44	43.99	14.15
6/28/2019 12:29:19 PM	0.00	0.13	1.39	0.89	0.00	0.00	0.00	0.37	2.40	97.66	14.78	13.30	0	129	623	27	0	0	0	0	779	170.21	8.25	2.67	5.63	7.93	8.07	12.22	2.45	43.87	14.14
6/28/2019 12:29:22 PM	0.00	0.11	1.33	0.92	0.00	0.00	0.00	0.37	2.36	97.57	14.89	13.32	0	111	599	28	0	0	0	0	738	170.06	8.20	2.62	5.55	7.81	8.10	12.07	2.46	43.81	14.11
6/28/2019 12:29:24 PM	0.00	0.14	1.38	0.91	0.00	0.00	0.00	0.36	2.43	97.45	15.00	13.11	0	141	621	27	0	0	0	0	789	169.85	8.20	2.74	5.72	7.82	8.19	12.23	2.47	43.73	14.10
6/28/2019 12:29:27 PM	0.00	0.10	1.34	1.00	0.00	0.00	0.00	0.36	2.44	97.47	15.10	13.10	0	96	602	30	0	0	0	0	729	169.88	8.58	2.68	5.68	7.92	8.35	12.34	2.48	43.62	14.10
6/28/2019 12:29:29 PM	0.00	0.12	1.39	1.04	0.00	0.00	0.00	0.36	2.55	97.30	15.17	13.12	0	116	626	31	0	0	0	0	774	169.59	8.88	2.84	5.94	8.13	8.58	12.74	2.49	43.55	14.08
6/28/2019 12:29:31 PM	0.00	0.09	1.37	1.03	0.00	0.00	0.00	0.37	2.49	97.43	15.22	13.10	0	92	615	31	0	0	0	0	737	169.82	8.71	2.81	5.79	8.15	8.47	12.75	2.49	43.49	14.06
6/28/2019 12:29:34 PM	0.00	0.05	1.37	1.07	0.00	0.00	0.00	0.36	2.49	97.36	15.29	13.20	0	49	618	32	0	0	0	0	699	169.70	8.90	2.83	5.71	8.13	8.39	12.79	2.50	43.39	14.06
6/28/2019 12:29:36 PM	0.00	0.07	1.34	1.11	0.00	0.00	0.00	0.38	2.51	97.37	15.40	13.16	0	67	602	33	0	0	0	0	702	169.70	9.00	2.91	5.86	8.27	8.57	12.88	2.51	43.30	14.06
6/28/2019 12:29:38 PM	0.00	0.10	1.43	1.03	0.00	0.00	0.00	0.36	2.56	97.32	15.54	13.02	0	98	643	31	0	0	0	0	772	169.62	8.94	2.85	5.89	8.19	8.49	12.87	2.52	43.21	14.05
6/28/2019 12:29:41 PM	0.00	0.13	1.34	0.97	0.00	0.00	0.00	0.37	2.45	97.42	15.71	12.95	0	131	605	29	0	0	0	0	765	169.79	8.65	2.69	5.80	8.05	8.36	12.30	2.54	43.14	14.03
6/28/2019 12:29:43 PM	0.00	0.12	1.38	1.00	0.00	0.00	0.00	0.35	2.49	97.38	15.85	12.92	0	120	619	30	0	0	0	0	769	169.72	8.69	2.73	5.83	7.90	8.44	12.39	2.55	43.05	14.03
6/28/2019 12:29:46 PM	0.00	0.09	1.26	1.01	0.00	0.00	0.00	0.37	2.37	97.49	16.00	12.96	0	94	569	30	0	0	0	0	693	169.92	8.47	2.71	5.65	7.92	8.28	12.13	2.57	42.97	13.99
6/28/2019 12:29:48 PM	0.00	0.13	1.31	0.96	0.00	0.00	0.00	0.37	2.41	97.31	16.11	12.97	0	132	591	29	0	0	0	0	752	169.60	8.49	2.65	5.73	7.96	8.30	12.13	2.58	42.89	14.00
6/28/2019 12:29:50 PM	0.00	0.20	1.45	0.86	0.00	0.00	0.00	0.36	2.51	97.40	16.21	13.04	0	201	654	26	0	0	0	0	880	169.77	8.52	2.63	5.94	7.99	8.34	12.27	2.59	42.78	13.99
6/28/2019 12:29:53 PM	0.00	0.17	1.37	0.90	0.00	0.00	0.00	0.36	2.44	97.40	16.34	13.14	0	167	617	27	0	0	0	0	811	169.76	8.48	2.65	5.82	7.91	8.22	12.03	2.60	42.72	13.95
6/28/2019 12:29:55 PM	0.00	0.11	1.10	1.01	0.00	0.00	0.00	0.38	2.23	97.19	16.46	13.14	0	113	497	30	0	0	0	0	640	169.40	8.19	2.65	5.58	7.82	8.17	11.52	2.61	42.66	13.95
6/28/2019 12:29:57 PM	0.00	0.13	1.33	0.97	0.00	0.00	0.00	0.35	2.42	97.20	16.60	13.09	0	128	598	29	0	0	0	0	755	169.41	8.50	2.70	5.76	7.82	8.27	12.07	2.63	42.57	13.95
6/28/2019 12:30:00 PM	0.00	0.13	1.29	0.95	0.00	0.00	0.00	0.37	2.37	97.15	16.72	13.04	0	131	582	29	0	0	0	0	741	169.34	8.57	2.74	5.76	7.94	8.10	11.89	2.64	42.48	13.91
6/28/2019 12:30:02 PM	0.00	0.06	1.20	1.07	0.00	0.00	0.00	0.37	2.34	97.30	16.84	12.92	0	64	542	32	0	0	0	0	638	169.60	8.63	2.78	5.63	7.94	8.26	12.06	2.65	42.42	13.91
6/28/2019 12:30:05 PM	0.00	0.11	1.29	0.99	0.00	0.00	0.00	0.35	2.39	97.27	16.95	12.88	0	114	580	30	0	0	0	0	724	169.54	8.56	2.64	5.69	7.80	8.26	11.94	2.66	42.34	13.89
6/28/2019 12:30:07 PM	0.00	0.11	1.24	1.04	0.00	0.00	0.00	0.36	2.39	97.35	17.03	12.91	0	112	558	31	0	0	0	0	701	169.68	8.56	2.80	5.79	7.84	8.36	12.01	2.67	42.24	13.90
6/28/2019 12:30:09 PM	0.00	0.10	1.18	1.02	0.00	0.00	0.00	0.37	2.30	97.31	17.11	12.98	0	101	529	31	0	0	0	0	661	169.62	8.39	2.65	5.61	7.79	8.21	11.69	2.68	42.17	13.87
6/28/2019 12:30:12 PM	0.00	0.10	1.18	1.03	0.00	0.00	0.00	0.36	2.30	97.10	17.19	13.11	0	95	529	31	0	0	0	0	655	169.25	8.38	2.68	5.60	7.71	8.20	11.66	2.68	42.06	13.89
6/28/2019 12:30:14 PM	0.00	0.15	1.29	0.92	0.00	0.00	0.00	0.37	2.36	97.24	17.27	13.24	0	150	581	28	0	0	0	0	758	169.49	8.40	2.61	5.72	7.85	8.16	11.78	2.69	41.99	13.85
6/28/2019 12:30:17 PM	0.00	0.06	1.10	1.14	0.00	0.00	0.00	0.37	2.31	97.17	17.38	13.36	0	62	497	34	0	0	0	0	593	169.36	8.63	2.80	5.67	7.92	8.42	11.92	2.70	41.93	13.85
6/28/2019 12:30:19 PM	0.00	0.12	1.24	0.99	0.00	0.00	0.00	0.37	2.35	97.36	17.48	13.18	0	122	560	30	0	0	0	0	712	169.70	8.46	2.78	5.75	7.89	8.18	11.89	2.71	41.84	13.85
6/28/2019 12:30:21 PM	0.00	0.09	1.08	1.00	0.00	0.00	0.00	0.39	2.17	97.27	17.58	13.06	0	85	484	30	0	0	0	0	600	169.53	8.03	2.63	5.41	7.76	8.00	11.40	2.72	41.77	13.83
6/28/2019 12:30:24 PM	0.00	0.15	1.19	0.89	0.00	0.00	0.00	0.36	2.23	97.37	17.69	13.03	0	149	534	27	0	0	0	0	710	169.72	7.90	2.56	5.53	7.50	7.94	11.21	2.73	41.70	13.81
6/28/2019 12:30:26 PM	0.00	0.11	1.07	0.90	0.00	0.00	0.00	0.37	2.08	97.23	17.78	13.03	0	109	481	27	0	0	0	0	617	169.47	7.77	2.49	5.27	7.41	7.63	10.71	2.74	41.63	13.78
6/28/2019 12:30:28 PM	0.00	0.16	1.09	0.88	0.00	0.00	0.00	0.37	2.13	97.25	17.86	12.99	0	157	492	26	0	0	0	0	675	169.50	7.78	2.57	5.49	7.42	7.74	10.70	2.75	41.53	13.80
6/28/2019 12:30:31 PM	0.00	0.08	0.87	1.02	0.00	0.00	0.00	0.37	1.97	97.20	17.98	12.87	0	82	393	31	0	0	0	0	505	169.41	7.61	2.64	5.27	7.29	7.75	10.41	2.76	41.48	13.78
6/28/2019 12:30:33 PM	0.00	0.17	1.08	0.80	0.00	0.00	0.00	0.36	2.06	97.23	18.06	12.85	0	172	487	24	0	0	0	0	683	169.47	7.39	2.44	5.33	7.23	7.56	10.40	2.77	41.39	13.76
6/28/2019 12:30:36 PM	0.00	0.13	1.14	0.91	0.00	0.00	0.00	0.36	2.18	97.14	18.18	12.89	0	130	512	27	0	0	0	0	670	169.32	7.97	2.54	5.45	7.51	7.82	11.00	2.78	41.32	13.72
6/28/2019 12:30:38 PM	0.00	0.12	1.02	0.95	0.00	0.00	0.00	0.38	2.09	97.29	18.28	12.90	0	118	458	29	0	0	0	0	604	169.57	7.73	2.54	5.37	7.50	7.87	10.86	2.79	41.24	13.72
6/28/2019 12:30:40 PM	0.00	0.15	1.21	0.91	0.00	0.00	0.00	0.38	2.27	97.13	18.34	12.98	0	153	542	27	0	0	0	0	723	169.29	8.18	2.66	5.66	7.82	7.98	11.47	2.80	41.15	13.70
6/28/2019 12:30:43 PM	0.00	0.17	1.04	0.91	0.00	0.00	0.00	0.38	2.12	97.16	18.45	12.93	0	166	469	27	0	0	0	0	662	169.35	7.80	2.64	5.57	7.49	7.82	10.68	2.81	41.08	13.69
6/28/2019 12:30:45 PM	0.00	0.11	1.10	1.00	0.00	0.00	0.00	0.39	2.21	97.26	18.56	12.81	0	105	494	30	0	0	0	0	629	169.52	8.20	2.71	5.56	7.83	8.03	11.43	2.82	41.02	13.68
6/28/2019 12:30:47 PM	0.00	0.08	1.03	1.01	0.00	0.00	0.00	0.38	2.11	97.20	18.69	12.75	0	76	464	30	0	0	0	0	571	169.42	7.97	2.58	5.33	7.57	7.91	11.08	2.83	40.94	13.66
6/28/2019 12:30:50 PM	0.00	0.11	1.06	1.00	0.00	0.00	0.00	0.37	2.17	97.24	18.78	12.69	0	106	478	30	0	0	0	0	614	169.49	8.06	2.73	5.53	7.61	7.94	11.14	2.84	40.88	13.66
6/28/2019 12:30:52 PM	0.00	0.12	1.08	0.98	0.00	0.00	0.00	0.37	2.18	97.13	18.90	12.72	0	119	486	29	0	0	0	0	634	169.30	8.11	2.61	5.52	7.64	7.98	11.11	2.85	40.83	13.65
6/28/2019 12:30:55 PM	0.00	0.09	0.81	1.01	0.00	0.00	0.00	0.38	1.92	97.23	19.01	12.76	0	94	366	30	0	0	0	0	490	169.47	7.59	2.54	5.23	7.31	7.70	10.13	2.86	40.71	13.64
6/28/2019 12:30:57 PM	0.00	0.06	0.75	1.06	0.00	0.00	0.00	0.39	1.87	97.22	19.12	12.79	0	58	338	32	0	0	0	0	428	169.44	7.52	2.59	5.13	7.29	7.68	10.13	2.87	40.66	13.63
6/28/2019 12:30:59 PM	0.00	0.10	0.92	0.97	0.00	0.00	0.00	0.39	1.99	97.23	19.26	12.82	0	98	414	29	0	0	0	0	541	169.48	7.67	2.59	5.28	7.52	7.68	10.56	2.89	40.60	13.59
6/28/2019 12:31:02 PM	0.00	0.08	0.78	1.02	0.00	0.00	0.00	0.39	1.88	97.17	19.39	12.75	0	83	350	30	0	0	0	0	463	169.36	7.42	2.60	5.17	7.27	7.64	10.09	2.90	40.54	13.59
6/28/2019 12:31:04 PM	0.00	0.08	0.75	1.00	0.00	0.00	0.00	0.39	1.83	97.31	19.51	12.66	0	81	335	30	0	0	0	0	447	169.61	7.34	2.53	5.10	7.22	7.56	9.89	2.91	40.47	13.58
6/28/2019 12:31:07 PM	0.00	0.04	0.44	0.99	0.00	0.00	0.00	0.36	1.48	97.15	19.63	12.66	0	42	200	30	0	0	0	0	272	169.33	6.44	2.38	4.59	6.38	7.01	8.33	2.92	40.37	13.59
6/28/2019 12:31:09 PM	0.00	0.06	0.52	1.00	0.00	0.00	0.00	0.37	1.58	97.36	19.75	12.62	0	60	232	30	0	0	0	0	322	169.70	6.67	2.46	4.77	6.61	7.17	8.73	2.93	40.34	13.55
6/28/2019 12:31:11 PM	0.00	0.10	0.70	0.99	0.00	0.00	0.00	0.39	1.79	97.33	19.85	12.62	0	99	316	30	0	0	0	0	445	169.65	7.23	2.49	5.10	7.15	7.53	9.64	2.95	40.26	13.52
6/28/2019 12:31:14 PM	0.00	0.08	0.69	1.00	0.00	0.00	0.00	0.39	1.77	97.28	19.95	12.64	0	83	310	30	0	0	0	0	423	169.55	7.24	2.54	5.07	7.10	7.45	9.58	2.96	40.19	13.51
6/28/2019 12:31:16 PM	0.00	0.08	0.81	1.06	0.00	0.00	0.00	0.39	1.95	97.20	20.08	12.60	0	82	367	32	0	0	0	0	480	169.42	7.81	2.64	5.32	7.50	7.79	10.38	2.97	40.12	13.51
6/28/2019 12:31:18 PM	0.00	0.08	0.84	1.06	0.00	0.00	0.00	0.39	1.98	97.33	20.22	12.61	0	76	376	32	0	0	0	0	483	169.64	7.91	2.67	5.34	7.56	7.80	10.49	2.98	40.05	13.50
6/28/2019 12:31:21 PM	0.00	0.08	0.91	1.04	0.00	0.00	0.00	0.39	2.04	97.21	20.32	12.63	0	81	410	31	0	0	0	0	522	169.44	8.00	2.66	5.38	7.65	7.85	10.76	2.99	39.96	13.51
6/28/2019 12:31:23 PM	0.00	0.04	0.77	1.10	0.00	0.00	0.00	0.38	1.90	97.17	20.43	12.66	0	41	345	33	0	0	0	0	418	169.36	7.73	2.56	5.13	7.33	7.77	10.25	3.00	39.90	13.49
6/28/2019 12:31:26 PM	0.00	0.09	0.87	1.03	0.00	0.00	0.00	0.38	1.99	97.23	20.50	12.73	0	90	391	31	0	0	0	0	512	169.47	7.88	2.59	5.34	7.43	7.79	10.38	3.01	39.85	13.49
6/28/2019 12:31:28 PM	0.00	0.08	0.79	1.10	0.00	0.00	0.00	0.41	1.98	97.19	20.61	12.66	0	85	357	33	0	0	0	0	475	169.40	7.98	2.82	5.47	7.72	7.89	10.59	3.02	39.79	13.45
6/28/2019 12:31:30 PM	0.00	0.05	0.80	1.05	0.00	0.00	0.00	0.39	1.89	97.26	20.73	12.63	0	47	359	31	0	0	0	0	437	169.52	7.72	2.48	5.08	7.40	7.64	10.23	3.03	39.71	13.42
6/28/2019 12:31:33 PM	0.00	0.11	0.83	0.99	0.00	0.00	0.00	0.39	1.93	97.21	20.82	12.64	0	110	374	30	0	0	0	0	514	169.43	7.71	2.59	5.32	7.38	7.64	10.09	3.04	39.64	13.45
6/28/2019 12:31:35 PM	0.00	0.10	0.75	1.00	0.00	0.00	0.00	0.40	1.85	97.23	20.92	12.66	0	96	340	30	0	0	0	0	466	169.46	7.50	2.54	5.18	7.34	7.57	9.90	3.05	39.59	13.42
6/28/2019 12:31:38 PM	0.00	0.13	0.83	0.97	0.00	0.00	0.00	0.39	1.93	97.27	21.06	12.64	0	126	373	29	0	0	0	0	528	169.53	7.60	2.57	5.33	7.38	7.68	10.09	3.06	39.50	13.42
6/28/2019 12:31:40 PM	0.00	0.08	0.78	0.98	0.00	0.00	0.00	0.38	1.84	97.33	21.14	12.61	0	83	352	29	0	0	0	0	465	169.64	7.54	2.42	5.08	7.21	7.48	9.78	3.07	39.46	13.38
6/28/2019 12:31:42 PM	0.00	0.12	0.75	1.03	0.00	0.00	0.00	0.41	1.90	97.28	21.23	12.64	0	116	339	31	0	0	0	0	485	169.55	7.71	2.58	5.35	7.57	7.78	10.12	3.08	39.40	13.38
6/28/2019 12:31:45 PM	0.00	0.10	0.79	1.02	0.00	0.00	0.00	0.40	1.91	97.26	21.31	12.62	0	101	356	31	0	0	0	0	487	169.51	7.69	2.58	5.29	7.49	7.72	10.18	3.09	39.33	13.36
6/28/2019 12:31:47 PM	0.00	0.12	0.75	0.97	0.00	0.00	0.00	0.40	1.84	97.17	21.39	12.63	0	121	338	29	0	0	0	0	488	169.37	7.46	2.55	5.24	7.31	7.52	9.74	3.10	39.26	13.34
6/28/2019 12:31:49 PM	0.00	0.10	0.73	0.98	0.00	0.00	0.00	0.40	1.80	97.30	21.49	12.67	0	103	327	29	0	0	0	0	459	169.59	7.43	2.50	5.14	7.28	7.46	9.65	3.11	39.21	13.33
6/28/2019 12:31:52 PM	0.00	0.13	0.73	0.94	0.00	0.00	0.00	0.40	1.80	97.16	21.61	12.64	0	126	330	28	0	0	0	0	485	169.35	7.32	2.44	5.14	7.30	7.45	9.59	3.12	39.13	13.34
6/28/2019 12:31:54 PM	0.00	0.11	0.72	1.01	0.00	0.00	0.00	0.41	1.84	97.29	21.73	12.55	0	108	325	30	0	0	0	0	463	169.58	7.60	2.59	5.26	7.46	7.58	9.84	3.13	39.07	13.34
6/28/2019 12:31:57 PM	0.00	0.09	0.72	1.05	0.00	0.00	0.00	0.41	1.86	97.17	21.81	12.48	0	89	325	31	0	0	0	0	445	169.37	7.74	2.62	5.27	7.57	7.65	10.03	3.14	39.04	13.30
6/28/2019 12:31:59 PM	0.00	0.11	0.68	1.05	0.00	0.00	0.00	0.42	1.84	97.25	21.92	12.47	0	111	305	31	0	0	0	0	448	169.50	7.66	2.50	5.28	7.60	7.78	9.94	3.15	38.97	13.27
6/28/2019 12:32:01 PM	0.00	0.03	0.62	1.14	0.00	0.00	0.00	0.41	1.80	97.32	22.05	12.47	0	33	281	34	0	0	0	0	348	169.63	7.77	2.61	5.12	7.51	7.71	9.98	3.16	38.89	13.28
6/28/2019 12:32:04 PM	0.00	0.06	0.73	1.11	0.00	0.00	0.00	0.42	1.90	97.31	22.16	12.44	0	60	329	33	0	0	0	0	422	169.60	7.97	2.61	5.27	7.73	7.82	10.37	3.17	38.84	13.26
6/28/2019 12:32:06 PM	0.00	0.12	0.80	1.02	0.00	0.00	0.00	0.42	1.94	97.09	22.26	12.40	0	116	361	31	0	0	0	0	508	169.22	7.86	2.59	5.39	7.75	7.79	10.37	3.18	38.78	13.23
6/28/2019 12:32:08 PM	0.00	0.15	0.78	1.04	0.00	0.00	0.00	0.43	1.97	97.24	22.37	12.40	0	151	352	31	0	0	0	0	534	169.49	7.95	2.66	5.58	7.90	7.97	10.44	3.19	38.73	13.21
6/28/2019 12:32:11 PM	0.00	0.09	0.79	1.04	0.00	0.00	0.00	0.43	1.92	97.22	22.49	12.43	0	92	355	31	0	0	0	0	478	169.44	7.84	2.51	5.28	7.78	7.84	10.46	3.20	38.65	13.23
6/28/2019 12:32:13 PM	0.00	0.09	0.76	1.09	0.00	0.00	0.00	0.42	1.94	97.18	22.60	12.46	0	93	343	33	0	0	0	0	469	169.38	8.00	2.58	5.38	7.82	7.95	10.49	3.21	38.59	13.21
6/28/2019 12:32:16 PM	0.00	0.10	0.92	1.06	0.00	0.00	0.00	0.43	2.08	97.21	22.71	12.49	0	99	414	32	0	0	0	0	545	169.44	8.30	2.61	5.50	8.10	8.05	11.10	3.23	38.55	13.17
6/28/2019 12:32:18 PM	0.00	0.10	0.87	1.08	0.00	0.00	0.00	0.43	2.04	97.22	22.85	12.49	0	98	391	32	0	0	0	0	521	169.45	8.30	2.62	5.49	8.10	8.03	10.95	3.24	38.49	13.17
6/28/2019 12:32:20 PM	0.00	0.12	0.86	1.02	0.00	0.00	0.00	0.41	1.99	97.11	22.97	12.42	0	118	385	31	0	0	0	0	534	169.26	7.98	2.50	5.40	7.71	7.90	10.48	3.25	38.43	13.17
6/28/2019 12:32:23 PM	0.00	0.10	0.71	1.03	0.00	0.00	0.00	0.42	1.84	97.24	23.08	12.35	0	102	320	31	0	0	0	0	453	169.48	7.69	2.47	5.23	7.59	7.72	9.98	3.26	38.38	13.15
6/28/2019 12:32:25 PM	0.00	0.08	0.68	1.04	0.00	0.00	0.00	0.42	1.80	97.24	23.17	12.39	0	83	306	31	0	0	0	0	421	169.49	7.62	2.41	5.12	7.51	7.67	9.86	3.27	38.32	13.16
6/28/2019 12:32:28 PM	0.00	0.09	0.64	1.01	0.00	0.00	0.00	0.41	1.73	97.28	23.26	12.39	0	85	286	30	0	0	0	0	402	169.56	7.30	2.28	4.96	7.24	7.57	9.49	3.28	38.24	13.13
6/28/2019 12:32:30 PM	0.00	0.15	0.66	0.92	0.00	0.00	0.00	0.41	1.73	97.22	23.37	12.38	0	151	298	28	0	0	0	0	476	169.45	7.11	2.35	5.12	7.18	7.45	9.24	3.29	38.21	13.11
6/28/2019 12:32:32 PM	0.00	0.11	0.61	0.95	0.00	0.00	0.00	0.40	1.67	97.20	23.49	12.37	0	110	275	28	0	0	0	0	414	169.41	7.02	2.36	4.96	7.09	7.31	9.11	3.30	38.15	13.10
6/28/2019 12:32:35 PM	0.00	0.11	0.57	1.00	0.00	0.00	0.00	0.41	1.67	97.31	23.62	12.35	0	109	255	30	0	0	0	0	394	169.61	7.18	2.38	5.03	7.22	7.45	9.17	3.31	38.09	13.11
6/28/2019 12:32:37 PM	0.00	0.11	0.38	0.96	0.00	0.00	0.00	0.42	1.46	97.24	23.74	12.34	0	115	172	29	0	0	0	0	316	169.48	6.55	2.29	4.78	6.84	7.14	8.25	3.33	38.05	13.07
6/28/2019 12:32:39 PM	0.00	0.16	0.52	0.82	0.00	0.00	0.00	0.40	1.51	97.29	23.87	12.32	0	164	233	25	0	0	0	0	423	169.57	6.43	2.22	4.83	6.76	6.96	8.21	3.34	37.98	13.07
6/28/2019 12:32:42 PM	0.00	0.17	0.20	0.82	0.00	0.00	0.00	0.40	1.20	97.41	23.99	12.31	0	170	91	25	0	0	0	0	286	169.78	5.48	2.07	4.50	6.10	6.69	6.84	3.35	37.94	13.05
6/28/2019 12:32:44 PM	0.00	0.16	0.00	0.81	0.00	0.00	0.00	0.39	0.96	97.52	24.09	12.31	0	156	0	24	0	0	0	0	180	169.97	4.94	1.93	4.17	5.68	6.37	5.84	3.36	37.86	13.05
6/28/2019 12:32:47 PM	0.00	0.16	0.01	0.81	0.00	0.00	0.00	0.40	0.98	97.40	24.18	12.34	0	157	4	24	0	0	0	0	185	169.77	4.91	2.02	4.23	5.73	6.37	5.97	3.37	37.83	13.02
6/28/2019 12:32:49 PM	0.00	0.18	0.00	0.79	0.00	0.00	0.00	0.41	0.97	97.37	24.24	12.30	0	178	0	24	0	0	0	0	201	169.71	4.93	2.02	4.27	5.80	6.34	5.86	3.37	37.79	13.02
6/28/2019 12:32:51 PM	0.00	0.19	0.00	0.76	0.00	0.00	0.00	0.40	0.95	97.42	24.31	12.30	0	186	0	23	0	0	0	0	209	169.80	4.82	1.99	4.25	5.68	6.26	5.70	3.38	37.72	13.02
6/28/2019 12:32:54 PM	0.00	0.20	0.00	0.72	0.00	0.00	0.00	0.41	0.92	97.49	24.36	12.30	0	196	0	22	0	0	0	0	218	169.91	4.76	1.92	4.17	5.72	6.20	5.56	3.39	37.66	12.98
6/28/2019 12:32:56 PM	0.00	0.18	0.00	0.76	0.00	0.00	0.00	0.41	0.95	97.57	24.39	12.29	0	184	0	23	0	0	0	0	206	170.07	4.82	1.96	4.17	5.85	6.35	5.82	3.39	37.61	12.98
6/28/2019 12:32:58 PM	0.00	0.17	0.00	0.80	0.00	0.00	0.00	0.40	0.97	97.51	24.46	12.28	0	167	0	24	0	0	0	0	190	169.96	4.89	1.97	4.14	5.75	6.45	5.83	3.40	37.54	12.98
6/28/2019 12:33:01 PM	0.00	0.14	0.00	0.83	0.00	0.00	0.00	0.41	0.97	97.41	24.49	12.26	0	139	0	25	0	0	0	0	164	169.78	5.00	2.03	4.12	5.85	6.40	6.00	3.40	37.51	12.96
6/28/2019 12:33:03 PM	0.00	0.17	0.00	0.79	0.00	0.00	0.00	0.40	0.95	97.47	24.52	12.27	0	166	0	24	0	0	0	0	189	169.88	4.89	2.00	4.16	5.73	6.33	5.77	3.40	37.48	12.95
6/28/2019 12:33:06 PM	0.00	0.16	0.00	0.81	0.00	0.00	0.00	0.42	0.97	97.38	24.53	12.29	0	164	0	24	0	0	0	0	189	169.73	4.98	2.09	4.21	5.95	6.43	6.00	3.40	37.41	12.93
6/28/2019 12:33:08 PM	0.00	0.16	0.02	0.85	0.00	0.00	0.00	0.41	1.02	97.34	24.55	12.36	0	155	8	25	0	0	0	0	188	169.67	5.12	2.05	4.32	5.96	6.53	6.27	3.41	37.37	12.91
6/28/2019 12:33:10 PM	0.00	0.17	0.00	0.82	0.00	0.00	0.00	0.42	0.99	97.32	24.59	12.36	0	171	0	24	0	0	0	0	195	169.63	5.08	1.95	4.28	5.95	6.46	6.05	3.41	37.31	12.91
6/28/2019 12:33:13 PM	0.00	0.12	0.00	0.90	0.00	0.00	0.00	0.41	1.02	97.43	24.64	12.32	0	118	0	27	0	0	0	0	145	169.81	5.20	2.04	4.23	5.98	6.57	6.37	3.41	37.28	12.88
6/28/2019 12:33:15 PM	0.00	0.14	0.00	0.87	0.00	0.00	0.00	0.41	1.02	97.47	24.69	12.36	0	143	0	26	0	0	0	0	169	169.88	5.15	2.12	4.32	5.96	6.54	6.28	3.42	37.22	12.88
6/28/2019 12:33:18 PM	0.00	0.14	0.05	0.87	0.00	0.00	0.00	0.41	1.06	97.35	24.69	12.40	0	137	24	26	0	0	0	0	187	169.67	5.32	2.11	4.35	6.06	6.56	6.50	3.42	37.17	12.88
6/28/2019 12:33:20 PM	0.00	0.16	0.00	0.82	0.00	0.00	0.00	0.42	0.98	97.41	24.70	12.42	0	157	0	25	0	0	0	0	182	169.79	5.06	2.04	4.27	6.02	6.40	6.16	3.42	37.12	12.84
6/28/2019 12:33:22 PM	0.00	0.17	0.03	0.85	0.00	0.00	0.00	0.41	1.05	97.44	24.71	12.46	0	169	14	26	0	0	0	0	209	169.84	5.20	2.13	4.43	6.01	6.58	6.34	3.42	37.07	12.86
6/28/2019 12:33:25 PM	0.00	0.17	0.00	0.83	0.00	0.00	0.00	0.42	0.99	97.44	24.71	12.50	0	167	0	25	0	0	0	0	192	169.83	5.07	2.09	4.27	5.98	6.50	6.08	3.42	37.02	12.82
6/28/2019 12:33:27 PM	0.00	0.18	0.00	0.83	0.00	0.00	0.00	0.42	1.02	97.34	24.71	12.54	0	184	0	25	0	0	0	0	209	169.66	5.07	2.20	4.44	6.02	6.49	6.19	3.42	36.97	12.82
6/28/2019 12:33:29 PM	0.00	0.13	0.00	0.86	0.00	0.00	0.00	0.41	0.99	97.50	24.72	12.58	0	129	0	26	0	0	0	0	154	169.93	5.19	2.15	4.18	5.97	6.42	6.10	3.42	36.93	12.79
6/28/2019 12:33:32 PM	0.00	0.11	0.00	0.92	0.00	0.00	0.00	0.41	1.03	97.28	24.72	12.59	0	112	0	27	0	0	0	0	139	169.56	5.34	2.21	4.27	6.06	6.54	6.40	3.42	36.89	12.79
6/28/2019 12:33:34 PM	0.00	0.10	0.03	0.89	0.00	0.00	0.00	0.41	1.02	97.39	24.83	12.54	0	104	12	27	0	0	0	0	143	169.74	5.28	2.16	4.24	5.98	6.40	6.39	3.43	36.83	12.79
6/28/2019 12:33:37 PM	0.00	0.16	0.00	0.79	0.00	0.00	0.00	0.41	0.95	97.43	25.02	12.32	0	164	0	24	0	0	0	0	187	169.81	4.88	2.08	4.14	5.83	6.36	5.85	3.45	36.80	12.77
6/28/2019 12:33:39 PM	0.00	0.17	0.00	0.75	0.00	0.00	0.00	0.40	0.92	97.42	25.20	12.20	0	171	0	23	0	0	0	0	194	169.79	4.69	1.88	4.04	5.71	6.31	5.71	3.47	36.76	12.75
6/28/2019 12:33:41 PM	0.00	0.17	0.00	0.70	0.00	0.00	0.00	0.40	0.86	97.34	25.29	12.19	0	165	0	21	0	0	0	0	186	169.65	4.51	1.89	3.90	5.56	6.05	5.41	3.48	36.71	12.75
6/28/2019 12:33:44 PM	0.00	0.16	0.00	0.73	0.00	0.00	0.00	0.38	0.89	97.49	25.46	12.14	0	157	0	22	0	0	0	0	179	169.93	4.50	1.93	3.95	5.39	6.11	5.43	3.49	36.67	12.73
6/28/2019 12:33:46 PM	0.00	0.17	0.00	0.70	0.00	0.00	0.00	0.39	0.87	97.52	25.60	12.11	0	174	0	21	0	0	0	0	195	169.97	4.45	1.94	3.92	5.52	6.11	5.41	3.51	36.62	12.73
6/28/2019 12:33:49 PM	0.00	0.19	0.00	0.66	0.00	0.00	0.00	0.39	0.85	97.65	25.71	12.13	0	190	0	20	0	0	0	0	210	170.19	4.38	1.88	3.91	5.48	6.03	5.24	3.52	36.57	12.71
6/28/2019 12:33:51 PM	0.00	0.20	0.00	0.69	0.00	0.00	0.00	0.40	0.89	97.47	25.85	12.17	0	200	0	21	0	0	0	0	221	169.88	4.45	1.93	4.11	5.55	6.12	5.49	3.53	36.54	12.68
6/28/2019 12:33:53 PM	0.00	0.20	0.00	0.67	0.00	0.00	0.00	0.41	0.87	97.52	26.00	12.14	0	196	0	20	0	0	0	0	216	169.97	4.47	1.85	4.01	5.64	6.05	5.43	3.55	36.49	12.68
6/28/2019 12:33:56 PM	0.00	0.20	0.00	0.66	0.00	0.00	0.00	0.38	0.85	97.60	26.16	12.11	0	196	0	20	0	0	0	0	215	170.12	4.28	1.84	3.94	5.29	5.99	5.14	3.56	36.45	12.65
6/28/2019 12:33:58 PM	0.00	0.16	0.00	0.69	0.00	0.00	0.00	0.39	0.85	97.55	26.24	12.09	0	165	0	21	0	0	0	0	185	170.03	4.31	1.80	3.84	5.40	6.07	5.37	3.57	36.40	12.67
6/28/2019 12:34:00 PM	0.00	0.18	0.00	0.68	0.00	0.00	0.00	0.40	0.87	97.58	26.30	12.09	0	185	0	21	0	0	0	0	206	170.08	4.36	1.85	3.96	5.54	6.11	5.48	3.58	36.38	12.65
6/28/2019 12:34:03 PM	0.00	0.21	0.00	0.65	0.00	0.00	0.00	0.39	0.86	97.57	26.33	12.10	0	210	0	19	0	0	0	0	229	170.06	4.30	1.91	3.99	5.37	6.00	5.13	3.58	36.33	12.64
6/28/2019 12:34:05 PM	0.00	0.19	0.00	0.70	0.00	0.00	0.00	0.40	0.89	97.57	26.40	12.11	0	191	0	21	0	0	0	0	212	170.07	4.45	1.87	4.03	5.53	6.17	5.48	3.59	36.27	12.61
6/28/2019 12:34:08 PM	0.00	0.21	0.00	0.63	0.00	0.00	0.00	0.40	0.84	96.37	26.51	12.14	0	207	0	19	0	0	0	0	226	167.98	4.22	1.88	3.93	5.42	5.94	5.15	3.60	36.23	12.61
6/28/2019 12:34:10 PM	0.00	0.22	0.00	0.59	0.00	0.00	0.00	0.40	0.81	97.47	26.61	12.14	0	221	0	18	0	0	0	0	238	169.89	4.12	1.83	3.85	5.43	5.92	5.01	3.61	36.21	12.59
6/28/2019 12:34:12 PM	0.00	0.25	0.00	0.56	0.00	0.00	0.00	0.38	0.82	97.52	26.70	12.13	0	254	0	17	0	0	0	0	271	169.97	4.05	1.77	3.87	5.26	5.98	4.73	3.62	36.15	12.60
6/28/2019 12:34:15 PM	0.00	0.24	0.00	0.57	0.00	0.00	0.00	0.39	0.81	97.58	26.79	12.15	0	240	0	17	0	0	0	0	257	170.09	4.13	1.80	3.91	5.32	5.89	4.82	3.63	36.10	12.60
6/28/2019 12:34:17 PM	0.00	0.22	0.00	0.58	0.00	0.00	0.00	0.40	0.81	97.56	26.88	12.19	0	223	0	18	0	0	0	0	241	170.05	4.06	1.82	3.84	5.41	5.92	5.00	3.63	36.08	12.56
6/28/2019 12:34:19 PM	0.00	0.23	0.00	0.58	0.00	0.00	0.00	0.41	0.80	97.60	27.00	12.15	0	226	0	17	0	0	0	0	243	170.12	4.08	1.82	3.88	5.50	5.84	5.06	3.65	36.03	12.55
6/28/2019 12:34:22 PM	0.00	0.25	0.00	0.53	0.00	0.00	0.00	0.41	0.78	97.57	27.13	12.06	0	251	0	16	0	0	0	0	267	170.06	3.83	1.73	3.85	5.42	5.86	4.97	3.66	35.99	12.54
6/28/2019 12:34:24 PM	0.00	0.24	0.00	0.52	0.00	0.00	0.00	0.41	0.76	97.61	27.24	12.03	0	241	0	16	0	0	0	0	257	170.12	3.82	1.60	3.81	5.35	5.76	4.92	3.67	35.94	12.53
6/28/2019 12:34:27 PM	0.00	0.26	0.00	0.51	0.00	0.00	0.00	0.41	0.77	97.64	27.36	12.03	0	256	0	15	0	0	0	0	271	170.18	3.87	1.61	3.85	5.41	5.77	4.86	3.68	35.92	12.52
6/28/2019 12:34:29 PM	0.00	0.21	0.00	0.55	0.00	0.00	0.00	0.41	0.76	97.64	27.51	11.97	0	205	0	17	0	0	0	0	222	170.18	3.84	1.59	3.69	5.34	5.77	5.02	3.70	35.87	12.50
6/28/2019 12:34:31 PM	0.00	0.24	0.09	0.52	0.00	0.00	0.00	0.39	0.86	97.63	27.62	11.90	0	245	39	16	0	0	0	0	300	170.16	3.94	1.68	3.96	5.29	5.83	5.22	3.71	35.85	12.51
6/28/2019 12:34:34 PM	0.00	0.23	0.01	0.53	0.00	0.00	0.00	0.41	0.77	97.50	27.82	11.89	0	228	5	16	0	0	0	0	248	169.93	3.86	1.61	3.83	5.34	5.72	5.01	3.73	35.79	12.50
6/28/2019 12:34:36 PM	0.00	0.21	0.02	0.57	0.00	0.00	0.00	0.39	0.80	97.60	28.04	11.84	0	209	11	17	0	0	0	0	237	170.11	3.95	1.65	3.83	5.26	5.78	5.09	3.75	35.77	12.46
6/28/2019 12:34:39 PM	0.00	0.20	0.05	0.59	0.00	0.00	0.00	0.39	0.84	97.46	28.23	11.82	0	205	23	18	0	0	0	0	245	169.87	4.07	1.64	3.87	5.36	5.90	5.33	3.77	35.72	12.44
