Date/Time	Green Algae	Bluegreen	Diatoms	Cryptophyta	#5	#6	#7	Yellow substances	Total conc.	Transmission	Depth	Temp. Sample	Green Algae	Bluegreen	Diatoms	Cryptophyta	#5	#6	#7	Yellow substances	Total cell count	Trans. 700 nm	LED 3 [525 nm]	LED 4 [570 nm]	LED 5 [610 nm]	LED 6 [370 nm]	LED 7 [590 nm]	LED 8 [470 nm]	Pressure	Temp. LEDs	Temp. Sensor
date	µg/l	µg/l	µg/l	µg/l	µg/l	µg/l	µg/l	r.u.	µg/l	%	m	°C	cells/ml	cells/ml	cells/ml	cells/ml	cells/ml	cells/ml	cells/ml	r.u.	cells/ml	digits	digits	digits	digits	digits	digits	digits	bar	°C	°C
8/14/2019 11:04:12 AM	10.65	11.56	2.28	0.00	0.00	0.00	0.00	0.48	24.49	93.70	0.35	25.84	5644	11562	1024	0	0	0	0	0	18230	163.31	23.14	11.55	65.47	32.61	62.64	51.52	1.03	38.71	12.35
8/14/2019 11:04:14 AM	11.48	11.88	2.38	0.00	0.00	0.00	0.00	0.29	25.74	95.04	0.42	26.10	6083	11880	1072	0	0	0	0	0	19036	165.65	23.59	12.53	67.58	32.28	64.61	53.24	1.04	38.76	12.34
8/14/2019 11:04:17 AM	13.01	11.84	1.62	0.00	0.00	0.00	0.00	0.41	26.47	93.39	0.45	26.05	6893	11839	731	0	0	0	0	0	19463	162.79	23.21	10.61	68.73	34.34	64.49	55.73	1.04	38.84	12.36
8/14/2019 11:04:19 AM	13.02	11.65	2.30	0.00	0.00	0.00	0.00	0.11	26.97	95.26	0.47	25.97	6899	11651	1036	0	0	0	0	0	19587	166.04	23.66	11.98	67.33	32.28	65.20	56.30	1.05	38.91	12.35
8/14/2019 11:04:22 AM	12.51	11.52	3.21	0.00	0.00	0.00	0.00	0.04	27.24	93.88	0.46	25.85	6628	11524	1443	0	0	0	0	0	19595	163.63	25.31	11.60	67.39	32.27	65.06	58.01	1.05	38.97	12.37
8/14/2019 11:04:24 AM	11.88	12.02	3.12	0.00	0.00	0.00	0.00	0.07	27.01	94.04	0.50	25.85	6294	12019	1403	0	0	0	0	0	19715	163.91	24.99	14.23	69.14	31.96	66.01	56.04	1.05	39.06	12.37
8/14/2019 11:04:26 AM	12.38	11.37	1.93	0.00	0.00	0.00	0.00	0.27	25.68	94.82	0.49	25.79	6559	11373	869	0	0	0	0	0	18801	165.28	22.64	10.62	64.82	32.16	63.78	53.80	1.05	39.11	12.39
8/14/2019 11:04:29 AM	12.94	11.63	2.44	0.00	0.00	0.00	0.00	0.18	27.01	93.69	0.50	25.71	6856	11628	1099	0	0	0	0	0	19583	163.31	24.02	12.34	66.64	33.12	65.90	57.23	1.05	39.20	12.40
8/14/2019 11:04:31 AM	12.64	12.05	2.68	0.00	0.00	0.00	0.00	0.03	27.36	94.41	0.50	25.68	6698	12047	1204	0	0	0	0	0	19949	164.55	24.37	12.92	68.67	31.91	67.30	56.26	1.05	39.28	12.40
8/14/2019 11:04:34 AM	12.59	12.40	1.90	0.00	0.00	0.00	0.00	0.14	26.90	94.44	0.50	25.47	6674	12403	857	0	0	0	0	0	19934	164.61	23.19	12.66	70.71	31.87	66.76	53.65	1.05	39.35	12.42
8/14/2019 11:04:36 AM	10.41	12.58	3.10	0.00	0.00	0.00	0.00	0.45	26.10	94.37	0.54	25.22	5520	12583	1395	0	0	0	0	0	19497	164.48	25.81	11.43	70.06	34.13	68.49	54.50	1.05	39.41	12.41
8/14/2019 11:04:38 AM	12.16	11.85	2.32	0.00	0.00	0.00	0.00	0.33	26.34	93.92	0.73	25.44	6447	11850	1045	0	0	0	0	0	19342	163.71	23.98	10.55	66.32	33.47	67.12	55.49	1.07	39.47	12.42
8/14/2019 11:04:41 AM	12.17	12.08	2.06	0.00	0.00	0.00	0.00	0.32	26.30	94.04	0.91	25.94	6449	12076	927	0	0	0	0	0	19452	163.91	23.37	12.89	67.98	33.15	66.44	54.35	1.09	39.55	12.43
8/14/2019 11:04:43 AM	11.27	11.95	2.67	0.00	0.00	0.00	0.00	0.35	25.90	94.87	1.08	26.07	5974	11954	1203	0	0	0	0	0	19131	165.35	24.40	12.16	67.67	33.14	65.60	54.36	1.11	39.62	12.44
8/14/2019 11:04:45 AM	11.28	11.89	2.40	0.00	0.00	0.00	0.00	0.42	25.57	94.27	1.19	26.02	5976	11892	1081	0	0	0	0	0	18950	164.31	23.86	12.08	66.89	33.36	65.37	53.74	1.12	39.68	12.44
8/14/2019 11:04:48 AM	11.41	11.63	2.52	0.00	0.00	0.00	0.00	0.44	25.56	94.78	1.30	25.95	6048	11631	1134	0	0	0	0	0	18813	165.20	24.10	11.80	66.30	33.76	64.18	54.76	1.13	39.74	12.45
8/14/2019 11:04:50 AM	12.82	11.72	2.31	0.00	0.00	0.00	0.00	0.00	26.85	94.83	1.38	25.85	6793	11720	1040	0	0	0	0	0	19553	165.28	23.19	12.90	66.94	30.83	65.64	54.91	1.13	39.82	12.46
8/14/2019 11:04:53 AM	11.85	11.93	2.64	0.00	0.00	0.00	0.00	0.26	26.42	94.68	1.44	25.73	6282	11932	1187	0	0	0	0	0	19402	165.03	24.42	12.09	68.00	32.99	65.91	55.36	1.14	39.89	12.46
8/14/2019 11:04:55 AM	12.37	12.06	1.85	0.00	0.00	0.00	0.00	0.35	26.28	94.65	1.49	25.84	6558	12062	831	0	0	0	0	0	19451	164.98	23.01	13.06	67.50	33.41	66.73	54.34	1.15	39.97	12.47
8/14/2019 11:04:57 AM	10.93	11.83	3.35	0.00	0.00	0.00	0.00	0.24	26.11	94.57	1.52	26.00	5795	11831	1506	0	0	0	0	0	19132	164.84	25.26	13.02	66.58	32.57	66.26	55.32	1.15	40.04	12.46
8/14/2019 11:05:00 AM	11.05	11.75	3.06	0.00	0.00	0.00	0.00	0.25	25.86	94.11	1.65	26.03	5855	11752	1378	0	0	0	0	0	18985	164.03	24.64	12.94	66.29	32.37	65.45	54.55	1.16	40.12	12.49
8/14/2019 11:05:02 AM	13.20	12.27	2.21	0.00	0.00	0.00	0.00	0.16	27.68	94.09	1.76	25.75	6998	12268	995	0	0	0	0	0	20261	163.99	23.99	13.94	69.54	33.37	68.33	57.11	1.17	40.18	12.51
8/14/2019 11:05:04 AM	11.47	13.03	3.60	0.00	0.00	0.00	0.00	0.33	28.10	93.28	1.86	25.44	6081	13025	1618	0	0	0	0	0	20725	162.59	27.50	13.70	73.19	35.60	71.66	59.28	1.18	40.27	12.50
8/14/2019 11:05:07 AM	15.29	14.38	3.79	0.00	0.00	0.00	0.00	0.35	33.47	93.27	1.93	25.28	8106	14383	1707	0	0	0	0	0	24196	162.58	31.38	15.46	82.08	42.65	81.54	73.08	1.19	40.32	12.52
8/14/2019 11:05:09 AM	15.32	14.46	3.99	0.00	0.00	0.00	0.00	0.15	33.76	93.63	1.98	25.09	8120	14457	1794	0	0	0	0	0	24371	163.19	31.36	16.17	82.79	41.03	81.58	72.43	1.19	40.39	12.55
8/14/2019 11:05:12 AM	16.70	14.39	4.99	0.00	0.00	0.00	0.00	0.27	36.08	93.11	2.07	24.92	8851	14385	2247	0	0	0	0	0	25483	162.29	34.84	16.58	84.46	45.90	83.90	82.24	1.20	40.45	12.53
8/14/2019 11:05:14 AM	18.10	14.73	5.02	0.00	0.00	0.00	0.00	0.24	37.85	92.98	2.19	24.69	9591	14730	2260	0	0	0	0	0	26582	162.06	35.96	16.94	87.10	47.91	86.69	86.75	1.21	40.52	12.56
8/14/2019 11:05:16 AM	17.08	13.13	5.19	0.29	0.00	0.00	0.00	0.29	35.69	94.22	2.41	24.35	9050	13134	2336	9	0	0	0	0	24529	164.22	35.47	16.29	80.04	46.56	80.30	85.37	1.24	40.59	12.56
8/14/2019 11:05:19 AM	17.99	11.67	4.56	0.33	0.00	0.00	0.00	0.39	34.55	95.33	2.54	24.11	9534	11670	2051	10	0	0	0	0	23265	166.15	33.65	15.25	73.86	46.74	74.22	85.97	1.25	40.68	12.57
8/14/2019 11:05:21 AM	18.05	11.26	4.79	0.42	0.00	0.00	0.00	0.29	34.52	95.58	2.53	24.08	9566	11261	2157	13	0	0	0	0	22996	166.60	33.95	14.69	72.32	46.06	73.31	86.66	1.25	40.74	12.56
8/14/2019 11:05:24 AM	17.00	9.98	5.34	0.07	0.00	0.00	0.00	0.41	32.39	96.46	2.60	24.00	9008	9982	2405	2	0	0	0	0	21398	168.13	32.77	13.73	65.71	45.14	65.97	84.67	1.25	40.78	12.58
8/14/2019 11:05:26 AM	17.82	9.78	4.61	0.44	0.00	0.00	0.00	0.44	32.64	96.20	2.68	23.81	9446	9777	2072	13	0	0	0	0	21309	167.67	32.57	13.81	65.60	45.85	66.54	85.88	1.26	40.86	12.56
8/14/2019 11:05:28 AM	17.99	9.16	4.55	0.00	0.00	0.00	0.00	0.39	31.70	96.80	2.80	23.50	9535	9161	2048	0	0	0	0	0	20744	168.73	30.51	13.34	62.42	44.29	61.55	83.65	1.27	40.93	12.58
8/14/2019 11:05:31 AM	17.41	7.50	3.93	0.58	0.00	0.00	0.00	0.53	29.42	97.45	2.87	23.35	9228	7497	1769	17	0	0	0	0	18511	169.86	29.52	11.56	54.68	43.52	56.48	82.13	1.28	41.00	12.61
8/14/2019 11:05:33 AM	17.41	7.18	3.73	0.38	0.00	0.00	0.00	0.51	28.69	97.53	2.90	23.38	9226	7176	1680	11	0	0	0	0	18093	169.99	28.07	11.44	52.77	42.45	53.77	80.14	1.28	41.05	12.62
8/14/2019 11:05:35 AM	13.82	4.80	2.59	0.38	0.00	0.00	0.00	0.59	21.58	98.90	3.06	23.12	7323	4800	1165	11	0	0	0	0	13300	172.37	21.47	8.12	37.92	34.38	39.61	63.41	1.30	41.12	12.63
8/14/2019 11:05:38 AM	12.79	4.42	2.45	0.53	0.00	0.00	0.00	0.61	20.18	99.04	3.19	22.51	6778	4418	1102	16	0	0	0	0	12313	172.61	20.72	8.09	35.68	32.87	37.39	60.18	1.31	41.16	12.63
8/14/2019 11:05:40 AM	9.65	3.02	2.06	1.22	0.00	0.00	0.00	0.47	15.95	98.72	3.32	21.69	5116	3018	927	37	0	0	0	0	9098	172.06	18.56	7.46	28.07	26.41	30.86	49.82	1.33	41.24	12.64
8/14/2019 11:05:43 AM	9.03	2.71	1.41	1.78	0.00	0.00	0.00	0.52	14.94	99.23	3.36	21.21	4788	2711	635	54	0	0	0	0	8187	172.95	18.27	7.68	26.88	25.69	30.54	47.73	1.33	41.29	12.65
8/14/2019 11:05:45 AM	7.92	2.80	2.04	1.47	0.00	0.00	0.00	0.52	14.23	99.02	3.41	21.11	4199	2801	920	44	0	0	0	0	7964	172.59	18.25	6.98	26.07	24.77	29.68	45.65	1.33	41.35	12.66
8/14/2019 11:05:47 AM	7.60	2.39	1.43	2.07	0.00	0.00	0.00	0.43	13.49	99.04	3.43	20.71	4028	2394	642	62	0	0	0	0	7125	172.62	17.88	7.52	24.88	23.02	29.12	43.64	1.34	41.41	12.67
8/14/2019 11:05:50 AM	7.05	2.61	1.66	1.68	0.00	0.00	0.00	0.38	13.01	99.04	3.54	19.88	3739	2608	748	51	0	0	0	0	7146	172.61	16.94	7.36	24.77	21.65	28.14	40.92	1.35	41.46	12.67
8/14/2019 11:05:52 AM	4.11	2.91	1.67	2.17	0.00	0.00	0.00	0.38	10.87	98.41	3.70	19.04	2180	2911	752	65	0	0	0	0	5908	171.52	16.99	7.74	24.75	18.54	28.94	33.73	1.36	41.48	12.67
8/14/2019 11:05:55 AM	1.83	3.68	2.32	1.58	0.00	0.00	0.00	0.39	9.41	98.88	3.91	18.49	972	3679	1046	47	0	0	0	0	5744	172.35	16.00	7.34	25.47	16.06	28.72	27.01	1.38	41.55	12.70
8/14/2019 11:05:57 AM	2.06	5.54	3.33	2.67	0.00	0.00	0.00	0.43	13.60	98.04	4.07	17.60	1093	5536	1499	80	0	0	0	0	8208	170.87	23.60	11.59	37.81	21.91	41.89	37.99	1.40	41.60	12.69
8/14/2019 11:05:59 AM	1.75	7.70	4.44	4.53	0.00	0.00	0.00	0.52	18.42	97.45	4.20	16.84	930	7696	1998	136	0	0	0	0	10760	169.85	33.88	16.80	52.80	29.14	59.22	51.46	1.41	41.62	12.71
8/14/2019 11:06:02 AM	1.85	9.10	4.60	4.39	0.00	0.00	0.00	0.44	19.94	96.96	4.37	16.52	982	9103	2070	132	0	0	0	0	12287	168.99	34.81	18.24	59.12	29.59	64.63	51.73	1.43	41.67	12.71
8/14/2019 11:06:04 AM	1.25	10.52	4.36	3.63	0.00	0.00	0.00	0.38	19.76	96.69	4.47	16.07	663	10521	1962	109	0	0	0	0	13254	168.53	32.52	17.98	62.84	27.46	66.98	45.41	1.44	41.70	12.75
8/14/2019 11:06:06 AM	1.79	12.64	4.29	1.17	0.00	0.00	0.00	0.27	19.88	95.94	4.57	15.44	949	12637	1928	35	0	0	0	0	15550	167.23	26.38	16.12	66.79	24.21	66.66	35.78	1.45	41.74	12.75
8/14/2019 11:06:09 AM	1.59	12.69	4.07	0.47	0.00	0.00	0.00	0.17	18.82	95.23	4.72	14.94	841	12695	1831	14	0	0	0	0	15381	165.97	23.32	14.88	64.92	21.27	63.75	30.25	1.46	41.75	12.77
8/14/2019 11:06:11 AM	1.07	12.77	4.21	0.13	0.00	0.00	0.00	0.15	18.19	95.10	4.82	14.40	568	12775	1897	4	0	0	0	0	15244	165.75	22.35	14.54	64.24	20.14	62.44	27.71	1.47	41.77	12.77
8/14/2019 11:06:14 AM	1.69	13.75	3.30	0.00	0.00	0.00	0.00	0.19	18.74	95.14	4.91	14.39	895	13752	1484	0	0	0	0	0	16131	165.83	21.12	14.15	68.49	20.31	65.13	25.66	1.48	41.81	12.75
8/14/2019 11:06:16 AM	2.77	14.18	2.53	0.00	0.00	0.00	0.00	0.33	19.48	95.64	5.08	13.89	1470	14184	1137	0	0	0	0	0	16791	166.70	20.69	14.30	71.17	22.28	66.57	26.99	1.50	41.82	12.79
8/14/2019 11:06:18 AM	2.69	13.50	2.57	0.00	0.00	0.00	0.00	0.39	18.76	95.84	5.21	13.75	1426	13498	1155	0	0	0	0	0	16080	167.04	20.30	13.82	67.77	22.35	64.01	27.18	1.51	41.82	12.81
8/14/2019 11:06:21 AM	2.99	12.09	2.37	0.00	0.00	0.00	0.00	0.25	17.46	95.23	5.33	13.66	1587	12091	1067	0	0	0	0	0	14745	165.98	18.50	12.21	61.19	19.97	58.34	25.72	1.52	41.84	12.79
8/14/2019 11:06:23 AM	2.49	10.03	1.92	0.00	0.00	0.00	0.00	0.13	14.44	93.22	5.46	13.30	1321	10028	863	0	0	0	0	0	12212	162.48	15.14	10.37	51.55	15.72	48.00	20.46	1.53	41.85	12.80
8/14/2019 11:06:25 AM	2.11	7.46	1.56	0.00	0.00	0.00	0.00	0.00	11.13	91.56	5.58	12.72	1119	7459	702	0	0	0	0	0	9281	159.59	11.53	7.78	38.53	11.20	37.15	15.75	1.55	41.85	12.81
8/14/2019 11:06:28 AM	1.63	6.10	1.22	0.00	0.00	0.00	0.00	0.00	8.95	91.00	5.72	12.21	864	6103	548	0	0	0	0	0	7515	158.62	9.31	6.53	31.81	8.97	30.49	12.24	1.56	41.86	12.80
8/14/2019 11:06:30 AM	1.42	5.53	1.09	0.00	0.00	0.00	0.00	0.00	8.04	89.96	5.86	11.98	753	5532	489	0	0	0	0	0	6774	156.80	8.40	5.81	28.91	7.89	27.82	10.82	1.57	41.86	12.82
8/14/2019 11:06:33 AM	1.46	5.45	1.09	0.00	0.00	0.00	0.00	0.00	7.99	90.30	6.01	12.24	773	5447	490	0	0	0	0	0	6710	157.40	8.36	5.76	28.58	7.92	27.48	10.90	1.59	41.88	12.79
8/14/2019 11:06:35 AM	1.47	5.24	1.03	0.00	0.00	0.00	0.00	0.00	7.74	90.46	6.13	12.26	778	5243	463	0	0	0	0	0	6484	157.67	8.03	5.46	27.65	7.44	26.57	10.69	1.60	41.86	12.85
8/14/2019 11:06:37 AM	1.46	5.30	1.10	0.00	0.00	0.00	0.00	0.00	7.86	90.13	6.26	12.00	771	5303	496	0	0	0	0	0	6570	157.10	8.26	5.72	27.97	7.79	26.85	10.92	1.61	41.80	12.83
8/14/2019 11:06:40 AM	1.46	5.26	1.05	0.00	0.00	0.00	0.00	0.00	7.76	90.00	6.38	12.00	773	5260	470	0	0	0	0	0	6504	156.87	8.11	5.51	27.79	7.62	26.57	10.68	1.63	41.84	12.80
8/14/2019 11:06:42 AM	1.48	5.16	1.07	0.00	0.00	0.00	0.00	0.00	7.70	90.05	6.39	12.02	782	5159	481	0	0	0	0	0	6422	156.95	8.08	5.54	27.19	7.73	26.34	10.76	1.63	41.80	12.90
8/14/2019 11:06:45 AM	1.34	5.09	1.01	0.00	0.00	0.00	0.00	0.00	7.44	90.00	6.45	12.07	711	5085	455	0	0	0	0	0	6252	156.87	7.83	5.41	26.85	7.44	25.68	10.07	1.63	41.80	12.81
8/14/2019 11:06:47 AM	1.39	5.14	1.02	0.00	0.00	0.00	0.00	0.00	7.54	89.99	6.50	12.21	735	5137	459	0	0	0	0	0	6331	156.85	7.90	5.45	27.03	7.50	26.06	10.25	1.64	41.77	12.84
8/14/2019 11:06:49 AM	1.72	5.26	1.09	0.00	0.00	0.00	0.00	0.00	8.07	89.73	6.51	12.68	914	5264	488	0	0	0	0	0	6666	156.40	8.33	5.64	28.03	7.94	26.90	11.77	1.64	41.75	12.82
8/14/2019 11:06:52 AM	1.54	5.33	0.98	0.00	0.00	0.00	0.00	0.00	7.85	89.97	6.55	13.28	818	5327	443	0	0	0	0	0	6588	156.83	8.08	5.62	28.26	7.76	26.67	10.67	1.64	41.73	12.86
8/14/2019 11:06:54 AM	1.45	5.26	1.17	0.00	0.00	0.00	0.00	0.00	7.88	89.98	6.64	13.12	769	5256	527	0	0	0	0	0	6552	156.83	8.36	5.59	27.58	7.78	27.01	11.23	1.65	41.70	12.84
8/14/2019 11:06:56 AM	1.43	5.23	1.13	0.00	0.00	0.00	0.00	0.00	7.78	89.76	6.76	12.26	755	5226	510	0	0	0	0	0	6491	156.45	8.24	5.60	27.47	7.68	26.73	10.96	1.66	41.69	12.86
8/14/2019 11:06:59 AM	1.23	5.13	1.10	0.00	0.00	0.00	0.00	0.01	7.46	89.84	6.90	12.00	653	5128	493	0	0	0	0	0	6274	156.60	7.99	5.54	26.84	7.49	26.06	10.13	1.68	41.62	12.86
8/14/2019 11:07:01 AM	1.38	5.23	1.07	0.00	0.00	0.00	0.00	0.00	7.68	89.68	7.07	12.14	731	5230	482	0	0	0	0	0	6443	156.32	8.07	5.61	27.54	7.48	26.46	10.55	1.69	41.61	12.89
8/14/2019 11:07:04 AM	1.44	5.29	1.12	0.00	0.00	0.00	0.00	0.00	7.85	89.40	7.27	12.00	764	5287	505	0	0	0	0	0	6556	155.82	8.27	5.69	27.90	7.65	26.82	11.02	1.71	41.60	12.83
8/14/2019 11:07:06 AM	1.55	5.32	1.00	0.00	0.00	0.00	0.00	0.00	7.87	89.48	7.41	11.94	822	5318	449	0	0	0	0	0	6589	155.97	8.06	5.71	28.09	7.60	26.82	10.84	1.73	41.54	12.90
8/14/2019 11:07:08 AM	1.43	5.37	1.08	0.00	0.00	0.00	0.00	0.00	7.88	89.37	7.59	12.06	759	5375	484	0	0	0	0	0	6618	155.77	8.24	5.72	28.39	7.66	26.97	10.80	1.74	41.51	12.86
8/14/2019 11:07:11 AM	1.66	5.34	1.15	0.00	0.00	0.00	0.00	0.00	8.15	88.97	7.78	11.97	881	5338	517	0	0	0	0	0	6735	155.08	8.50	5.65	28.24	8.01	27.39	11.87	1.76	41.43	12.86
8/14/2019 11:07:13 AM	1.55	5.37	1.14	0.00	0.00	0.00	0.00	0.00	8.06	89.22	7.95	11.80	823	5370	512	0	0	0	0	0	6705	155.51	8.44	5.69	28.41	7.85	27.28	11.49	1.78	41.38	12.85
8/14/2019 11:07:16 AM	1.31	5.18	1.11	0.00	0.00	0.00	0.00	0.00	7.60	89.20	8.12	11.82	696	5175	501	0	0	0	0	0	6372	155.48	8.09	5.47	27.19	7.46	26.34	10.49	1.80	41.41	12.82
8/14/2019 11:07:18 AM	1.40	5.28	1.05	0.00	0.00	0.00	0.00	0.00	7.73	89.25	8.31	11.80	744	5279	473	0	0	0	0	0	6496	155.57	8.09	5.55	27.80	7.49	26.65	10.58	1.81	41.31	12.85
8/14/2019 11:07:20 AM	1.46	5.18	1.01	0.00	0.00	0.00	0.00	0.00	7.65	89.17	8.48	11.71	773	5182	456	0	0	0	0	0	6412	155.43	7.95	5.54	27.26	7.56	26.34	10.50	1.83	41.27	12.80
8/14/2019 11:07:23 AM	1.55	5.19	1.09	0.00	0.00	0.00	0.00	0.00	7.83	88.96	8.67	11.79	821	5187	493	0	0	0	0	0	6500	155.06	8.18	5.54	27.41	7.69	26.58	11.20	1.85	41.26	12.83
8/14/2019 11:07:25 AM	1.62	5.27	1.06	0.00	0.00	0.00	0.00	0.00	7.95	88.98	8.89	11.84	861	5266	478	0	0	0	0	0	6606	155.10	8.22	5.70	27.94	7.82	26.78	11.33	1.87	41.20	12.82
8/14/2019 11:07:27 AM	1.48	5.24	1.10	0.00	0.00	0.00	0.00	0.00	7.82	88.85	9.06	11.95	783	5241	495	0	0	0	0	0	6519	154.87	8.21	5.50	27.67	7.63	26.70	11.02	1.89	41.09	12.82
8/14/2019 11:07:30 AM	1.50	5.27	1.10	0.00	0.00	0.00	0.00	0.00	7.88	88.96	9.23	11.85	794	5275	496	0	0	0	0	0	6565	155.07	8.25	5.60	27.77	7.75	26.91	11.09	1.90	41.02	12.80
8/14/2019 11:07:32 AM	1.58	5.23	1.02	0.00	0.00	0.00	0.00	0.00	7.83	88.66	9.21	11.69	838	5232	459	0	0	0	0	0	6528	154.55	8.08	5.53	27.60	7.73	26.67	10.95	1.90	40.96	12.81
8/14/2019 11:07:35 AM	1.61	5.22	1.05	0.00	0.00	0.00	0.00	0.00	7.88	88.88	9.22	11.82	855	5221	472	0	0	0	0	0	6549	154.92	8.15	5.53	27.60	7.75	26.70	11.22	1.90	40.94	12.79
8/14/2019 11:07:37 AM	1.54	5.17	1.08	0.00	0.00	0.00	0.00	0.00	7.78	88.62	9.23	12.15	814	5167	484	0	0	0	0	0	6465	154.47	8.13	5.50	27.29	7.73	26.45	11.03	1.90	40.88	12.79
8/14/2019 11:07:39 AM	1.78	5.23	1.01	0.00	0.00	0.00	0.00	0.00	8.02	88.54	9.24	12.36	942	5233	453	0	0	0	0	0	6628	154.34	8.16	5.54	27.86	7.88	26.73	11.57	1.91	40.82	12.79
8/14/2019 11:07:42 AM	1.63	5.26	1.11	0.00	0.00	0.00	0.00	0.00	7.99	88.46	9.32	12.19	863	5256	498	0	0	0	0	0	6617	154.19	8.31	5.58	27.70	7.88	27.06	11.53	1.91	40.76	12.76
8/14/2019 11:07:44 AM	1.57	5.42	1.15	0.00	0.00	0.00	0.00	0.00	8.14	88.40	9.46	11.85	832	5421	518	0	0	0	0	0	6772	154.09	8.52	5.84	28.68	7.92	27.50	11.63	1.93	40.66	12.79
8/14/2019 11:07:46 AM	1.51	5.29	1.08	0.00	0.00	0.00	0.00	0.00	7.88	88.64	9.55	11.69	802	5290	485	0	0	0	0	0	6577	154.51	8.22	5.70	27.98	7.72	26.79	11.04	1.94	40.58	12.77
8/14/2019 11:07:49 AM	1.61	5.40	1.07	0.00	0.00	0.00	0.00	0.00	8.08	88.58	9.72	11.75	851	5402	484	0	0	0	0	0	6737	154.41	8.37	5.69	28.71	7.88	27.21	11.38	1.95	40.52	12.82
8/14/2019 11:07:51 AM	1.73	5.51	1.04	0.00	0.00	0.00	0.00	0.00	8.28	88.53	9.95	11.69	915	5515	467	0	0	0	0	0	6896	154.31	8.47	5.69	29.72	7.90	27.32	11.71	1.98	40.49	12.77
8/14/2019 11:07:54 AM	1.50	5.30	1.12	0.00	0.00	0.00	0.00	0.00	7.92	88.52	10.15	11.74	794	5297	505	0	0	0	0	0	6596	154.29	8.33	5.66	28.20	7.75	26.70	11.19	1.99	40.39	12.79
8/14/2019 11:07:56 AM	1.63	5.24	1.09	0.00	0.00	0.00	0.00	0.00	7.96	88.48	10.32	11.75	862	5243	491	0	0	0	0	0	6596	154.22	8.29	5.54	27.63	8.00	26.96	11.39	2.01	40.38	12.73
8/14/2019 11:07:58 AM	1.66	5.41	1.11	0.00	0.00	0.00	0.00	0.00	8.17	88.44	10.36	11.75	879	5407	497	0	0	0	0	0	6784	154.16	8.41	5.92	28.48	7.83	27.64	11.77	2.02	40.25	12.79
8/14/2019 11:08:01 AM	2.57	5.49	0.78	0.49	0.00	0.00	0.00	0.00	9.32	85.95	10.35	11.84	1361	5488	350	15	0	0	0	0	7213	149.82	9.64	6.04	29.93	8.55	31.07	15.79	2.01	40.18	12.71
8/14/2019 11:08:03 AM	1.97	5.49	1.11	0.00	0.00	0.00	0.00	0.00	8.57	88.42	10.36	12.04	1043	5488	501	0	0	0	0	0	7033	154.12	8.74	5.80	29.48	8.35	27.91	12.82	2.01	40.16	12.72
8/14/2019 11:08:06 AM	1.95	5.67	1.19	0.00	0.00	0.00	0.00	0.00	8.82	88.05	10.36	12.22	1036	5674	536	0	0	0	0	0	7246	153.47	9.05	6.17	30.42	8.57	28.70	13.20	2.02	40.01	12.74
