Date/Time	Green Algae	Bluegreen	Diatoms	Cryptophyta	#5	#6	#7	Yellow substances	Total conc.	Transmission	Depth	Temp. Sample	Green Algae	Bluegreen	Diatoms	Cryptophyta	#5	#6	#7	Yellow substances	Total cell count	Trans. 700 nm	LED 3 [525 nm]	LED 4 [570 nm]	LED 5 [610 nm]	LED 6 [370 nm]	LED 7 [590 nm]	LED 8 [470 nm]	Pressure	Temp. LEDs	Temp. Sensor
date	µg/l	µg/l	µg/l	µg/l	µg/l	µg/l	µg/l	r.u.	µg/l	%	m	°C	cells/ml	cells/ml	cells/ml	cells/ml	cells/ml	cells/ml	cells/ml	r.u.	cells/ml	digits	digits	digits	digits	digits	digits	digits	bar	°C	°C
10/22/2019 3:09:46 PM	2.73	34.25	3.68	0.00	0.00	0.00	0.00	0.76	40.67	100.00	0.22	16.14	1448	34254	1656	0	0	0	0	0	37358	159.08	35.75	27.22	138.99	36.92	134.53	36.47	1.02	31.25	9.75
10/22/2019 3:09:48 PM	2.17	35.50	3.55	0.00	0.00	0.00	0.00	0.93	41.21	100.00	0.24	15.86	1150	35500	1595	0	0	0	0	0	38245	158.22	36.63	26.91	144.15	38.33	138.07	36.07	1.02	31.32	9.76
10/22/2019 3:09:51 PM	3.97	36.21	3.04	0.00	0.00	0.00	0.00	0.78	43.22	100.00	0.24	15.93	2106	36208	1370	0	0	0	0	0	39683	158.59	36.56	26.76	147.39	38.71	141.46	37.76	1.02	31.38	9.72
10/22/2019 3:09:53 PM	3.57	35.24	3.80	0.00	0.00	0.00	0.00	0.70	42.60	100.00	0.24	16.14	1891	35237	1709	0	0	0	0	0	38836	157.01	37.05	27.11	143.22	38.14	139.13	38.90	1.02	31.43	9.76
10/22/2019 3:09:55 PM	3.37	35.67	4.07	0.00	0.00	0.00	0.00	0.84	43.11	100.00	0.27	16.22	1786	35669	1830	0	0	0	0	0	39285	157.92	38.29	27.10	146.39	39.70	139.65	40.54	1.03	31.49	9.76
10/22/2019 3:09:58 PM	3.91	36.83	4.09	0.28	0.00	0.00	0.00	0.84	45.10	100.00	0.37	16.02	2070	36833	1839	8	0	0	0	0	40749	160.10	39.85	29.06	149.59	41.38	147.21	43.20	1.04	31.56	9.77
10/22/2019 3:10:00 PM	4.51	37.42	4.10	0.00	0.00	0.00	0.00	0.63	46.03	100.00	0.40	16.05	2392	37421	1845	0	0	0	0	0	41658	158.41	39.51	29.00	152.33	40.35	148.19	42.56	1.04	31.61	9.77
10/22/2019 3:10:02 PM	3.05	36.15	4.66	0.00	0.00	0.00	0.00	0.75	43.86	100.00	0.45	16.14	1617	36146	2097	0	0	0	0	0	39861	158.83	39.48	28.78	148.53	39.78	141.57	41.57	1.04	31.61	9.83
10/22/2019 3:10:05 PM	4.71	37.62	4.17	0.00	0.00	0.00	0.00	0.62	46.50	100.00	0.50	16.12	2498	37619	1875	0	0	0	0	0	41992	161.04	39.89	29.24	154.02	40.64	148.32	43.26	1.05	31.67	9.81
10/22/2019 3:10:07 PM	3.33	37.98	4.93	0.00	0.00	0.00	0.00	0.70	46.23	100.00	0.55	16.04	1762	37979	2217	0	0	0	0	0	41959	158.27	41.47	29.97	157.01	41.19	147.71	43.43	1.05	31.72	9.80
10/22/2019 3:10:10 PM	4.49	35.57	0.95	4.15	0.00	0.00	0.00	0.94	45.16	100.00	0.63	15.85	2381	35566	429	125	0	0	0	0	38500	158.00	41.84	29.03	148.44	42.23	152.07	44.88	1.06	31.76	9.81
10/22/2019 3:10:12 PM	3.50	39.38	4.79	0.00	0.00	0.00	0.00	0.76	47.67	100.00	0.69	15.76	1853	39377	2157	0	0	0	0	0	43386	158.05	42.25	30.96	160.30	42.57	155.03	44.17	1.07	31.83	9.83
10/22/2019 3:10:14 PM	3.54	39.77	5.37	0.00	0.00	0.00	0.00	0.77	48.68	100.00	0.79	15.82	1876	39767	2418	0	0	0	0	0	44061	157.77	43.78	32.46	162.70	43.80	156.61	46.78	1.08	31.87	9.85
10/22/2019 3:10:17 PM	3.05	40.24	5.72	0.00	0.00	0.00	0.00	0.93	49.00	100.00	0.83	15.80	1614	40242	2572	0	0	0	0	0	44429	158.21	45.03	32.48	164.05	45.42	159.16	48.18	1.08	31.91	9.85
10/22/2019 3:10:19 PM	4.64	38.16	5.78	0.00	0.00	0.00	0.00	0.50	48.58	100.00	0.89	15.79	2459	38165	2599	0	0	0	0	0	43224	157.75	43.36	31.66	157.00	42.26	152.23	48.72	1.09	31.94	9.85
10/22/2019 3:10:21 PM	3.33	37.50	4.84	1.57	0.00	0.00	0.00	0.67	47.24	100.00	0.89	15.89	1767	37502	2179	47	0	0	0	0	41495	157.93	44.47	30.22	154.46	42.51	154.20	47.74	1.09	31.98	9.86
10/22/2019 3:10:24 PM	4.45	37.87	5.08	0.00	0.00	0.00	0.00	0.69	47.41	100.00	0.85	15.90	2359	37873	2288	0	0	0	0	0	42520	159.35	42.08	30.73	155.88	42.50	149.78	46.86	1.08	32.03	9.85
10/22/2019 3:10:26 PM	3.39	41.10	4.97	0.00	0.00	0.00	0.00	0.79	49.46	100.00	1.06	15.56	1797	41100	2236	0	0	0	0	0	45133	158.01	44.00	31.43	167.74	44.03	160.91	45.25	1.10	32.05	9.87
10/22/2019 3:10:29 PM	3.34	41.41	5.42	0.00	0.00	0.00	0.00	0.73	50.17	100.00	1.06	15.42	1770	41409	2439	0	0	0	0	0	45618	158.19	45.07	31.91	169.55	44.33	162.17	46.56	1.10	32.11	9.85
10/22/2019 3:10:31 PM	3.87	40.97	5.77	0.00	0.00	0.00	0.00	0.57	50.61	100.00	1.07	15.47	2050	40970	2595	0	0	0	0	0	45616	160.02	45.21	33.14	167.74	43.76	161.69	47.97	1.10	32.13	9.87
10/22/2019 3:10:33 PM	3.68	41.41	5.79	0.00	0.00	0.00	0.00	0.58	50.88	100.00	1.06	15.57	1951	41405	2605	0	0	0	0	0	45962	158.00	45.57	32.25	168.38	44.01	164.38	47.81	1.10	32.17	9.89
10/22/2019 3:10:36 PM	4.05	42.29	5.36	0.00	0.00	0.00	0.00	0.56	51.70	100.00	1.07	15.66	2148	42288	2412	0	0	0	0	0	46849	157.53	45.42	33.02	172.85	44.11	166.04	47.11	1.10	32.21	9.90
10/22/2019 3:10:38 PM	2.43	40.77	5.90	0.00	0.00	0.00	0.00	0.82	49.10	100.00	1.06	15.68	1289	40767	2656	0	0	0	0	0	44713	159.70	45.39	31.70	166.04	44.40	160.74	46.63	1.10	32.22	9.88
10/22/2019 3:10:41 PM	5.64	36.60	5.68	0.00	0.00	0.00	0.00	0.53	47.92	100.00	0.71	15.64	2990	36598	2558	0	0	0	0	0	42147	158.65	42.65	30.31	152.15	42.50	146.50	50.74	1.07	32.25	9.91
10/22/2019 3:10:43 PM	3.29	37.72	4.96	0.49	0.00	0.00	0.00	0.80	46.47	100.00	0.49	15.60	1745	37722	2232	15	0	0	0	0	41714	159.05	42.62	29.51	153.57	42.55	151.96	45.75	1.05	32.27	9.91
10/22/2019 3:10:45 PM	5.43	39.74	5.30	0.00	0.00	0.00	0.00	0.68	50.47	100.00	0.50	15.56	2880	39737	2386	0	0	0	0	0	45003	159.00	44.38	31.52	164.18	44.89	157.31	50.59	1.05	32.29	9.91
10/22/2019 3:10:48 PM	3.36	40.05	5.05	0.75	0.00	0.00	0.00	0.93	49.20	100.00	0.50	15.56	1781	40045	2270	22	0	0	0	0	44119	159.90	45.38	31.20	162.97	45.52	161.68	48.56	1.05	32.32	9.91
10/22/2019 3:10:50 PM	3.76	38.97	5.40	0.00	0.00	0.00	0.00	0.79	48.14	100.00	0.50	15.59	1993	38974	2431	0	0	0	0	0	43399	158.61	43.44	31.07	158.71	43.74	155.21	47.37	1.05	32.36	9.90
10/22/2019 3:10:52 PM	3.66	40.27	6.35	0.00	0.00	0.00	0.00	0.64	50.27	100.00	0.52	15.62	1941	40265	2857	0	0	0	0	0	45062	158.57	46.32	31.85	167.72	44.60	157.47	50.11	1.05	32.37	9.93
10/22/2019 3:10:55 PM	3.69	42.08	6.15	0.00	0.00	0.00	0.00	0.64	51.92	100.00	0.56	15.68	1955	42085	2765	0	0	0	0	0	46806	158.16	47.10	33.06	173.70	45.41	164.82	49.81	1.06	32.40	9.93
10/22/2019 3:10:57 PM	4.59	42.12	6.15	0.00	0.00	0.00	0.00	0.66	52.87	100.00	0.61	15.71	2435	42124	2766	0	0	0	0	0	47325	158.74	47.51	32.96	172.75	46.55	167.38	52.26	1.06	32.42	9.92
10/22/2019 3:11:00 PM	5.46	38.84	3.43	2.68	0.00	0.00	0.00	0.67	50.42	100.00	0.67	15.79	2896	38842	1546	80	0	0	0	0	43363	158.50	45.77	33.57	162.05	44.84	161.59	51.42	1.07	32.43	9.92
10/22/2019 3:11:02 PM	4.86	39.93	6.43	0.18	0.00	0.00	0.00	0.57	51.39	100.00	0.74	15.75	2574	39925	2891	5	0	0	0	0	45396	158.28	46.69	33.85	164.49	45.42	160.43	53.46	1.07	32.46	9.94
10/22/2019 3:11:04 PM	3.82	41.21	6.49	0.00	0.00	0.00	0.00	0.79	51.51	100.00	0.76	15.63	2023	41213	2918	0	0	0	0	0	46154	159.02	47.66	31.72	169.57	46.78	163.62	52.37	1.07	32.49	9.93
10/22/2019 3:11:07 PM	4.90	40.60	6.31	0.00	0.00	0.00	0.00	0.55	51.81	100.00	0.82	15.60	2599	40602	2839	0	0	0	0	0	46040	158.40	46.58	33.20	167.46	45.27	161.62	52.52	1.08	32.49	9.94
10/22/2019 3:11:09 PM	5.12	39.47	4.56	1.84	0.00	0.00	0.00	0.78	50.99	100.00	0.88	15.59	2714	39473	2052	55	0	0	0	0	44295	158.67	46.95	31.83	163.31	46.42	163.36	53.31	1.09	32.53	9.94
10/22/2019 3:11:11 PM	4.94	42.02	6.43	0.00	0.00	0.00	0.00	0.41	53.38	100.00	0.95	15.56	2616	42018	2892	0	0	0	0	0	47526	159.71	47.66	32.63	172.45	45.21	167.70	52.40	1.09	32.55	9.95
10/22/2019 3:11:14 PM	3.84	39.34	6.04	0.85	0.00	0.00	0.00	0.61	50.06	100.00	0.99	15.60	2035	39341	2717	25	0	0	0	0	44118	160.17	46.60	33.77	162.41	44.50	159.20	51.52	1.10	32.56	9.96
10/22/2019 3:11:16 PM	4.01	41.25	7.26	0.00	0.00	0.00	0.00	0.45	52.52	100.00	1.03	15.58	2125	41251	3269	0	0	0	0	0	46645	158.07	48.44	35.26	171.23	45.28	163.09	53.46	1.10	32.57	9.96
10/22/2019 3:11:19 PM	2.86	40.86	6.05	1.33	0.00	0.00	0.00	0.58	51.11	100.00	1.07	15.53	1518	40862	2722	40	0	0	0	0	45142	158.30	48.38	34.63	168.25	44.74	165.91	50.75	1.10	32.58	9.97
10/22/2019 3:11:21 PM	4.80	38.56	6.26	0.55	0.00	0.00	0.00	0.46	50.17	100.00	1.13	15.58	2546	38557	2819	16	0	0	0	0	43938	158.24	46.11	30.94	158.99	43.79	157.27	52.63	1.11	32.61	9.94
10/22/2019 3:11:23 PM	4.71	38.34	3.94	2.19	0.00	0.00	0.00	0.83	49.19	100.00	1.18	15.62	2498	38343	1775	66	0	0	0	0	42682	157.92	45.48	32.14	159.13	45.24	158.81	51.05	1.12	32.62	9.96
10/22/2019 3:11:26 PM	4.34	42.77	6.14	0.00	0.00	0.00	0.00	0.46	53.25	100.00	1.20	15.58	2299	42773	2762	0	0	0	0	0	47834	158.74	47.31	34.21	175.38	45.01	168.89	50.29	1.12	32.62	9.98
10/22/2019 3:11:28 PM	4.07	41.87	6.24	0.00	0.00	0.00	0.00	0.39	52.17	100.00	1.25	15.64	2156	41866	2806	0	0	0	0	0	46827	158.90	46.46	35.12	171.78	43.74	165.18	49.28	1.12	32.64	9.95
10/22/2019 3:11:31 PM	3.96	37.70	3.29	4.53	0.00	0.00	0.00	0.68	49.48	100.00	1.29	15.70	2097	37702	1482	136	0	0	0	0	41416	158.02	48.49	32.98	159.44	44.72	162.39	52.63	1.13	32.65	9.97
10/22/2019 3:11:33 PM	3.28	40.55	7.42	0.00	0.00	0.00	0.00	0.66	51.25	100.00	1.34	15.72	1737	40546	3339	0	0	0	0	0	45623	159.55	48.46	33.61	166.85	46.06	162.02	53.58	1.13	32.68	9.98
10/22/2019 3:11:35 PM	3.44	39.01	5.66	2.26	0.00	0.00	0.00	0.74	50.37	100.00	1.38	15.75	1821	39007	2549	68	0	0	0	0	43444	159.05	49.07	34.27	162.93	46.17	161.84	54.37	1.13	32.68	9.97
10/22/2019 3:11:38 PM	3.76	40.94	7.19	0.00	0.00	0.00	0.00	0.77	51.88	100.00	1.40	15.70	1992	40937	3234	0	0	0	0	0	46163	158.95	48.78	33.83	169.57	47.45	162.49	54.83	1.14	32.68	10.00
10/22/2019 3:11:40 PM	4.15	42.83	7.44	0.00	0.00	0.00	0.00	0.56	54.42	100.00	1.43	15.69	2201	42832	3346	0	0	0	0	0	48379	159.23	50.35	35.52	177.40	47.61	169.63	55.74	1.14	32.69	9.96
10/22/2019 3:11:42 PM	5.22	44.07	6.54	0.00	0.00	0.00	0.00	0.50	55.83	100.00	1.45	15.74	2765	44068	2944	0	0	0	0	0	49777	158.72	49.88	35.14	184.65	47.73	171.29	54.81	1.14	32.71	9.98
10/22/2019 3:11:45 PM	3.14	41.96	6.74	0.00	0.00	0.00	0.00	0.73	51.84	100.00	1.47	15.79	1662	41962	3033	0	0	0	0	0	46657	158.04	48.13	34.13	172.47	46.37	165.57	51.40	1.14	32.72	9.99
10/22/2019 3:11:47 PM	5.37	43.48	5.44	0.00	0.00	0.00	0.00	0.59	54.29	100.00	1.49	15.81	2847	43477	2449	0	0	0	0	0	48773	159.12	47.39	33.52	181.68	46.65	168.03	51.33	1.15	32.72	10.02
10/22/2019 3:11:50 PM	4.85	38.72	2.16	4.54	0.00	0.00	0.00	0.85	50.27	100.00	1.51	15.84	2572	38717	973	136	0	0	0	0	42399	158.25	47.64	31.91	162.42	46.08	166.47	51.98	1.15	32.73	10.00
10/22/2019 3:11:52 PM	2.50	41.21	5.79	1.67	0.00	0.00	0.00	0.87	51.17	100.00	1.54	15.82	1323	41208	2607	50	0	0	0	0	45188	158.93	49.46	33.95	169.44	47.05	168.47	52.11	1.15	32.73	9.99
10/22/2019 3:11:54 PM	3.75	41.15	5.76	0.43	0.00	0.00	0.00	0.69	51.09	100.00	1.56	15.81	1985	41153	2592	13	0	0	0	0	45743	159.85	46.56	32.83	167.75	45.27	165.26	49.91	1.15	32.75	10.00
10/22/2019 3:11:57 PM	3.68	38.60	5.38	0.64	0.00	0.00	0.00	0.63	48.31	100.00	1.59	15.83	1950	38602	2422	19	0	0	0	0	42994	160.49	44.27	30.80	157.88	42.81	156.08	47.79	1.16	32.75	10.02
10/22/2019 3:11:59 PM	3.92	41.97	5.63	0.33	0.00	0.00	0.00	0.59	51.84	100.00	1.61	15.86	2080	41966	2533	10	0	0	0	0	46589	159.15	46.47	32.84	170.47	44.78	168.08	48.97	1.16	32.76	9.99
10/22/2019 3:12:02 PM	4.97	44.40	4.40	1.05	0.00	0.00	0.00	0.59	54.82	100.00	1.64	15.85	2633	44405	1982	31	0	0	0	0	49051	157.63	47.68	34.63	180.43	46.48	178.82	49.67	1.16	32.75	9.99
10/22/2019 3:12:04 PM	4.14	44.26	2.90	2.81	0.00	0.00	0.00	0.80	54.11	100.00	1.67	15.74	2194	44265	1304	84	0	0	0	0	47847	157.66	48.56	35.53	181.10	47.28	181.59	48.72	1.16	32.77	10.00
10/22/2019 3:12:06 PM	2.72	41.15	4.41	1.14	0.00	0.00	0.00	0.76	49.41	100.00	1.70	15.59	1439	41152	1984	34	0	0	0	0	44609	159.07	44.88	33.48	167.24	43.63	165.00	44.69	1.17	32.79	10.02
10/22/2019 3:12:09 PM	4.02	42.27	4.70	0.00	0.00	0.00	0.00	0.57	50.99	100.00	1.72	15.59	2131	42266	2117	0	0	0	0	0	46515	159.17	43.84	33.36	171.29	43.17	166.01	44.50	1.17	32.79	10.01
10/22/2019 3:12:11 PM	3.72	41.82	4.13	1.17	0.00	0.00	0.00	0.77	50.85	100.00	1.74	15.62	1973	41820	1860	35	0	0	0	0	45689	157.92	45.31	34.24	170.32	44.89	167.85	46.57	1.17	32.79	10.02
10/22/2019 3:12:13 PM	4.28	44.59	4.79	0.00	0.00	0.00	0.00	0.63	53.66	100.00	1.76	15.63	2266	44594	2154	0	0	0	0	0	49014	158.52	46.11	34.23	182.07	45.53	173.38	46.52	1.17	32.80	10.02
10/22/2019 3:12:16 PM	3.71	45.50	4.82	0.00	0.00	0.00	0.00	0.67	54.03	100.00	1.78	15.66	1964	45495	2171	0	0	0	0	0	49630	157.72	46.64	35.93	186.71	45.82	174.63	45.72	1.17	32.80	10.02
10/22/2019 3:12:18 PM	4.03	45.02	5.02	0.00	0.00	0.00	0.00	0.70	54.07	100.00	1.80	15.69	2138	45018	2259	0	0	0	0	0	49415	157.20	47.07	34.05	184.50	46.43	174.43	47.42	1.18	32.80	10.04
10/22/2019 3:12:21 PM	4.21	45.15	4.63	0.00	0.00	0.00	0.00	0.62	53.99	100.00	1.83	15.69	2230	45147	2085	0	0	0	0	0	49462	157.92	46.28	34.53	186.73	45.47	172.35	45.79	1.18	32.80	10.02
10/22/2019 3:12:23 PM	3.09	42.62	4.80	0.00	0.00	0.00	0.00	0.72	50.50	100.00	1.86	15.70	1636	42617	2160	0	0	0	0	0	46412	157.69	44.42	32.59	173.96	43.76	165.20	43.65	1.18	32.81	10.03
10/22/2019 3:12:25 PM	2.87	42.93	4.84	0.00	0.00	0.00	0.00	0.76	50.64	100.00	1.88	15.71	1521	42928	2180	0	0	0	0	0	46629	159.23	44.72	33.27	175.49	44.13	165.76	43.66	1.18	32.80	10.00
10/22/2019 3:12:28 PM	4.34	41.00	4.49	0.00	0.00	0.00	0.00	0.61	49.82	100.00	1.90	15.70	2300	40996	2020	0	0	0	0	0	45316	161.04	43.06	32.42	171.88	42.77	155.68	44.43	1.19	32.81	10.04
10/22/2019 3:12:30 PM	3.76	39.69	4.46	0.00	0.00	0.00	0.00	0.66	47.91	100.00	1.92	15.72	1994	39692	2007	0	0	0	0	0	43692	160.61	41.74	30.73	162.75	41.68	154.52	42.83	1.19	32.82	10.03
10/22/2019 3:12:32 PM	4.09	42.26	4.50	0.00	0.00	0.00	0.00	0.66	50.84	100.00	1.97	15.75	2165	42264	2023	0	0	0	0	0	46452	160.12	43.71	32.94	172.03	43.70	165.05	44.50	1.19	32.82	10.02
10/22/2019 3:12:35 PM	3.13	40.84	4.62	0.00	0.00	0.00	0.00	0.78	48.59	100.00	1.97	15.75	1660	40836	2079	0	0	0	0	0	44575	161.01	42.81	31.75	166.01	42.94	159.49	43.03	1.19	32.81	10.02
10/22/2019 3:12:37 PM	3.01	40.07	4.98	0.00	0.00	0.00	0.00	0.65	48.06	100.00	1.98	15.74	1594	40068	2242	0	0	0	0	0	43903	161.07	42.72	30.76	162.46	41.82	157.82	43.02	1.19	32.81	10.04
10/22/2019 3:12:40 PM	2.27	39.94	5.09	0.00	0.00	0.00	0.00	0.87	47.30	100.00	2.00	15.73	1204	39939	2292	0	0	0	0	0	43435	160.49	43.02	30.52	161.29	42.92	157.56	43.15	1.20	32.81	10.02
10/22/2019 3:12:42 PM	1.56	39.56	5.67	0.00	0.00	0.00	0.00	0.78	46.78	100.00	2.03	15.75	828	39555	2550	0	0	0	0	0	42933	159.92	43.40	31.25	159.64	42.04	156.31	42.87	1.20	32.83	10.03
10/22/2019 3:12:44 PM	3.37	40.49	4.85	0.00	0.00	0.00	0.00	0.65	48.70	100.00	2.04	15.74	1788	40486	2180	0	0	0	0	0	44454	159.90	42.86	31.66	164.82	42.24	158.66	43.51	1.20	32.85	10.04
10/22/2019 3:12:47 PM	3.45	40.35	4.59	0.00	0.00	0.00	0.00	0.67	48.38	100.00	2.06	15.74	1826	40353	2064	0	0	0	0	0	44243	161.07	42.42	30.84	165.24	42.08	156.91	42.82	1.20	32.82	10.04
10/22/2019 3:12:49 PM	3.83	40.01	4.14	0.00	0.00	0.00	0.00	0.77	47.98	100.00	2.08	15.75	2028	40013	1862	0	0	0	0	0	43904	161.32	41.57	30.82	164.04	42.45	155.21	42.67	1.20	32.86	10.06
10/22/2019 3:12:52 PM	4.10	42.02	3.87	0.00	0.00	0.00	0.00	0.66	49.99	100.00	2.11	15.74	2171	42024	1743	0	0	0	0	0	45937	159.95	42.34	32.96	173.73	42.67	160.10	42.02	1.21	32.84	10.07
10/22/2019 3:12:54 PM	4.02	42.85	3.91	0.00	0.00	0.00	0.00	0.66	50.78	100.00	2.15	15.67	2129	42850	1760	0	0	0	0	0	46739	159.52	43.00	33.18	177.00	43.12	163.07	42.15	1.21	32.83	10.04
10/22/2019 3:12:56 PM	3.76	40.95	4.33	0.00	0.00	0.00	0.00	0.63	49.04	100.00	2.18	15.53	1993	40951	1948	0	0	0	0	0	44892	158.66	42.27	32.82	169.01	42.08	157.15	42.49	1.21	32.84	10.07
10/22/2019 3:12:59 PM	3.70	40.68	3.87	0.00	0.00	0.00	0.00	0.76	48.25	100.00	2.21	15.50	1961	40679	1742	0	0	0	0	0	44383	159.60	41.39	31.21	166.54	42.25	156.98	41.39	1.22	32.84	10.04
10/22/2019 3:13:01 PM	3.53	40.82	3.89	0.00	0.00	0.00	0.00	0.74	48.24	100.00	2.23	15.54	1872	40820	1748	0	0	0	0	0	44440	160.25	41.47	30.48	167.12	41.96	157.37	40.84	1.22	32.85	10.04
10/22/2019 3:13:03 PM	2.38	37.34	4.75	0.00	0.00	0.00	0.00	0.69	44.47	100.00	2.25	15.56	1262	37343	2137	0	0	0	0	0	40742	159.83	39.99	29.59	151.37	39.44	147.02	40.09	1.22	32.84	10.04
10/22/2019 3:13:06 PM	2.47	35.68	4.70	0.00	0.00	0.00	0.00	0.70	42.85	100.00	2.27	15.59	1310	35681	2115	0	0	0	0	0	39106	160.98	38.91	28.54	147.27	38.54	138.55	39.79	1.22	32.86	10.04
10/22/2019 3:13:08 PM	4.12	37.70	3.87	0.00	0.00	0.00	0.00	0.58	45.68	100.00	2.30	15.59	2182	37701	1740	0	0	0	0	0	41623	160.78	39.23	29.69	159.06	39.32	142.15	40.31	1.23	32.84	10.03
10/22/2019 3:13:11 PM	4.21	38.73	3.74	0.00	0.00	0.00	0.00	0.60	46.67	100.00	2.32	15.56	2229	38729	1682	0	0	0	0	0	42640	160.53	39.70	30.72	162.62	40.03	146.16	40.45	1.23	32.84	10.04
10/22/2019 3:13:13 PM	3.29	37.57	4.26	0.00	0.00	0.00	0.00	0.72	45.12	100.00	2.34	15.56	1743	37572	1916	0	0	0	0	0	41231	159.19	39.87	29.36	156.66	40.14	143.57	40.78	1.23	32.86	10.07
10/22/2019 3:13:15 PM	3.51	37.30	4.33	0.00	0.00	0.00	0.00	0.72	45.13	100.00	2.36	15.52	1858	37296	1947	0	0	0	0	0	41102	159.45	39.74	29.23	153.24	40.22	145.44	41.47	1.23	32.86	10.04
10/22/2019 3:13:18 PM	3.82	39.53	4.10	0.00	0.00	0.00	0.00	0.66	47.46	100.00	2.39	15.52	2025	39535	1845	0	0	0	0	0	43405	159.13	41.04	29.98	163.59	41.18	151.88	41.56	1.23	32.84	10.05
10/22/2019 3:13:20 PM	3.39	40.02	4.35	0.00	0.00	0.00	0.00	0.62	47.75	100.00	2.41	15.55	1795	40020	1955	0	0	0	0	0	43770	158.25	41.57	30.18	164.16	41.04	154.91	41.25	1.24	32.84	10.05
10/22/2019 3:13:23 PM	2.89	40.54	4.29	0.00	0.00	0.00	0.00	0.75	47.73	100.00	2.43	15.57	1532	40544	1932	0	0	0	0	0	44008	159.42	41.83	31.25	166.08	41.83	156.17	40.87	1.24	32.84	10.06
10/22/2019 3:13:25 PM	2.80	41.01	4.35	0.00	0.00	0.00	0.00	0.72	48.16	100.00	2.46	15.58	1484	41010	1958	0	0	0	0	0	44451	159.59	42.19	31.27	167.59	41.84	158.19	40.76	1.24	32.85	10.05
10/22/2019 3:13:27 PM	3.42	41.24	3.77	0.00	0.00	0.00	0.00	0.73	48.42	100.00	2.48	15.62	1811	41239	1695	0	0	0	0	0	44745	160.71	41.34	32.66	170.10	41.83	156.75	40.14	1.24	32.85	10.06
10/22/2019 3:13:30 PM	5.54	42.08	2.62	0.00	0.00	0.00	0.00	0.51	50.24	100.00	2.51	15.63	2937	42077	1180	0	0	0	0	0	46194	160.97	40.41	31.44	179.38	41.15	154.03	39.64	1.25	32.84	10.06
10/22/2019 3:13:32 PM	3.39	38.92	3.61	0.00	0.00	0.00	0.00	0.70	45.93	100.00	2.53	15.62	1799	38925	1624	0	0	0	0	0	42347	161.26	39.40	29.47	160.77	39.92	148.57	38.63	1.25	32.85	10.06
10/22/2019 3:13:34 PM	4.05	39.37	3.09	0.00	0.00	0.00	0.00	0.62	46.51	100.00	2.55	15.62	2145	39371	1392	0	0	0	0	0	42908	161.34	38.86	30.26	165.74	39.50	146.44	37.82	1.25	32.85	10.07
10/22/2019 3:13:37 PM	4.14	39.15	3.05	0.00	0.00	0.00	0.00	0.68	46.34	100.00	2.57	15.62	2196	39146	1371	0	0	0	0	0	42712	162.48	38.66	29.66	162.65	39.83	148.10	38.20	1.25	32.84	10.04
10/22/2019 3:13:39 PM	3.80	39.53	3.37	0.00	0.00	0.00	0.00	0.73	46.69	100.00	2.59	15.63	2013	39526	1514	0	0	0	0	0	43053	161.68	39.56	31.03	165.16	40.59	148.47	39.06	1.25	32.84	10.06
10/22/2019 3:13:42 PM	4.04	38.57	3.56	0.00	0.00	0.00	0.00	0.67	46.18	100.00	2.61	15.62	2142	38571	1604	0	0	0	0	0	42317	161.62	39.29	30.74	162.12	40.08	144.93	39.81	1.26	32.85	10.06
10/22/2019 3:13:44 PM	3.73	37.67	3.74	0.00	0.00	0.00	0.00	0.73	45.15	100.00	2.63	15.62	1977	37672	1685	0	0	0	0	0	41334	160.67	39.09	29.31	158.07	39.96	142.41	39.93	1.26	32.83	10.08
10/22/2019 3:13:46 PM	3.78	37.56	3.79	0.00	0.00	0.00	0.00	0.68	45.13	100.00	2.66	15.62	2004	37561	1703	0	0	0	0	0	41268	160.66	38.97	29.35	157.23	39.57	142.51	39.82	1.26	32.86	10.06
10/22/2019 3:13:49 PM	4.05	37.87	3.50	0.00	0.00	0.00	0.00	0.68	45.42	100.00	2.68	15.62	2148	37870	1573	0	0	0	0	0	41592	159.85	38.67	29.93	159.06	39.61	142.67	39.44	1.26	32.84	10.06
10/22/2019 3:13:51 PM	3.86	38.25	3.39	0.00	0.00	0.00	0.00	0.72	45.50	100.00	2.69	15.62	2047	38248	1524	0	0	0	0	0	41818	159.40	38.70	30.64	160.90	39.84	143.13	38.94	1.26	32.82	10.06
10/22/2019 3:13:54 PM	4.23	38.60	3.17	0.00	0.00	0.00	0.00	0.67	46.00	100.00	2.70	15.62	2242	38603	1426	0	0	0	0	0	42271	159.44	38.59	30.89	163.12	39.76	143.54	38.78	1.26	32.82	10.08
10/22/2019 3:13:56 PM	4.82	38.75	2.70	0.00	0.00	0.00	0.00	0.72	46.26	100.00	2.73	15.63	2553	38748	1213	0	0	0	0	0	42514	159.68	38.26	29.94	165.73	40.21	141.96	38.80	1.27	32.82	10.06
10/22/2019 3:13:58 PM	4.41	38.11	3.08	0.00	0.00	0.00	0.00	0.72	45.59	100.00	2.75	15.62	2337	38107	1384	0	0	0	0	0	41828	160.71	38.24	29.42	160.07	39.89	143.20	39.05	1.27	32.83	10.06
10/22/2019 3:14:01 PM	3.93	37.78	3.26	0.00	0.00	0.00	0.00	0.69	44.97	100.00	2.76	15.62	2084	37780	1467	0	0	0	0	0	41332	160.43	38.07	29.21	157.61	39.21	142.96	38.28	1.27	32.81	10.05
10/22/2019 3:14:03 PM	3.77	36.96	3.21	0.00	0.00	0.00	0.00	0.69	43.94	100.00	2.79	15.63	1996	36962	1444	0	0	0	0	0	40402	160.57	37.27	28.85	154.24	38.46	139.82	37.45	1.27	32.82	10.06
10/22/2019 3:14:05 PM	4.30	36.86	2.66	0.00	0.00	0.00	0.00	0.66	43.83	100.00	2.82	15.62	2281	36861	1198	0	0	0	0	0	40340	160.83	36.33	28.33	155.85	37.87	136.97	36.36	1.28	32.82	10.08
10/22/2019 3:14:08 PM	3.77	35.53	2.99	0.00	0.00	0.00	0.00	0.76	42.28	100.00	2.84	15.62	1996	35528	1344	0	0	0	0	0	38868	161.15	35.92	27.64	148.51	37.79	134.42	36.67	1.28	32.82	10.07
10/22/2019 3:14:10 PM	4.05	35.09	2.94	0.00	0.00	0.00	0.00	0.66	42.08	100.00	2.84	15.60	2147	35086	1324	0	0	0	0	0	38557	160.75	35.51	27.35	148.17	36.96	131.56	36.41	1.28	32.83	10.07
10/22/2019 3:14:13 PM	3.64	33.74	2.96	0.00	0.00	0.00	0.00	0.77	40.34	100.00	2.86	15.58	1928	33742	1333	0	0	0	0	0	37002	161.56	34.57	26.48	141.68	36.61	127.59	35.87	1.28	32.82	10.08
10/22/2019 3:14:15 PM	3.30	34.06	2.81	0.00	0.00	0.00	0.00	0.86	40.17	100.00	2.88	15.52	1748	34059	1264	0	0	0	0	0	37072	162.21	34.53	25.29	140.91	36.99	130.40	35.15	1.28	32.81	10.07
10/22/2019 3:14:17 PM	3.78	36.03	2.46	0.00	0.00	0.00	0.00	0.80	42.27	100.00	2.91	15.50	2005	36029	1107	0	0	0	0	0	39142	161.39	35.36	27.14	150.98	37.73	134.80	35.10	1.28	32.80	10.08
10/22/2019 3:14:20 PM	1.99	33.94	3.61	0.00	0.00	0.00	0.00	0.90	39.54	100.00	2.92	15.51	1054	33938	1626	0	0	0	0	0	36618	163.19	35.52	26.54	139.10	37.03	131.08	35.27	1.29	32.81	10.09
10/22/2019 3:14:22 PM	1.47	32.56	3.73	0.00	0.00	0.00	0.00	0.93	37.77	100.00	2.95	15.52	781	32562	1680	0	0	0	0	0	35023	162.65	34.54	25.51	131.92	36.06	127.60	34.30	1.29	32.80	10.06
10/22/2019 3:14:24 PM	2.09	33.17	3.20	0.00	0.00	0.00	0.00	0.87	38.46	100.00	2.97	15.52	1105	33168	1442	0	0	0	0	0	35714	160.88	34.19	24.62	136.27	35.80	127.59	33.45	1.29	32.82	10.07
10/22/2019 3:14:27 PM	3.00	32.79	2.52	0.00	0.00	0.00	0.00	0.78	38.31	100.00	2.99	15.51	1591	32787	1134	0	0	0	0	0	35513	160.97	32.77	24.04	136.84	34.79	123.82	32.32	1.29	32.82	10.08
10/22/2019 3:14:29 PM	2.94	31.84	2.54	0.00	0.00	0.00	0.00	0.82	37.31	100.00	3.01	15.52	1556	31836	1144	0	0	0	0	0	34536	161.03	32.10	23.45	131.60	34.50	121.96	32.29	1.30	32.81	10.08
10/22/2019 3:14:32 PM	3.54	32.55	2.15	0.00	0.00	0.00	0.00	0.81	38.23	100.00	3.03	15.52	1874	32549	966	0	0	0	0	0	35389	160.66	32.03	23.67	134.67	34.93	124.26	32.38	1.30	32.81	10.08
10/22/2019 3:14:34 PM	3.97	33.02	1.90	0.00	0.00	0.00	0.00	0.77	38.89	100.00	3.05	15.52	2106	33016	857	0	0	0	0	0	35979	161.16	32.01	23.73	137.70	34.93	124.76	32.30	1.30	32.82	10.08
10/22/2019 3:14:36 PM	3.95	33.22	1.95	0.00	0.00	0.00	0.00	0.71	39.11	100.00	3.07	15.53	2091	33217	878	0	0	0	0	0	36186	161.35	32.11	24.71	139.66	34.61	124.11	32.05	1.30	32.80	10.09
10/22/2019 3:14:39 PM	3.44	32.33	2.22	0.00	0.00	0.00	0.00	0.71	38.00	100.00	3.08	15.52	1825	32334	999	0	0	0	0	0	35158	161.43	31.66	24.71	134.14	33.91	122.86	31.60	1.30	32.79	10.06
10/22/2019 3:14:41 PM	2.58	31.48	2.63	0.00	0.00	0.00	0.00	0.77	36.69	100.00	3.10	15.54	1369	31476	1184	0	0	0	0	0	34030	162.47	31.70	23.79	129.82	33.63	120.61	31.31	1.30	32.79	10.08
10/22/2019 3:14:44 PM	1.75	31.48	3.03	0.00	0.00	0.00	0.00	0.89	36.26	100.00	3.12	15.52	929	31484	1361	0	0	0	0	0	33774	160.33	32.32	23.87	127.59	34.27	122.81	31.58	1.31	32.79	10.09
10/22/2019 3:14:46 PM	3.03	33.73	2.37	0.00	0.00	0.00	0.00	0.79	39.13	100.00	3.14	15.52	1605	33732	1067	0	0	0	0	0	36404	159.81	32.95	25.56	138.78	35.22	128.63	32.09	1.31	32.77	10.07
10/22/2019 3:14:48 PM	4.35	35.32	1.59	0.00	0.00	0.00	0.00	0.75	41.26	100.00	3.16	15.50	2305	35317	717	0	0	0	0	0	38339	157.79	33.12	26.53	148.81	36.17	130.48	32.52	1.31	32.79	10.10
10/22/2019 3:14:51 PM	3.99	34.85	1.86	0.00	0.00	0.00	0.00	0.79	40.70	100.00	3.18	15.51	2117	34848	838	0	0	0	0	0	37803	156.27	33.30	25.99	146.39	36.22	129.57	32.85	1.31	32.76	10.08
10/22/2019 3:14:53 PM	3.12	33.52	2.30	0.00	0.00	0.00	0.00	0.87	38.94	100.00	3.19	15.48	1655	33519	1033	0	0	0	0	0	36207	157.76	33.06	23.73	138.59	35.76	127.54	32.56	1.31	32.75	10.10
10/22/2019 3:14:55 PM	2.71	31.93	2.48	0.00	0.00	0.00	0.00	0.94	37.12	100.00	3.22	15.48	1436	31934	1116	0	0	0	0	0	34486	159.61	32.04	24.12	130.23	35.21	123.74	32.37	1.32	32.78	10.08
10/22/2019 3:14:58 PM	2.40	30.82	2.50	0.00	0.00	0.00	0.00	1.02	35.72	100.00	3.24	15.47	1269	30821	1126	0	0	0	0	0	33216	160.05	31.19	23.63	123.99	34.87	121.34	31.95	1.32	32.76	10.08
10/22/2019 3:15:00 PM	3.00	30.75	2.36	0.00	0.00	0.00	0.00	0.88	36.12	100.00	3.26	15.41	1592	30755	1061	0	0	0	0	0	33407	162.12	31.04	22.63	126.67	34.10	118.57	31.86	1.32	32.77	10.12
10/22/2019 3:15:03 PM	4.24	33.09	1.66	0.00	0.00	0.00	0.00	0.77	38.99	100.00	3.27	15.34	2248	33086	746	0	0	0	0	0	36081	162.79	31.75	24.05	139.89	34.96	122.82	32.08	1.32	32.76	10.08
10/22/2019 3:15:05 PM	2.21	32.58	2.67	0.00	0.00	0.00	0.00	0.86	37.46	100.00	3.29	15.32	1172	32579	1201	0	0	0	0	0	34952	162.74	32.51	25.48	133.98	34.68	124.26	31.43	1.32	32.75	10.10
10/22/2019 3:15:07 PM	1.46	26.60	0.00	3.27	0.00	0.00	0.00	1.03	31.34	100.00	3.31	15.32	774	26604	0	98	0	0	0	0	27476	163.07	29.95	22.20	110.13	31.74	112.89	28.96	1.32	32.75	10.09
10/22/2019 3:15:10 PM	1.07	26.98	2.54	0.00	0.00	0.00	0.00	0.93	30.59	100.00	3.33	15.36	569	26984	1141	0	0	0	0	0	28694	162.15	27.84	19.99	108.77	30.42	106.09	27.07	1.33	32.75	10.10
10/22/2019 3:15:12 PM	2.27	29.86	1.63	0.00	0.00	0.00	0.00	0.82	33.75	100.00	3.36	15.38	1201	29856	732	0	0	0	0	0	31789	161.93	28.32	23.03	124.20	31.18	111.46	26.43	1.33	32.75	10.08
10/22/2019 3:15:15 PM	2.06	28.94	1.45	0.00	0.00	0.00	0.00	0.88	32.45	100.00	3.37	15.39	1091	28938	653	0	0	0	0	0	30682	162.46	27.24	21.96	118.61	30.63	109.72	25.41	1.33	32.75	10.09
10/22/2019 3:15:17 PM	2.15	28.33	1.10	0.00	0.00	0.00	0.00	0.89	31.58	100.00	3.39	15.39	1138	28329	497	0	0	0	0	0	29964	163.51	26.22	21.17	117.38	29.94	105.79	24.19	1.33	32.74	10.10
10/22/2019 3:15:19 PM	2.25	28.45	1.06	0.00	0.00	0.00	0.00	0.87	31.76	100.00	3.41	15.36	1195	28449	477	0	0	0	0	0	30121	162.39	26.15	21.25	117.02	29.88	107.10	24.15	1.33	32.73	10.11
10/22/2019 3:15:22 PM	2.95	28.40	0.66	0.00	0.00	0.00	0.00	0.88	32.00	100.00	3.43	15.35	1563	28395	296	0	0	0	0	0	30254	161.98	25.67	20.77	117.96	30.07	105.90	24.38	1.34	32.74	10.10
10/22/2019 3:15:24 PM	2.50	28.50	1.00	0.00	0.00	0.00	0.00	0.92	32.00	100.00	3.46	15.28	1326	28500	451	0	0	0	0	0	30277	162.31	26.36	20.48	117.22	30.52	107.70	24.93	1.34	32.73	10.10
10/22/2019 3:15:26 PM	1.72	26.85	1.31	0.00	0.00	0.00	0.00	0.90	29.88	100.00	3.49	15.18	914	26853	588	0	0	0	0	0	28355	164.08	25.31	19.80	109.05	28.94	103.05	23.58	1.34	32.72	10.11
10/22/2019 3:15:29 PM	0.78	24.37	1.47	0.00	0.00	0.00	0.00	0.97	26.63	100.00	3.52	15.15	415	24373	662	0	0	0	0	0	25451	163.55	23.57	18.06	97.62	27.27	95.08	21.75	1.34	32.73	10.11
10/22/2019 3:15:31 PM	1.55	24.05	1.10	0.00	0.00	0.00	0.00	0.91	26.70	100.00	3.55	15.16	822	24050	493	0	0	0	0	0	25365	165.66	22.83	17.37	97.84	26.79	92.62	21.64	1.35	32.72	10.08
10/22/2019 3:15:34 PM	2.15	24.53	1.07	0.00	0.00	0.00	0.00	0.81	27.75	100.00	3.57	15.19	1138	24535	479	0	0	0	0	0	26152	165.22	23.14	18.28	100.81	26.83	93.78	22.42	1.35	32.72	10.10
10/22/2019 3:15:36 PM	1.47	22.53	1.36	0.00	0.00	0.00	0.00	0.91	25.35	100.00	3.60	15.20	778	22530	610	0	0	0	0	0	23918	163.92	22.16	16.99	90.99	26.17	88.41	22.09	1.35	32.71	10.10
10/22/2019 3:15:38 PM	2.13	24.24	0.81	0.00	0.00	0.00	0.00	0.91	27.18	100.00	3.62	15.21	1132	24237	363	0	0	0	0	0	25732	164.01	22.70	17.89	100.97	27.12	90.91	22.05	1.35	32.69	10.10
10/22/2019 3:15:41 PM	2.66	24.97	0.51	0.00	0.00	0.00	0.00	0.88	28.13	100.00	3.64	15.22	1408	24967	228	0	0	0	0	0	26603	164.73	22.79	18.06	104.24	27.46	93.20	22.17	1.36	32.71	10.09
10/22/2019 3:15:43 PM	2.13	23.74	0.75	0.00	0.00	0.00	0.00	0.92	26.62	100.00	3.67	15.23	1127	23740	338	0	0	0	0	0	25204	164.50	22.19	18.12	99.12	26.80	88.79	21.75	1.36	32.69	10.10
10/22/2019 3:15:46 PM	1.64	23.13	0.95	0.00	0.00	0.00	0.00	0.96	25.71	100.00	3.69	15.24	867	23126	426	0	0	0	0	0	24419	165.05	22.02	17.29	95.19	26.57	88.05	21.45	1.36	32.69	10.10
10/22/2019 3:15:48 PM	1.51	23.72	0.98	0.00	0.00	0.00	0.00	0.94	26.22	100.00	3.71	15.26	803	23722	442	0	0	0	0	0	24966	164.63	22.34	17.66	96.21	26.68	91.45	21.28	1.36	32.68	10.12
10/22/2019 3:15:50 PM	1.55	24.33	0.84	0.00	0.00	0.00	0.00	0.97	26.72	100.00	3.75	15.27	820	24334	377	0	0	0	0	0	25530	164.08	22.59	17.80	98.82	27.14	93.26	21.17	1.37	32.68	10.11
10/22/2019 3:15:53 PM	0.80	22.69	1.28	0.00	0.00	0.00	0.00	0.97	24.76	100.00	3.77	15.25	423	22686	574	0	0	0	0	0	23683	164.38	22.07	16.47	92.71	25.90	86.90	20.51	1.37	32.68	10.10
10/22/2019 3:15:55 PM	0.47	22.11	1.45	0.00	0.00	0.00	0.00	1.00	24.03	100.00	3.80	15.23	249	22108	652	0	0	0	0	0	23008	165.09	21.93	16.14	89.66	25.77	85.60	20.50	1.37	32.67	10.10
10/22/2019 3:15:57 PM	0.00	21.30	1.69	0.00	0.00	0.00	0.00	1.03	22.99	100.00	3.82	15.24	0	21303	760	0	0	0	0	0	22063	165.74	21.66	16.09	85.32	25.36	83.74	20.22	1.37	32.68	10.12
10/22/2019 3:16:00 PM	0.00	19.08	0.00	2.09	0.00	0.00	0.00	1.13	21.17	100.00	3.86	15.23	0	19081	0	63	0	0	0	0	19144	165.54	21.42	15.78	78.29	25.05	80.74	20.16	1.38	32.66	10.10
10/22/2019 3:16:02 PM	0.59	19.19	1.43	0.00	0.00	0.00	0.00	0.96	21.20	100.00	3.89	15.17	310	19193	642	0	0	0	0	0	20145	164.62	19.73	14.28	78.25	23.67	75.13	19.61	1.38	32.66	10.10
10/22/2019 3:16:05 PM	1.46	20.79	0.83	0.00	0.00	0.00	0.00	0.89	23.08	100.00	3.92	15.13	776	20788	374	0	0	0	0	0	21937	164.35	19.80	15.44	84.99	24.11	80.19	19.36	1.38	32.66	10.10
10/22/2019 3:16:07 PM	0.41	20.47	1.36	0.00	0.00	0.00	0.00	1.01	22.24	100.00	3.94	15.15	217	20471	614	0	0	0	0	0	21301	164.60	20.48	15.26	82.47	24.58	80.21	19.60	1.39	32.66	10.09
10/22/2019 3:16:09 PM	0.98	21.15	1.10	0.00	0.00	0.00	0.00	0.96	23.23	100.00	3.98	15.14	519	21154	493	0	0	0	0	0	22167	165.33	20.72	15.40	87.67	24.85	80.26	19.83	1.39	32.65	10.08
10/22/2019 3:16:12 PM	0.64	20.41	1.28	0.00	0.00	0.00	0.00	0.98	22.32	100.00	4.01	15.13	337	20406	576	0	0	0	0	0	21319	165.03	20.28	15.53	82.65	24.44	79.56	19.64	1.39	32.64	10.12
10/22/2019 3:16:14 PM	0.40	19.22	1.34	0.00	0.00	0.00	0.00	1.01	20.95	100.00	4.04	15.13	210	19216	603	0	0	0	0	0	20028	165.36	19.53	14.05	77.10	23.77	76.16	19.14	1.40	32.63	10.08
10/22/2019 3:16:16 PM	0.49	18.28	0.21	1.53	0.00	0.00	0.00	1.07	20.52	100.00	4.08	15.09	262	18284	97	46	0	0	0	0	18689	165.41	20.18	14.34	75.02	24.01	76.44	19.95	1.40	32.62	10.08
10/22/2019 3:16:19 PM	0.41	18.33	1.26	0.00	0.00	0.00	0.00	0.96	20.00	100.00	4.10	15.06	220	18327	566	0	0	0	0	0	19112	165.99	18.65	13.50	74.13	22.75	72.21	18.31	1.40	32.61	10.12
10/22/2019 3:16:21 PM	0.72	19.48	0.95	0.00	0.00	0.00	0.00	0.96	21.15	100.00	4.13	15.04	383	19478	428	0	0	0	0	0	20289	166.23	18.99	14.39	79.87	23.30	74.82	18.16	1.41	32.62	10.12
10/22/2019 3:16:24 PM	0.62	19.87	1.05	0.00	0.00	0.00	0.00	1.00	21.54	100.00	4.17	15.06	329	19870	473	0	0	0	0	0	20672	165.71	19.57	14.47	81.70	23.91	76.08	18.68	1.41	32.61	10.11
10/22/2019 3:16:26 PM	0.35	18.42	1.30	0.00	0.00	0.00	0.00	1.01	20.07	100.00	4.20	15.07	186	18419	583	0	0	0	0	0	19188	165.21	18.89	13.64	74.76	23.21	72.31	18.69	1.41	32.62	10.10
10/22/2019 3:16:28 PM	0.00	17.07	0.80	0.82	0.00	0.00	0.00	1.10	18.70	100.00	4.22	15.11	0	17074	359	25	0	0	0	0	17458	165.47	18.84	13.34	69.55	23.03	69.95	18.67	1.41	32.62	10.09
10/22/2019 3:16:31 PM	0.00	16.40	0.00	1.82	0.00	0.00	0.00	1.13	18.23	100.00	4.24	15.11	0	16404	0	55	0	0	0	0	16458	165.96	18.35	13.84	67.23	23.04	70.44	18.69	1.42	32.62	10.10
10/22/2019 3:16:33 PM	1.36	18.24	0.71	0.00	0.00	0.00	0.00	0.93	20.32	100.00	4.27	15.07	723	18245	318	0	0	0	0	0	19286	165.72	17.92	13.46	76.87	22.66	68.82	18.31	1.42	32.60	10.08
10/22/2019 3:16:36 PM	1.04	17.26	0.90	0.00	0.00	0.00	0.00	0.95	19.20	100.00	4.29	15.05	550	17263	403	0	0	0	0	0	18216	166.07	17.53	12.63	72.96	22.08	65.35	18.06	1.42	32.59	10.14
10/22/2019 3:16:38 PM	0.41	16.33	1.34	0.00	0.00	0.00	0.00	0.99	18.09	100.00	4.33	15.07	218	16332	605	0	0	0	0	0	17154	165.93	17.47	12.30	66.67	21.82	64.83	18.29	1.42	32.57	10.08
10/22/2019 3:16:40 PM	0.74	17.65	1.04	0.00	0.00	0.00	0.00	1.01	19.43	100.00	4.37	15.08	394	17649	468	0	0	0	0	0	18512	167.23	17.89	13.53	71.44	22.77	69.77	18.48	1.43	32.59	10.09
10/22/2019 3:16:43 PM	0.67	16.41	0.00	1.06	0.00	0.00	0.00	1.07	18.14	100.00	4.40	15.08	357	16409	0	32	0	0	0	0	16798	166.75	17.28	12.36	66.79	22.23	68.21	17.65	1.43	32.57	10.08
10/22/2019 3:16:45 PM	1.16	17.46	0.67	0.00	0.00	0.00	0.00	0.98	19.29	100.00	4.43	15.08	615	17458	302	0	0	0	0	0	18376	165.76	17.18	12.75	71.70	22.27	67.89	17.78	1.43	32.57	10.12
10/22/2019 3:16:47 PM	0.82	16.58	0.93	0.00	0.00	0.00	0.00	1.00	18.33	100.00	4.46	15.07	435	16576	420	0	0	0	0	0	17431	166.59	16.93	12.55	67.47	21.91	65.56	17.88	1.44	32.54	10.10
10/22/2019 3:16:50 PM	0.42	14.66	1.03	0.00	0.00	0.00	0.00	0.99	16.12	100.00	4.49	15.04	223	14664	465	0	0	0	0	0	15352	167.15	15.58	10.91	59.36	20.38	59.05	16.69	1.44	32.58	10.10
10/22/2019 3:16:52 PM	0.61	13.56	0.96	0.00	0.00	0.00	0.00	0.95	15.14	100.00	4.52	15.02	325	13563	433	0	0	0	0	0	14322	168.59	14.68	10.11	55.75	19.47	54.43	16.32	1.44	32.57	10.10
10/22/2019 3:16:55 PM	0.61	13.58	1.01	0.00	0.00	0.00	0.00	0.96	15.20	100.00	4.57	15.02	324	13585	454	0	0	0	0	0	14363	168.15	14.77	10.66	56.07	19.59	54.27	16.55	1.45	32.57	10.09
10/22/2019 3:16:57 PM	0.70	12.84	0.89	0.00	0.00	0.00	0.00	0.90	14.43	100.00	4.59	14.97	371	12843	400	0	0	0	0	0	13614	168.64	13.93	9.84	53.40	18.59	51.21	15.69	1.45	32.55	10.12
10/22/2019 3:16:59 PM	0.31	11.92	0.85	0.29	0.00	0.00	0.00	1.01	13.36	100.00	4.61	14.88	164	11924	380	9	0	0	0	0	12476	168.46	13.90	9.17	49.16	18.78	49.50	15.97	1.45	32.52	10.08
10/22/2019 3:17:02 PM	0.29	12.18	1.15	0.00	0.00	0.00	0.00	1.02	13.63	100.00	4.64	14.87	153	12185	519	0	0	0	0	0	12857	169.51	14.10	9.36	50.23	19.11	49.59	16.38	1.45	32.55	10.12
10/22/2019 3:17:04 PM	0.59	12.64	1.09	0.00	0.00	0.00	0.00	0.99	14.32	100.00	4.67	14.91	315	12639	489	0	0	0	0	0	13443	169.68	14.39	9.84	52.90	19.39	50.52	16.81	1.46	32.51	10.14
10/22/2019 3:17:07 PM	0.50	12.26	1.19	0.00	0.00	0.00	0.00	0.95	13.94	100.00	4.70	14.94	264	12259	534	0	0	0	0	0	13057	169.73	14.24	9.51	51.75	18.90	48.85	16.60	1.46	32.51	10.08
10/22/2019 3:17:09 PM	0.05	11.38	1.39	0.00	0.00	0.00	0.00	1.02	12.82	100.00	4.73	14.96	29	11379	625	0	0	0	0	0	12033	169.85	13.92	9.03	47.14	18.70	46.76	16.50	1.46	32.51	10.08
10/22/2019 3:17:11 PM	0.17	10.84	0.84	0.51	0.00	0.00	0.00	1.02	12.36	100.00	4.76	14.93	90	10839	379	15	0	0	0	0	11322	169.88	13.62	8.43	45.27	18.33	46.12	16.09	1.47	32.49	10.14
10/22/2019 3:17:14 PM	0.55	10.44	0.30	1.12	0.00	0.00	0.00	1.02	12.42	100.00	4.77	14.93	290	10444	135	34	0	0	0	0	10903	169.91	13.78	8.49	44.55	18.43	46.22	16.74	1.47	32.51	10.10
10/22/2019 3:17:16 PM	0.76	12.24	1.22	0.00	0.00	0.00	0.00	0.96	14.22	100.00	4.80	14.97	405	12239	547	0	0	0	0	0	13190	169.33	14.39	9.78	51.76	19.23	49.06	17.41	1.47	32.49	10.10
10/22/2019 3:17:18 PM	0.51	12.17	1.28	0.00	0.00	0.00	0.00	1.01	13.95	100.00	4.84	14.97	269	12167	574	0	0	0	0	0	13010	169.79	14.42	9.83	50.62	19.46	49.51	17.38	1.47	32.49	10.12
10/22/2019 3:17:21 PM	0.25	10.97	1.17	0.19	0.00	0.00	0.00	0.98	12.59	100.00	4.88	14.97	132	10973	528	6	0	0	0	0	11640	169.83	13.63	8.76	45.72	18.30	45.87	16.40	1.48	32.48	10.09
10/22/2019 3:17:23 PM	0.47	10.83	1.13	0.00	0.00	0.00	0.00	0.96	12.43	100.00	4.91	14.96	250	10829	508	0	0	0	0	0	11588	170.18	13.02	8.60	44.96	17.96	44.79	16.00	1.48	32.48	10.08
10/22/2019 3:17:26 PM	0.95	11.55	1.03	0.00	0.00	0.00	0.00	0.93	13.54	100.00	4.94	14.94	506	11550	465	0	0	0	0	0	12520	170.08	13.56	9.05	49.31	18.51	46.20	16.79	1.48	32.47	10.10
10/22/2019 3:17:28 PM	0.30	11.28	1.17	0.00	0.00	0.00	0.00	1.00	12.76	100.00	4.97	14.95	161	11284	528	0	0	0	0	0	11974	169.74	13.46	8.84	46.80	18.43	46.28	16.12	1.49	32.48	10.08
10/22/2019 3:17:30 PM	0.71	11.91	1.02	0.00	0.00	0.00	0.00	0.98	13.65	100.00	5.02	14.95	378	11913	461	0	0	0	0	0	12752	169.93	13.75	9.31	49.82	18.91	48.17	16.62	1.49	32.49	10.13
10/22/2019 3:17:33 PM	0.49	11.73	1.11	0.00	0.00	0.00	0.00	1.00	13.33	100.00	5.05	14.93	258	11728	501	0	0	0	0	0	12487	170.43	13.79	9.24	49.60	18.85	46.88	16.50	1.49	32.48	10.08
10/22/2019 3:17:35 PM	0.59	10.55	1.16	0.00	0.00	0.00	0.00	0.94	12.30	100.00	5.08	14.93	314	10547	521	0	0	0	0	0	11381	169.85	12.95	8.38	44.94	17.79	42.83	16.18	1.50	32.44	10.14
10/22/2019 3:17:37 PM	0.54	9.94	0.85	0.46	0.00	0.00	0.00	0.99	11.79	100.00	5.10	14.94	288	9942	381	14	0	0	0	0	10625	169.66	12.96	8.04	42.08	17.87	42.75	16.46	1.50	32.43	10.08
10/22/2019 3:17:40 PM	0.21	9.41	0.00	1.79	0.00	0.00	0.00	1.01	11.41	100.00	5.12	14.92	111	9413	0	54	0	0	0	0	9577	170.19	13.19	8.86	40.78	17.86	44.33	16.49	1.50	32.42	10.13
10/22/2019 3:17:42 PM	0.67	9.99	0.00	1.53	0.00	0.00	0.00	1.04	12.19	100.00	5.16	14.92	354	9995	0	46	0	0	0	0	10394	170.39	13.68	8.47	43.13	18.53	45.79	17.16	1.51	32.42	10.09
10/22/2019 3:17:45 PM	0.59	10.01	0.00	1.57	0.00	0.00	0.00	1.06	12.17	100.00	5.19	14.91	315	10007	0	47	0	0	0	0	10369	169.45	13.96	8.76	43.49	18.70	45.57	17.30	1.51	32.45	10.12
10/22/2019 3:17:47 PM	0.40	10.63	1.12	0.16	0.00	0.00	0.00	0.95	12.31	100.00	5.22	14.91	214	10629	502	5	0	0	0	0	11350	170.32	13.19	8.19	44.28	17.82	44.65	16.10	1.51	32.45	10.10
10/22/2019 3:17:49 PM	0.60	10.34	1.13	0.00	0.00	0.00	0.00	0.99	12.06	100.00	5.26	14.89	316	10340	507	0	0	0	0	0	11163	170.22	12.84	8.49	44.28	18.05	41.88	16.39	1.51	32.42	10.08
10/22/2019 3:17:52 PM	0.57	10.32	0.90	0.00	0.00	0.00	0.00	0.95	11.79	100.00	5.30	14.88	303	10319	405	0	0	0	0	0	11027	169.98	12.26	8.03	43.98	17.36	41.56	15.15	1.52	32.40	10.12
10/22/2019 3:17:54 PM	0.30	9.37	1.03	0.00	0.00	0.00	0.00	0.96	10.69	100.00	5.33	14.80	157	9366	463	0	0	0	0	0	9987	170.74	11.72	7.57	39.81	16.74	38.46	14.78	1.52	32.40	10.10
10/22/2019 3:17:57 PM	0.46	9.18	1.06	0.00	0.00	0.00	0.00	0.97	10.70	100.00	5.37	14.80	242	9178	479	0	0	0	0	0	9899	169.67	11.79	7.55	39.81	16.94	37.30	15.36	1.53	32.40	10.08
10/22/2019 3:17:59 PM	0.17	9.05	1.00	0.00	0.00	0.00	0.00	0.97	10.23	100.00	5.41	14.83	90	9054	451	0	0	0	0	0	9595	170.57	11.40	7.21	38.38	16.42	37.36	14.31	1.53	32.38	10.08
10/22/2019 3:18:01 PM	0.56	9.48	0.77	0.00	0.00	0.00	0.00	0.94	10.82	100.00	5.45	14.79	299	9482	346	0	0	0	0	0	10127	169.98	11.35	7.61	40.92	16.55	38.00	14.32	1.53	32.36	10.11
10/22/2019 3:18:04 PM	0.22	8.58	1.08	0.00	0.00	0.00	0.00	0.96	9.88	100.00	5.46	14.75	115	8579	488	0	0	0	0	0	9183	170.74	11.23	6.84	36.33	16.21	36.08	14.56	1.54	32.37	10.10
10/22/2019 3:18:06 PM	0.33	8.60	1.16	0.00	0.00	0.00	0.00	0.96	10.08	100.00	5.50	14.74	174	8599	520	0	0	0	0	0	9293	170.99	11.46	7.06	36.81	16.50	36.00	15.18	1.54	32.36	10.08
10/22/2019 3:18:08 PM	0.79	9.15	0.92	0.00	0.00	0.00	0.00	0.95	10.86	100.00	5.52	14.79	419	9154	412	0	0	0	0	0	9985	170.60	11.56	7.34	39.97	16.83	37.10	15.41	1.54	32.37	10.08
10/22/2019 3:18:11 PM	0.77	9.37	0.91	0.00	0.00	0.00	0.00	0.94	11.06	100.00	5.53	14.85	409	9374	410	0	0	0	0	0	10193	170.26	11.68	7.36	40.59	16.85	38.11	15.32	1.54	32.36	10.07
10/22/2019 3:18:13 PM	0.56	8.31	0.20	1.00	0.00	0.00	0.00	0.99	10.07	100.00	5.57	14.85	297	8305	91	30	0	0	0	0	8723	171.12	11.67	7.34	36.26	16.61	37.56	15.27	1.55	32.36	10.09
10/22/2019 3:18:16 PM	0.26	8.47	1.13	0.00	0.00	0.00	0.00	0.97	9.87	100.00	5.59	14.83	140	8472	510	0	0	0	0	0	9122	171.03	11.33	7.00	36.57	16.40	35.15	14.96	1.55	32.33	10.08
10/22/2019 3:18:18 PM	0.43	8.45	0.99	0.00	0.00	0.00	0.00	0.95	9.86	100.00	5.63	14.82	228	8446	444	0	0	0	0	0	9118	171.54	11.02	6.88	36.32	16.17	35.12	14.64	1.55	32.37	10.14
10/22/2019 3:18:20 PM	0.62	8.66	0.91	0.00	0.00	0.00	0.00	0.97	10.20	100.00	5.66	14.82	328	8663	411	0	0	0	0	0	9402	171.16	11.16	7.04	37.67	16.53	35.50	15.00	1.55	32.34	10.13
10/22/2019 3:18:23 PM	1.01	9.28	0.86	0.00	0.00	0.00	0.00	0.92	11.15	100.00	5.69	14.84	537	9284	386	0	0	0	0	0	10206	169.93	11.58	7.54	40.99	16.81	37.16	15.56	1.56	32.36	10.07
10/22/2019 3:18:25 PM	0.48	8.40	1.10	0.00	0.00	0.00	0.00	1.00	9.98	100.00	5.72	14.85	254	8400	495	0	0	0	0	0	9149	170.06	11.33	7.02	36.01	16.72	35.41	15.52	1.56	32.33	10.10
10/22/2019 3:18:28 PM	0.62	8.58	1.02	0.00	0.00	0.00	0.00	0.97	10.22	100.00	5.76	14.85	330	8579	458	0	0	0	0	0	9368	170.29	11.31	7.26	37.20	16.68	35.53	15.45	1.56	32.35	10.12
10/22/2019 3:18:30 PM	0.51	8.79	1.20	0.00	0.00	0.00	0.00	0.97	10.50	100.00	5.79	14.87	272	8791	538	0	0	0	0	0	9601	170.15	11.77	7.47	37.89	16.91	36.66	15.89	1.57	32.30	10.10
10/22/2019 3:18:32 PM	0.65	8.97	1.18	0.00	0.00	0.00	0.00	0.95	10.81	100.00	5.82	14.90	345	8974	532	0	0	0	0	0	9851	170.37	11.93	7.57	39.06	17.02	36.98	16.12	1.57	32.29	10.08
10/22/2019 3:18:35 PM	1.10	8.76	1.02	0.00	0.00	0.00	0.00	0.91	10.88	100.00	5.84	14.89	585	8762	457	0	0	0	0	0	9804	170.85	11.55	6.98	38.28	16.77	36.45	16.24	1.57	32.33	10.11
10/22/2019 3:18:37 PM	0.93	9.10	0.93	0.00	0.00	0.00	0.00	0.92	10.96	100.00	5.88	14.89	493	9096	420	0	0	0	0	0	10009	170.55	11.64	7.23	40.72	16.77	36.07	15.64	1.58	32.31	10.12
10/22/2019 3:18:39 PM	0.70	8.77	0.99	0.00	0.00	0.00	0.00	0.92	10.45	100.00	5.89	14.89	371	8766	444	0	0	0	0	0	9581	170.47	11.35	7.27	39.08	16.34	35.00	15.13	1.58	32.29	10.10
10/22/2019 3:18:42 PM	0.11	7.48	0.88	0.40	0.00	0.00	0.00	1.00	8.88	100.00	5.92	14.91	60	7483	397	12	0	0	0	0	7953	170.93	10.97	6.62	32.51	15.94	33.03	14.76	1.58	32.29	10.10
10/22/2019 3:18:44 PM	0.48	6.64	0.19	1.03	0.00	0.00	0.00	0.99	8.34	100.00	5.96	14.87	254	6639	83	31	0	0	0	0	7008	170.36	10.51	6.15	29.89	15.55	31.41	14.69	1.58	32.30	10.12
10/22/2019 3:18:47 PM	0.31	7.38	0.99	0.00	0.00	0.00	0.00	0.95	8.68	100.00	6.01	14.78	163	7380	447	0	0	0	0	0	7989	170.66	10.21	6.33	32.62	15.33	30.60	14.03	1.59	32.27	10.08
10/22/2019 3:18:49 PM	0.24	6.13	0.82	0.00	0.00	0.00	0.00	0.94	7.19	100.00	6.06	14.73	129	6130	369	0	0	0	0	0	6628	171.00	8.88	5.21	26.92	14.20	26.52	12.82	1.59	32.31	10.09
10/22/2019 3:18:51 PM	0.19	5.85	0.80	0.12	0.00	0.00	0.00	0.96	6.96	100.00	6.10	14.70	102	5845	361	4	0	0	0	0	6311	170.52	8.93	5.11	25.72	14.25	26.09	13.07	1.60	32.25	10.08
10/22/2019 3:18:54 PM	0.14	5.37	0.64	0.35	0.00	0.00	0.00	0.97	6.49	100.00	6.13	14.59	73	5373	287	10	0	0	0	0	5743	171.24	8.75	4.85	24.10	13.98	24.83	12.90	1.60	32.27	10.11
10/22/2019 3:18:56 PM	0.26	5.38	0.77	0.00	0.00	0.00	0.00	0.94	6.42	100.00	6.17	14.52	138	5381	349	0	0	0	0	0	5869	171.03	8.22	4.78	23.86	13.64	23.87	12.46	1.60	32.25	10.08
10/22/2019 3:18:59 PM	0.24	4.47	0.05	0.74	0.00	0.00	0.00	0.96	5.51	100.00	6.21	14.50	128	4469	23	22	0	0	0	0	4642	171.02	7.79	4.44	20.88	13.13	22.09	11.84	1.61	32.23	10.08
10/22/2019 3:19:01 PM	0.15	4.66	0.56	0.29	0.00	0.00	0.00	0.95	5.66	100.00	6.26	14.50	79	4661	253	9	0	0	0	0	5001	171.21	7.91	4.38	21.25	13.27	21.87	12.17	1.61	32.22	10.10
10/22/2019 3:19:03 PM	0.26	4.34	0.88	0.00	0.00	0.00	0.00	0.89	5.48	100.00	6.28	14.52	140	4344	394	0	0	0	0	0	4878	171.30	7.61	4.19	20.05	12.80	20.02	12.28	1.62	32.24	10.12
10/22/2019 3:19:06 PM	0.26	4.12	0.54	0.22	0.00	0.00	0.00	0.92	5.15	100.00	6.32	14.55	139	4119	244	7	0	0	0	0	4509	170.74	7.28	4.09	19.16	12.61	19.63	11.75	1.62	32.22	10.10
10/22/2019 3:19:08 PM	0.30	3.98	0.22	0.63	0.00	0.00	0.00	0.93	5.13	100.00	6.35	14.55	160	3975	101	19	0	0	0	0	4255	169.89	7.50	4.10	19.00	12.71	20.08	11.93	1.62	32.24	10.10
10/22/2019 3:19:10 PM	0.10	4.23	0.82	0.00	0.00	0.00	0.00	0.87	5.15	100.00	6.39	14.52	51	4234	370	0	0	0	0	0	4656	168.98	7.29	3.96	19.48	12.25	19.42	11.41	1.63	32.22	10.10
10/22/2019 3:19:13 PM	0.24	4.09	0.59	0.23	0.00	0.00	0.00	0.87	5.16	100.00	6.43	14.52	126	4095	268	7	0	0	0	0	4496	168.77	7.30	3.97	19.06	12.30	19.63	11.60	1.63	32.22	10.08
10/22/2019 3:19:15 PM	0.13	3.89	0.65	0.23	0.00	0.00	0.00	0.87	4.91	100.00	6.46	14.50	68	3890	295	7	0	0	0	0	4260	168.46	7.25	3.71	18.23	12.14	18.93	11.50	1.63	32.20	10.08
10/22/2019 3:19:18 PM	0.18	3.26	0.03	0.84	0.00	0.00	0.00	0.86	4.31	100.00	6.48	14.49	97	3260	14	25	0	0	0	0	3396	167.99	6.85	3.64	16.34	11.51	17.76	10.81	1.64	32.20	10.08
10/22/2019 3:19:20 PM	0.17	3.28	0.00	0.72	0.00	0.00	0.00	0.81	4.18	100.00	6.52	14.52	91	3281	0	22	0	0	0	0	3394	167.20	6.38	3.79	16.23	10.94	17.29	9.96	1.64	32.18	10.09
10/22/2019 3:19:22 PM	0.12	3.23	0.21	0.41	0.00	0.00	0.00	0.74	3.97	100.00	6.57	14.50	62	3232	93	12	0	0	0	0	3400	166.62	5.89	3.26	15.56	10.13	16.44	9.08	1.64	32.17	10.08
10/22/2019 3:19:25 PM	0.04	3.22	0.13	0.48	0.00	0.00	0.00	0.71	3.86	100.00	6.60	14.44	21	3216	56	14	0	0	0	0	3307	165.65	5.76	3.35	15.50	9.79	16.39	8.58	1.65	32.19	10.09
10/22/2019 3:19:27 PM	0.00	3.38	0.12	0.50	0.00	0.00	0.00	0.70	4.00	100.00	6.66	14.35	0	3382	54	15	0	0	0	0	3451	165.02	5.90	3.40	16.11	9.79	17.04	8.46	1.65	32.18	10.10
10/22/2019 3:19:29 PM	0.00	3.33	0.24	0.25	0.00	0.00	0.00	0.65	3.82	100.00	6.70	14.30	0	3326	109	8	0	0	0	0	3443	164.48	5.43	3.27	15.60	9.19	16.13	7.76	1.66	32.17	10.08
10/22/2019 3:19:32 PM	0.00	2.88	0.00	0.65	0.00	0.00	0.00	0.63	3.53	100.00	6.75	14.25	0	2881	0	20	0	0	0	0	2901	163.84	5.46	3.16	14.23	8.97	15.58	7.83	1.66	32.15	10.10
10/22/2019 3:19:34 PM	0.00	3.08	0.00	0.58	0.00	0.00	0.00	0.64	3.66	100.00	6.79	14.18	0	3080	0	17	0	0	0	0	3097	163.23	5.39	3.11	14.80	9.03	16.20	7.70	1.67	32.16	10.09
10/22/2019 3:19:37 PM	0.00	3.48	0.41	0.06	0.00	0.00	0.00	0.59	3.96	100.00	6.84	14.11	0	3485	186	2	0	0	0	0	3673	163.38	5.38	3.29	16.03	8.85	16.26	7.45	1.67	32.16	10.09
10/22/2019 3:19:39 PM	0.00	3.26	0.21	0.23	0.00	0.00	0.00	0.53	3.71	100.00	6.92	14.00	0	3261	95	7	0	0	0	0	3363	161.63	5.12	3.20	15.27	8.15	15.68	6.65	1.68	32.13	10.08
10/22/2019 3:19:41 PM	0.00	3.43	0.23	0.17	0.00	0.00	0.00	0.52	3.84	100.00	6.97	13.87	0	3433	106	5	0	0	0	0	3544	160.96	5.07	3.23	15.81	8.08	16.18	6.51	1.68	32.13	10.10
10/22/2019 3:19:44 PM	0.00	3.22	0.10	0.32	0.00	0.00	0.00	0.52	3.64	100.00	7.02	13.90	0	3218	45	10	0	0	0	0	3273	161.01	4.96	3.20	15.14	7.95	15.69	6.44	1.69	32.11	10.10
10/22/2019 3:19:46 PM	0.00	3.42	0.22	0.22	0.00	0.00	0.00	0.51	3.85	100.00	7.06	13.97	0	3418	99	6	0	0	0	0	3524	160.80	5.08	3.30	15.83	8.05	16.23	6.57	1.69	32.11	10.10
10/22/2019 3:19:49 PM	0.00	3.39	0.16	0.24	0.00	0.00	0.00	0.50	3.79	100.00	7.12	14.02	0	3386	73	7	0	0	0	0	3466	160.32	4.90	3.38	15.71	7.84	16.06	6.32	1.70	32.09	10.08
10/22/2019 3:19:51 PM	0.00	3.21	0.11	0.24	0.00	0.00	0.00	0.49	3.56	100.00	7.17	13.95	0	3211	47	7	0	0	0	0	3266	160.53	4.73	3.01	14.93	7.59	15.44	5.93	1.70	32.10	10.10
10/22/2019 3:19:53 PM	0.00	3.26	0.11	0.27	0.00	0.00	0.00	0.49	3.63	100.00	7.21	13.89	0	3257	47	8	0	0	0	0	3312	160.78	4.82	3.15	15.18	7.68	15.68	6.08	1.71	32.08	10.08
10/22/2019 3:19:56 PM	0.00	3.49	0.31	0.02	0.00	0.00	0.00	0.49	3.82	100.00	7.25	13.86	0	3487	138	1	0	0	0	0	3625	160.28	4.86	3.30	15.86	7.77	15.90	6.07	1.71	32.07	10.09
10/22/2019 3:19:58 PM	0.00	3.25	0.12	0.20	0.00	0.00	0.00	0.50	3.57	100.00	7.28	13.90	0	3253	52	6	0	0	0	0	3311	159.97	4.72	3.02	15.04	7.65	15.48	5.92	1.71	32.05	10.09
10/22/2019 3:20:00 PM	0.00	3.36	0.40	0.00	0.00	0.00	0.00	0.48	3.76	100.00	7.30	13.94	0	3359	178	0	0	0	0	0	3537	160.33	4.89	3.15	15.40	7.72	15.48	6.27	1.72	32.04	10.09
10/22/2019 3:20:03 PM	0.00	3.46	0.28	0.06	0.00	0.00	0.00	0.49	3.81	100.00	7.34	13.98	0	3462	126	2	0	0	0	0	3591	159.93	4.91	3.19	15.78	7.84	15.97	6.16	1.72	32.04	10.07
10/22/2019 3:20:05 PM	0.00	3.34	0.32	0.00	0.00	0.00	0.00	0.47	3.67	100.00	7.39	13.92	0	3342	146	0	0	0	0	0	3488	159.84	4.76	3.08	15.35	7.58	15.25	5.93	1.72	32.04	10.08
10/22/2019 3:20:08 PM	0.00	3.35	0.08	0.31	0.00	0.00	0.00	0.48	3.74	100.00	7.43	13.85	0	3350	35	9	0	0	0	0	3394	159.93	4.86	3.14	15.53	7.65	16.17	6.08	1.73	32.03	10.09
10/22/2019 3:20:10 PM	0.00	3.32	0.00	0.41	0.00	0.00	0.00	0.50	3.74	100.00	7.45	13.90	0	3316	2	12	0	0	0	0	3331	159.86	5.00	3.25	15.55	7.78	16.24	6.17	1.73	32.02	10.08
10/22/2019 3:20:12 PM	0.00	3.59	0.37	0.00	0.00	0.00	0.00	0.48	3.96	100.00	7.50	13.98	0	3592	166	0	0	0	0	0	3758	159.43	4.97	3.26	16.45	7.86	16.15	6.30	1.73	32.00	10.08
10/22/2019 3:20:15 PM	0.00	3.50	0.17	0.19	0.00	0.00	0.00	0.49	3.85	100.00	7.55	13.98	0	3496	74	6	0	0	0	0	3576	159.46	5.01	3.40	16.07	7.81	16.28	6.04	1.74	32.00	10.08
10/22/2019 3:20:17 PM	0.00	3.44	0.16	0.16	0.00	0.00	0.00	0.46	3.76	100.00	7.60	13.90	0	3439	72	5	0	0	0	0	3516	159.28	4.77	3.20	15.73	7.49	16.04	5.76	1.74	31.98	10.08
10/22/2019 3:20:19 PM	0.00	3.30	0.10	0.27	0.00	0.00	0.00	0.47	3.67	100.00	7.63	13.84	0	3299	46	8	0	0	0	0	3353	158.81	4.81	3.19	15.33	7.55	15.79	5.92	1.75	31.98	10.09
10/22/2019 3:20:22 PM	0.00	3.57	0.36	0.00	0.00	0.00	0.00	0.45	3.93	100.00	7.69	13.80	0	3570	161	0	0	0	0	0	3732	158.46	4.96	3.22	16.21	7.59	16.16	5.96	1.75	31.96	10.08
10/22/2019 3:20:24 PM	0.00	3.75	0.35	0.00	0.00	0.00	0.00	0.45	4.10	100.00	7.75	13.78	0	3751	158	0	0	0	0	0	3910	158.38	4.92	3.39	17.09	7.64	16.63	6.06	1.76	31.95	10.09
10/22/2019 3:20:27 PM	0.00	3.29	0.00	0.39	0.00	0.00	0.00	0.47	3.69	100.00	7.80	13.77	0	3295	0	12	0	0	0	0	3307	157.94	4.90	3.31	15.43	7.51	16.03	5.82	1.76	31.94	10.06
10/22/2019 3:20:29 PM	0.00	3.31	0.23	0.16	0.00	0.00	0.00	0.45	3.70	100.00	7.84	13.78	0	3310	102	5	0	0	0	0	3417	158.48	4.87	3.13	15.31	7.45	15.62	5.89	1.77	31.92	10.06
10/22/2019 3:20:31 PM	0.00	3.45	0.21	0.12	0.00	0.00	0.00	0.47	3.78	100.00	7.89	13.78	0	3452	93	4	0	0	0	0	3548	158.14	4.83	3.15	15.75	7.59	16.05	5.87	1.77	31.91	10.07
10/22/2019 3:20:34 PM	0.00	3.32	0.00	0.41	0.00	0.00	0.00	0.46	3.74	100.00	7.92	13.78	0	3323	0	12	0	0	0	0	3335	158.21	4.95	3.22	15.53	7.46	16.24	5.80	1.78	31.90	10.06
10/22/2019 3:20:36 PM	0.00	3.25	0.00	0.41	0.00	0.00	0.00	0.47	3.65	100.00	7.95	13.79	0	3249	0	12	0	0	0	0	3261	158.46	4.93	3.28	15.17	7.55	15.98	5.76	1.78	31.92	10.07
10/22/2019 3:20:39 PM	0.00	3.19	0.00	0.40	0.00	0.00	0.00	0.45	3.59	100.00	8.01	13.80	0	3191	0	12	0	0	0	0	3203	157.80	4.75	3.14	15.02	7.26	15.69	5.71	1.78	31.90	10.07
10/22/2019 3:20:41 PM	0.00	3.21	0.00	0.40	0.00	0.00	0.00	0.46	3.60	100.00	8.06	13.79	0	3208	0	12	0	0	0	0	3220	158.39	4.73	3.13	15.06	7.38	15.79	5.84	1.79	31.89	10.06
10/22/2019 3:20:43 PM	0.00	3.12	0.00	0.41	0.00	0.00	0.00	0.45	3.53	100.00	8.11	13.78	0	3118	0	12	0	0	0	0	3131	157.83	4.76	3.16	14.74	7.30	15.45	5.70	1.79	31.86	10.07
10/22/2019 3:20:46 PM	0.00	3.49	0.25	0.11	0.00	0.00	0.00	0.44	3.85	100.00	8.16	13.79	0	3493	111	3	0	0	0	0	3607	157.90	4.83	3.24	15.93	7.43	16.16	5.82	1.80	31.85	10.06
10/22/2019 3:20:48 PM	0.00	3.28	0.10	0.34	0.00	0.00	0.00	0.44	3.72	100.00	8.20	13.77	0	3283	44	10	0	0	0	0	3337	157.22	4.81	3.33	15.40	7.31	15.91	5.92	1.80	31.85	10.06
10/22/2019 3:20:50 PM	0.00	3.35	0.17	0.26	0.00	0.00	0.00	0.44	3.78	100.00	8.26	13.76	0	3354	78	8	0	0	0	0	3439	157.90	4.90	3.32	15.60	7.42	15.97	5.97	1.81	31.85	10.07
10/22/2019 3:20:53 PM	0.00	3.42	0.27	0.13	0.00	0.00	0.00	0.43	3.82	100.00	8.30	13.75	0	3420	122	4	0	0	0	0	3546	158.12	4.87	3.30	15.74	7.37	15.93	5.89	1.81	31.82	10.06
10/22/2019 3:20:55 PM	0.00	3.76	0.24	0.17	0.00	0.00	0.00	0.46	4.18	100.00	8.35	13.74	0	3763	110	5	0	0	0	0	3878	157.75	5.23	3.59	17.11	7.85	17.29	6.20	1.82	31.82	10.06
10/22/2019 3:20:58 PM	0.00	3.53	0.21	0.16	0.00	0.00	0.00	0.45	3.90	100.00	8.38	13.72	0	3532	94	5	0	0	0	0	3631	157.64	4.96	3.23	16.11	7.54	16.44	5.86	1.82	31.80	10.06
10/22/2019 3:21:00 PM	0.00	3.44	0.26	0.14	0.00	0.00	0.00	0.44	3.83	100.00	8.41	13.75	0	3437	118	4	0	0	0	0	3559	157.42	4.95	3.19	15.77	7.43	16.03	5.86	1.82	31.79	10.06
10/22/2019 3:21:02 PM	0.00	3.57	0.37	0.00	0.00	0.00	0.00	0.43	3.94	100.00	8.44	13.77	0	3567	168	0	0	0	0	0	3735	157.58	4.82	3.28	16.27	7.43	16.10	5.96	1.83	31.78	10.05
10/22/2019 3:21:05 PM	0.00	3.37	0.20	0.24	0.00	0.00	0.00	0.45	3.80	100.00	8.51	13.76	0	3368	90	7	0	0	0	0	3465	157.97	4.95	3.34	15.65	7.53	15.99	6.08	1.83	31.78	10.05
10/22/2019 3:21:07 PM	0.00	3.40	0.00	0.47	0.00	0.00	0.00	0.44	3.87	100.00	8.55	13.75	0	3396	0	14	0	0	0	0	3410	157.29	4.98	3.30	15.87	7.42	16.74	5.98	1.84	31.74	10.06
10/22/2019 3:21:10 PM	0.00	3.23	0.00	0.42	0.00	0.00	0.00	0.47	3.65	100.00	8.59	13.75	0	3227	0	13	0	0	0	0	3239	157.24	4.91	3.29	15.19	7.52	15.89	5.88	1.84	31.74	10.05
10/22/2019 3:21:12 PM	0.00	3.38	0.15	0.21	0.00	0.00	0.00	0.46	3.75	100.00	8.62	13.76	0	3382	69	6	0	0	0	0	3458	157.00	4.81	3.21	15.59	7.47	15.98	5.85	1.84	31.73	10.07
10/22/2019 3:21:14 PM	0.00	3.43	0.19	0.22	0.00	0.00	0.00	0.45	3.83	100.00	8.66	13.75	0	3425	85	7	0	0	0	0	3516	157.16	4.97	3.25	15.81	7.53	16.17	5.96	1.85	31.72	10.06
10/22/2019 3:21:17 PM	0.00	3.36	0.18	0.23	0.00	0.00	0.00	0.45	3.76	100.00	8.71	13.73	0	3355	79	7	0	0	0	0	3441	157.30	4.82	3.26	15.55	7.41	15.94	5.94	1.85	31.72	10.05
10/22/2019 3:21:19 PM	0.00	3.39	0.18	0.22	0.00	0.00	0.00	0.44	3.80	100.00	8.75	13.73	0	3390	82	7	0	0	0	0	3479	157.45	4.88	3.17	15.64	7.41	16.09	5.89	1.86	31.70	10.06
10/22/2019 3:21:21 PM	0.00	3.51	0.28	0.09	0.00	0.00	0.00	0.43	3.89	100.00	8.80	13.76	0	3512	126	3	0	0	0	0	3641	157.59	4.87	3.29	16.02	7.38	16.18	5.80	1.86	31.67	10.06
10/22/2019 3:21:24 PM	0.00	3.40	0.33	0.15	0.00	0.00	0.00	0.44	3.88	100.00	8.83	13.76	0	3401	147	5	0	0	0	0	3553	156.84	4.98	3.24	15.71	7.49	16.06	6.24	1.87	31.67	10.04
10/22/2019 3:21:26 PM	0.00	3.34	0.35	0.05	0.00	0.00	0.00	0.43	3.74	100.00	8.87	13.75	0	3337	157	1	0	0	0	0	3496	157.11	4.81	3.08	15.32	7.35	15.51	5.91	1.87	31.65	10.04
10/22/2019 3:21:29 PM	0.00	3.37	0.00	0.42	0.00	0.00	0.00	0.45	3.78	100.00	8.90	13.73	0	3367	0	13	0	0	0	0	3380	157.09	4.93	3.25	15.68	7.47	16.46	5.84	1.87	31.65	10.05
10/22/2019 3:21:31 PM	0.00	3.58	0.24	0.18	0.00	0.00	0.00	0.45	4.00	100.00	8.94	13.74	0	3577	107	5	0	0	0	0	3689	157.32	5.04	3.31	16.35	7.61	16.72	6.09	1.88	31.65	10.03
10/22/2019 3:21:33 PM	0.00	3.38	0.05	0.41	0.00	0.00	0.00	0.46	3.83	100.00	8.96	13.75	0	3378	20	12	0	0	0	0	3411	157.58	5.04	3.37	15.83	7.55	16.43	6.04	1.88	31.63	10.02
10/22/2019 3:21:36 PM	0.00	3.42	0.38	0.03	0.00	0.00	0.00	0.43	3.82	100.00	8.97	13.74	0	3416	170	1	0	0	0	0	3588	157.25	4.82	3.08	15.58	7.35	15.82	5.98	1.88	31.63	10.04
10/22/2019 3:21:38 PM	0.00	3.61	0.38	0.06	0.00	0.00	0.00	0.45	4.06	100.00	9.10	13.72	0	3613	173	2	0	0	0	0	3788	156.46	5.17	3.38	16.46	7.72	16.56	6.24	1.89	31.60	10.05
10/22/2019 3:21:40 PM	0.00	3.43	0.27	0.15	0.00	0.00	0.00	0.44	3.85	100.00	9.11	13.71	0	3430	121	4	0	0	0	0	3556	157.46	4.85	3.29	15.78	7.41	16.06	6.01	1.89	31.59	10.04
10/22/2019 3:21:43 PM	0.00	3.40	0.00	0.49	0.00	0.00	0.00	0.46	3.89	100.00	9.16	13.72	0	3400	0	15	0	0	0	0	3415	157.02	5.11	3.42	15.97	7.60	16.73	6.13	1.90	31.58	10.04
10/22/2019 3:21:45 PM	0.00	3.74	0.45	0.00	0.00	0.00	0.00	0.41	4.18	100.00	9.19	13.74	0	3736	201	0	0	0	0	0	3938	157.40	5.04	3.53	17.01	7.47	16.74	6.16	1.90	31.57	10.05
10/22/2019 3:21:48 PM	0.00	3.71	0.27	0.17	0.00	0.00	0.00	0.45	4.14	100.00	9.23	13.74	0	3706	120	5	0	0	0	0	3831	157.47	5.16	3.45	16.85	7.73	17.15	6.21	1.90	31.57	10.04
10/22/2019 3:21:50 PM	0.00	3.48	0.03	0.42	0.00	0.00	0.00	0.47	3.94	100.00	9.25	13.75	0	3482	16	13	0	0	0	0	3510	157.06	5.15	3.33	16.20	7.72	16.90	6.16	1.91	31.54	10.04
10/22/2019 3:21:52 PM	0.00	3.68	0.46	0.02	0.00	0.00	0.00	0.42	4.16	100.00	9.30	13.77	0	3683	206	0	0	0	0	0	3890	157.30	5.12	3.30	16.65	7.58	16.85	6.30	1.91	31.53	10.03
10/22/2019 3:21:55 PM	0.00	3.45	0.26	0.20	0.00	0.00	0.00	0.44	3.91	100.00	9.35	13.76	0	3452	118	6	0	0	0	0	3576	157.49	5.05	3.37	15.97	7.53	16.25	6.13	1.92	31.52	10.04
10/22/2019 3:21:57 PM	0.00	3.10	0.00	0.46	0.00	0.00	0.00	0.45	3.56	100.00	9.39	13.75	0	3099	0	14	0	0	0	0	3113	157.70	4.86	2.96	14.72	7.34	15.62	5.91	1.92	31.51	10.02
10/22/2019 3:22:00 PM	0.00	3.49	0.27	0.21	0.00	0.00	0.00	0.44	3.96	100.00	9.42	13.74	0	3489	120	6	0	0	0	0	3615	157.72	5.06	3.36	16.10	7.55	16.45	6.21	1.92	31.50	10.02
10/22/2019 3:22:02 PM	0.00	3.21	0.00	0.55	0.00	0.00	0.00	0.46	3.76	100.00	9.47	13.77	0	3208	0	17	0	0	0	0	3225	157.21	5.11	3.22	15.33	7.55	16.28	6.32	1.93	31.50	10.04
10/22/2019 3:22:04 PM	0.00	3.20	0.01	0.56	0.00	0.00	0.00	0.47	3.77	100.00	9.51	13.76	0	3198	2	17	0	0	0	0	3217	157.03	5.15	3.34	15.35	7.64	16.22	6.43	1.93	31.46	10.04
10/22/2019 3:22:07 PM	0.00	3.29	0.18	0.25	0.00	0.00	0.00	0.44	3.72	100.00	9.53	13.76	0	3292	82	8	0	0	0	0	3382	157.29	4.88	3.20	15.34	7.36	15.76	5.93	1.93	31.47	10.03
10/22/2019 3:22:09 PM	0.00	3.11	0.03	0.49	0.00	0.00	0.00	0.44	3.63	100.00	9.57	13.76	0	3113	12	15	0	0	0	0	3139	157.22	4.98	3.21	14.92	7.34	15.66	6.03	1.94	31.45	10.02
10/22/2019 3:22:11 PM	0.00	3.44	0.20	0.28	0.00	0.00	0.00	0.44	3.93	100.00	9.61	13.77	0	3443	91	8	0	0	0	0	3543	156.99	5.08	3.33	15.99	7.52	16.46	6.16	1.94	31.45	10.02
10/22/2019 3:22:14 PM	0.00	3.41	0.22	0.29	0.00	0.00	0.00	0.43	3.93	100.00	9.64	13.77	0	3414	101	9	0	0	0	0	3524	157.45	5.10	3.31	15.90	7.46	16.41	6.21	1.94	31.45	10.00
10/22/2019 3:22:16 PM	0.00	3.70	0.38	0.11	0.00	0.00	0.00	0.43	4.18	100.00	9.67	13.76	0	3700	169	3	0	0	0	0	3872	157.00	5.21	3.41	16.82	7.66	17.06	6.31	1.95	31.44	10.02
10/22/2019 3:22:19 PM	0.00	3.47	0.36	0.08	0.00	0.00	0.00	0.43	3.91	100.00	9.73	13.77	0	3466	163	3	0	0	0	0	3632	157.55	4.94	3.30	15.90	7.44	16.08	6.12	1.95	31.41	10.00
10/22/2019 3:22:21 PM	0.00	3.57	0.38	0.03	0.00	0.00	0.00	0.42	3.98	100.00	9.77	13.78	0	3566	173	1	0	0	0	0	3740	156.89	4.94	3.34	16.21	7.42	16.29	5.99	1.96	31.40	10.01
10/22/2019 3:22:23 PM	0.00	3.39	0.10	0.35	0.00	0.00	0.00	0.48	3.84	100.00	9.81	13.79	0	3388	44	11	0	0	0	0	3442	157.54	5.11	3.32	15.82	7.76	16.37	6.23	1.96	31.40	10.02
10/22/2019 3:22:26 PM	0.00	3.48	0.27	0.20	0.00	0.00	0.00	0.44	3.94	100.00	9.84	13.79	0	3479	121	6	0	0	0	0	3606	157.49	5.05	3.31	16.04	7.50	16.39	6.13	1.96	31.38	9.99
10/22/2019 3:22:28 PM	0.00	3.58	0.47	0.04	0.00	0.00	0.00	0.43	4.09	100.00	9.85	13.78	0	3583	213	1	0	0	0	0	3797	156.85	5.12	3.53	16.41	7.62	16.42	6.46	1.97	31.38	10.02
10/22/2019 3:22:30 PM	0.00	3.61	0.24	0.23	0.00	0.00	0.00	0.45	4.08	100.00	9.89	13.78	0	3608	107	7	0	0	0	0	3722	156.99	5.11	3.53	16.59	7.69	16.94	6.31	1.97	31.36	10.00
10/22/2019 3:22:33 PM	0.00	3.33	0.24	0.27	0.00	0.00	0.00	0.44	3.84	100.00	9.91	13.79	0	3331	110	8	0	0	0	0	3449	158.01	5.07	3.30	15.59	7.51	16.01	6.26	1.97	31.35	10.00
10/22/2019 3:22:35 PM	0.00	3.08	0.00	0.57	0.00	0.00	0.00	0.48	3.65	100.00	9.95	13.81	0	3083	0	17	0	0	0	0	3100	157.09	5.03	3.17	14.81	7.64	15.94	6.46	1.97	31.34	10.00
10/22/2019 3:22:38 PM	0.00	3.41	0.18	0.33	0.00	0.00	0.00	0.46	3.92	100.00	10.01	13.81	0	3407	83	10	0	0	0	0	3499	156.74	5.13	3.39	15.93	7.70	16.46	6.42	1.98	31.32	10.00
10/22/2019 3:22:40 PM	0.00	3.68	0.42	0.00	0.00	0.00	0.00	0.43	4.10	100.00	10.08	13.81	0	3684	189	0	0	0	0	0	3873	157.01	5.09	3.34	16.80	7.57	16.53	6.10	1.99	31.32	9.98
10/22/2019 3:22:42 PM	0.00	3.53	0.27	0.15	0.00	0.00	0.00	0.45	3.96	100.00	10.14	13.80	0	3533	124	5	0	0	0	0	3661	156.45	5.09	3.33	16.19	7.64	16.44	6.10	1.99	31.32	9.98
10/22/2019 3:22:45 PM	0.00	3.94	0.50	0.00	0.00	0.00	0.00	0.42	4.44	100.00	10.19	13.82	0	3942	226	0	0	0	0	0	4168	157.44	5.35	3.79	18.33	7.76	17.05	6.49	2.00	31.30	9.98
10/22/2019 3:22:47 PM	0.00	3.86	0.58	0.00	0.00	0.00	0.00	0.44	4.44	100.00	10.23	13.82	0	3863	260	0	0	0	0	0	4123	157.34	5.46	3.58	17.51	7.99	17.51	6.95	2.00	31.28	10.00
10/22/2019 3:22:50 PM	0.00	3.66	0.42	0.28	0.00	0.00	0.00	0.44	4.35	100.00	10.30	13.83	0	3659	188	8	0	0	0	0	3855	156.74	5.62	3.60	17.00	7.95	17.49	7.12	2.01	31.27	9.98
10/22/2019 3:22:52 PM	0.01	3.58	0.22	0.41	0.00	0.00	0.00	0.43	4.22	100.00	10.35	13.78	6	3583	98	12	0	0	0	0	3699	157.00	5.40	3.52	16.72	7.70	17.42	6.69	2.01	31.27	9.98
10/22/2019 3:22:54 PM	0.00	3.92	0.54	0.02	0.00	0.00	0.00	0.42	4.49	100.00	10.41	13.77	0	3922	243	1	0	0	0	0	4165	157.63	5.51	3.67	17.71	7.85	17.74	6.67	2.02	31.26	9.99
10/22/2019 3:22:57 PM	0.00	3.79	0.53	0.00	0.00	0.00	0.00	0.43	4.31	100.00	10.46	13.77	0	3787	237	0	0	0	0	0	4025	157.24	5.34	3.45	17.26	7.74	17.06	6.55	2.02	31.26	9.98
10/22/2019 3:22:59 PM	0.00	3.60	0.52	0.00	0.00	0.00	0.00	0.41	4.12	100.00	10.53	13.74	0	3602	232	0	0	0	0	0	3834	155.92	5.14	3.45	16.46	7.51	16.42	6.37	2.03	31.25	9.99
10/22/2019 3:23:01 PM	0.17	4.43	0.64	0.00	0.00	0.00	0.00	0.34	5.23	100.00	10.60	13.72	88	4429	288	0	0	0	0	0	4804	154.84	5.82	3.84	19.75	7.73	19.79	7.00	2.04	31.25	9.99
10/22/2019 3:23:04 PM	2.19	6.55	0.72	0.00	0.00	0.00	0.00	0.00	9.46	100.00	10.66	13.72	1158	6553	324	0	0	0	0	0	8035	113.99	7.64	5.30	30.51	7.55	27.56	10.86	2.04	31.23	9.97
10/22/2019 3:23:06 PM	1.17	5.09	0.97	0.00	0.00	0.00	0.00	0.00	7.23	94.87	10.70	13.73	621	5086	436	0	0	0	0	0	6144	94.87	6.68	4.11	23.49	6.25	22.74	8.75	2.05	31.21	9.98
10/22/2019 3:23:09 PM	1.43	7.41	1.02	0.00	0.00	0.00	0.00	0.00	9.86	100.00	10.68	13.75	757	7411	457	0	0	0	0	0	8626	122.25	8.50	5.86	33.21	7.35	31.01	10.47	2.05	31.21	9.98
10/22/2019 3:23:11 PM	2.56	15.97	1.84	0.00	0.00	0.00	0.00	0.00	20.37	85.08	10.63	13.78	1359	15971	826	0	0	0	0	0	18156	85.08	16.58	12.67	70.83	11.05	61.33	20.46	2.04	31.19	9.98
10/22/2019 3:23:13 PM	3.80	16.31	1.39	0.00	0.00	0.00	0.00	0.00	21.49	80.47	10.62	13.78	2012	16311	624	0	0	0	0	0	18947	80.47	16.61	11.63	75.31	11.24	60.32	22.17	2.04	31.18	9.96
10/22/2019 3:23:16 PM	2.62	11.81	1.50	0.00	0.00	0.00	0.00	0.00	15.93	81.60	10.64	13.79	1390	11812	673	0	0	0	0	0	13875	81.60	13.08	8.19	52.01	9.66	48.36	17.51	2.04	31.18	9.98
10/22/2019 3:23:18 PM	1.39	9.56	1.76	0.00	0.00	0.00	0.00	0.00	12.70	88.21	10.62	13.82	735	9556	792	0	0	0	0	0	11083	88.21	11.54	7.03	41.32	8.80	40.75	14.24	2.04	31.17	9.97
10/22/2019 3:23:20 PM	1.62	9.19	1.40	0.00	0.00	0.00	0.00	0.00	12.22	76.63	10.62	13.81	861	9194	629	0	0	0	0	0	10684	76.63	10.65	7.27	40.92	8.64	37.80	13.19	2.04	31.17	9.97
10/22/2019 3:23:23 PM	2.35	10.40	0.90	0.00	0.00	0.00	0.00	0.00	13.65	87.33	10.62	13.82	1244	10401	404	0	0	0	0	0	12049	87.33	10.81	7.71	47.62	8.79	40.18	13.61	2.04	31.14	9.97
