Date/Time	Green Algae	Bluegreen	Diatoms	Cryptophyta	#5	#6	#7	Yellow substances	Total conc.	Transmission	Depth	Temp. Sample	Green Algae	Bluegreen	Diatoms	Cryptophyta	#5	#6	#7	Yellow substances	Total cell count	Trans. 700 nm	LED 3 [525 nm]	LED 4 [570 nm]	LED 5 [610 nm]	LED 6 [370 nm]	LED 7 [590 nm]	LED 8 [470 nm]	Pressure	Temp. LEDs	Temp. Sensor
date	µg/l	µg/l	µg/l	µg/l	µg/l	µg/l	µg/l	r.u.	µg/l	%	m	°C	cells/ml	cells/ml	cells/ml	cells/ml	cells/ml	cells/ml	cells/ml	r.u.	cells/ml	digits	digits	digits	digits	digits	digits	digits	bar	°C	°C
9/20/2019 10:29:51 AM	0.99	7.55	0.05	0.00	0.00	0.00	0.00	0.29	8.59	99.98	0.22	20.04	526	7548	23	0	0	0	0	0	8097	138.84	7.04	5.68	32.13	9.25	30.72	7.21	1.02	28.63	8.98
9/20/2019 10:29:53 AM	3.61	22.30	0.82	0.00	0.00	0.00	0.00	0.99	26.73	100.00	0.47	22.87	1911	22304	371	0	0	0	0	0	24586	161.12	22.08	16.57	91.94	28.20	87.58	25.97	1.05	28.71	8.99
9/20/2019 10:29:56 AM	1.43	21.88	1.96	0.00	0.00	0.00	0.00	1.16	25.26	100.00	0.50	22.87	756	21877	881	0	0	0	0	0	23515	161.89	23.73	15.58	89.31	28.74	86.82	26.07	1.05	28.79	8.99
9/20/2019 10:29:58 AM	1.43	22.47	1.78	0.00	0.00	0.00	0.00	1.35	25.68	100.00	0.51	22.72	759	22468	801	0	0	0	0	0	24028	161.83	24.26	15.97	92.49	30.42	87.88	26.91	1.05	28.86	9.01
9/20/2019 10:30:01 AM	2.11	21.70	2.44	0.00	0.00	0.00	0.00	1.09	26.25	100.00	0.57	22.65	1119	21700	1097	0	0	0	0	0	23917	160.81	24.81	15.91	89.67	29.46	86.87	29.13	1.06	28.95	9.01
9/20/2019 10:30:03 AM	2.63	21.65	1.78	0.00	0.00	0.00	0.00	1.18	26.06	100.00	0.62	22.67	1392	21652	802	0	0	0	0	0	23846	160.65	23.64	17.20	89.44	29.79	85.92	28.55	1.06	29.03	9.01
9/20/2019 10:30:05 AM	1.98	21.58	1.84	0.00	0.00	0.00	0.00	1.21	25.40	100.00	0.64	22.84	1047	21584	828	0	0	0	0	0	23458	161.83	23.63	15.53	88.70	29.39	85.72	27.29	1.06	29.11	9.00
9/20/2019 10:30:08 AM	3.11	21.57	2.18	0.00	0.00	0.00	0.00	0.98	26.86	100.00	0.68	22.82	1651	21566	982	0	0	0	0	0	24199	161.99	24.32	16.51	90.04	29.16	86.03	29.85	1.07	29.19	9.04
9/20/2019 10:30:10 AM	2.25	21.89	2.12	0.00	0.00	0.00	0.00	1.23	26.26	100.00	0.71	22.78	1192	21891	953	0	0	0	0	0	24036	164.29	24.52	17.63	91.10	30.43	86.23	29.32	1.07	29.28	9.04
9/20/2019 10:30:13 AM	1.96	21.43	2.14	0.00	0.00	0.00	0.00	1.26	25.52	100.00	0.77	22.54	1037	21425	961	0	0	0	0	0	23423	161.96	24.13	18.00	89.91	30.07	83.45	28.73	1.08	29.34	9.05
9/20/2019 10:30:15 AM	1.90	20.63	3.04	0.43	0.00	0.00	0.00	1.21	26.00	100.00	0.89	22.45	1006	20632	1368	13	0	0	0	0	23018	164.00	26.40	16.98	85.93	30.97	85.48	32.92	1.09	29.43	9.07
9/20/2019 10:30:17 AM	1.10	22.18	4.19	0.00	0.00	0.00	0.00	1.20	27.46	100.00	0.97	22.64	584	22177	1884	0	0	0	0	0	24644	163.36	28.76	17.46	92.70	32.16	89.61	34.41	1.09	29.50	9.07
9/20/2019 10:30:20 AM	2.29	22.27	3.54	0.00	0.00	0.00	0.00	1.24	28.10	100.00	1.05	22.57	1215	22266	1593	0	0	0	0	0	25073	162.52	27.95	17.67	92.32	32.91	90.96	35.24	1.10	29.59	9.07
9/20/2019 10:30:22 AM	0.84	24.64	5.69	0.00	0.00	0.00	0.00	1.30	31.17	100.00	1.11	22.64	447	24638	2562	0	0	0	0	0	27647	162.37	33.77	21.68	103.54	36.47	99.74	41.13	1.11	29.64	9.09
9/20/2019 10:30:24 AM	1.08	24.94	5.65	0.00	0.00	0.00	0.00	1.31	31.68	100.00	1.16	22.66	575	24940	2545	0	0	0	0	0	28060	161.07	34.02	21.59	103.99	36.98	101.91	41.78	1.11	29.73	9.08
9/20/2019 10:30:27 AM	2.75	24.46	3.43	1.43	0.00	0.00	0.00	1.32	32.06	100.00	1.21	22.54	1458	24458	1541	43	0	0	0	0	27501	162.40	32.98	21.23	103.35	37.04	103.55	41.66	1.12	29.82	9.09
9/20/2019 10:30:29 AM	1.23	24.87	5.28	0.00	0.00	0.00	0.00	1.48	31.38	100.00	1.25	22.29	654	24870	2374	0	0	0	0	0	27898	162.34	33.59	21.73	103.86	37.98	101.07	41.91	1.12	29.89	9.12
9/20/2019 10:30:32 AM	1.98	23.37	4.70	0.78	0.00	0.00	0.00	1.25	30.84	100.00	1.33	22.14	1051	23371	2115	23	0	0	0	0	26561	162.43	32.97	20.35	98.80	36.03	98.30	41.90	1.13	29.95	9.12
9/20/2019 10:30:34 AM	0.30	24.71	5.78	0.00	0.00	0.00	0.00	1.48	30.79	100.00	1.38	22.14	160	24705	2600	0	0	0	0	0	27465	162.85	34.24	20.76	102.89	37.64	100.76	41.49	1.14	30.04	9.13
9/20/2019 10:30:36 AM	1.01	23.74	5.12	0.30	0.00	0.00	0.00	1.54	30.18	100.00	1.50	22.19	536	23744	2304	9	0	0	0	0	26593	162.68	33.16	21.35	99.63	37.63	97.69	41.79	1.15	30.12	9.13
9/20/2019 10:30:39 AM	0.83	25.04	4.48	0.82	0.00	0.00	0.00	1.66	31.17	100.00	1.62	22.52	439	25043	2017	25	0	0	0	0	27523	162.43	34.14	21.93	104.62	38.99	103.64	41.68	1.16	30.20	9.14
9/20/2019 10:30:41 AM	1.24	23.88	2.33	2.80	0.00	0.00	0.00	1.61	30.25	100.00	1.73	22.63	657	23877	1050	84	0	0	0	0	25668	161.99	33.36	21.72	101.69	37.55	103.43	39.76	1.17	30.27	9.16
9/20/2019 10:30:43 AM	0.96	25.62	3.76	0.00	0.00	0.00	0.00	1.74	30.34	100.00	1.82	22.63	507	25618	1693	0	0	0	0	0	27818	161.37	31.30	21.18	105.63	38.04	101.86	37.27	1.18	30.35	9.16
9/20/2019 10:30:46 AM	0.37	26.12	4.93	0.00	0.00	0.00	0.00	1.48	31.42	100.00	1.91	22.66	195	26122	2219	0	0	0	0	0	28536	161.87	33.39	21.50	107.62	37.32	105.05	38.66	1.19	30.40	9.20
9/20/2019 10:30:48 AM	1.66	26.60	4.13	0.00	0.00	0.00	0.00	1.45	32.40	100.00	1.98	22.55	882	26600	1859	0	0	0	0	0	29342	161.21	32.57	21.66	110.78	37.58	105.49	38.70	1.19	30.48	9.19
9/20/2019 10:30:51 AM	1.71	26.79	3.57	0.00	0.00	0.00	0.00	1.66	32.07	100.00	2.07	22.29	908	26788	1605	0	0	0	0	0	29301	162.95	31.96	21.66	111.10	38.69	105.74	38.20	1.20	30.57	9.20
9/20/2019 10:30:53 AM	1.48	26.70	3.96	0.00	0.00	0.00	0.00	1.55	32.14	100.00	2.14	22.26	782	26704	1782	0	0	0	0	0	29268	162.33	32.39	21.60	110.54	38.03	106.06	38.31	1.21	30.63	9.19
9/20/2019 10:30:55 AM	0.90	25.58	4.28	0.00	0.00	0.00	0.00	1.60	30.76	100.00	2.22	22.45	476	25582	1926	0	0	0	0	0	27985	161.86	32.05	21.13	105.16	37.56	102.94	38.14	1.22	30.72	9.21
9/20/2019 10:30:58 AM	0.92	23.91	2.78	1.32	0.00	0.00	0.00	1.62	28.93	100.00	2.25	22.52	486	23912	1251	40	0	0	0	0	25689	162.45	30.78	19.79	99.23	36.12	99.76	36.10	1.22	30.81	9.24
9/20/2019 10:31:00 AM	1.24	26.82	3.55	0.00	0.00	0.00	0.00	1.68	31.61	100.00	2.31	22.44	659	26821	1597	0	0	0	0	0	29078	162.11	31.66	21.96	110.02	38.27	106.41	37.03	1.23	30.88	9.22
9/20/2019 10:31:03 AM	1.00	24.92	3.83	0.00	0.00	0.00	0.00	1.65	29.75	100.00	2.36	22.28	532	24922	1722	0	0	0	0	0	27177	161.85	30.79	20.62	103.07	37.05	99.30	36.85	1.23	30.95	9.24
9/20/2019 10:31:05 AM	0.91	24.48	3.83	0.00	0.00	0.00	0.00	1.61	29.23	100.00	2.44	22.13	482	24483	1726	0	0	0	0	0	26691	161.61	30.47	19.33	101.40	36.37	97.68	36.22	1.24	31.01	9.27
9/20/2019 10:31:07 AM	0.94	25.04	3.84	0.00	0.00	0.00	0.00	1.71	29.81	100.00	2.52	22.07	496	25037	1728	0	0	0	0	0	27262	161.24	31.14	19.73	104.18	37.54	99.20	37.16	1.25	31.11	9.28
9/20/2019 10:31:10 AM	1.32	25.46	3.88	0.00	0.00	0.00	0.00	1.68	30.66	100.00	2.58	22.20	702	25458	1745	0	0	0	0	0	27905	161.60	31.48	21.05	105.10	38.02	101.86	38.20	1.25	31.16	9.28
9/20/2019 10:31:12 AM	0.48	25.28	3.94	0.00	0.00	0.00	0.00	1.68	29.70	100.00	2.64	22.25	256	25278	1775	0	0	0	0	0	27308	160.57	31.25	19.40	103.98	37.11	100.90	36.25	1.26	31.25	9.29
9/20/2019 10:31:14 AM	0.83	26.21	4.03	0.00	0.00	0.00	0.00	1.63	31.07	100.00	2.71	22.26	441	26208	1813	0	0	0	0	0	28462	161.17	32.10	21.41	109.02	37.77	103.17	37.38	1.27	31.33	9.29
9/20/2019 10:31:17 AM	0.15	25.03	3.85	0.00	0.00	0.00	0.00	1.73	29.03	100.00	2.76	22.40	81	25029	1732	0	0	0	0	0	26841	161.34	30.75	19.78	102.35	36.90	100.00	35.35	1.27	31.38	9.33
9/20/2019 10:31:19 AM	0.19	25.36	3.21	0.00	0.00	0.00	0.00	1.72	28.76	100.00	2.82	22.42	102	25359	1443	0	0	0	0	0	26904	162.41	29.61	19.75	103.84	36.11	99.72	32.92	1.28	31.45	9.33
9/20/2019 10:31:22 AM	0.76	26.68	2.93	0.00	0.00	0.00	0.00	1.79	30.38	100.00	2.86	22.28	405	26684	1320	0	0	0	0	0	28409	161.64	30.41	20.33	109.41	37.69	104.43	34.12	1.28	31.52	9.32
9/20/2019 10:31:24 AM	0.24	26.66	3.36	0.00	0.00	0.00	0.00	1.81	30.26	100.00	2.92	22.22	127	26662	1510	0	0	0	0	0	28299	162.31	31.03	20.83	108.15	37.97	105.69	34.66	1.29	31.61	9.33
9/20/2019 10:31:26 AM	0.21	25.76	3.40	0.00	0.00	0.00	0.00	1.75	29.37	100.00	2.97	22.22	109	25763	1531	0	0	0	0	0	27402	162.98	30.35	20.53	105.42	36.91	101.56	34.06	1.29	31.67	9.35
9/20/2019 10:31:29 AM	0.29	25.79	3.03	0.04	0.00	0.00	0.00	1.80	29.15	100.00	3.01	22.17	151	25790	1363	1	0	0	0	0	27306	162.83	29.75	20.29	104.15	36.96	102.72	33.32	1.30	31.75	9.37
9/20/2019 10:31:31 AM	1.06	27.56	2.59	0.00	0.00	0.00	0.00	1.80	31.21	100.00	3.07	22.19	561	27556	1167	0	0	0	0	0	29284	161.75	30.36	21.63	112.58	38.15	107.39	33.86	1.30	31.84	9.39
9/20/2019 10:31:34 AM	0.97	27.07	2.37	0.00	0.00	0.00	0.00	1.80	30.42	100.00	3.10	22.32	514	27075	1068	0	0	0	0	0	28657	161.29	29.56	21.06	111.36	37.44	104.42	32.64	1.30	31.91	9.39
9/20/2019 10:31:36 AM	1.49	26.82	2.36	0.00	0.00	0.00	0.00	1.69	30.66	100.00	3.17	22.31	789	26815	1060	0	0	0	0	0	28664	161.56	29.41	20.25	110.97	36.91	103.49	33.02	1.31	31.98	9.39
9/20/2019 10:31:38 AM	1.12	26.96	2.28	0.00	0.00	0.00	0.00	1.79	30.35	100.00	3.21	22.23	593	26956	1024	0	0	0	0	0	28573	161.84	29.34	20.38	110.59	37.31	104.40	32.53	1.31	32.05	9.41
9/20/2019 10:31:41 AM	1.41	27.62	1.95	0.00	0.00	0.00	0.00	1.76	30.98	100.00	3.29	22.17	748	27620	877	0	0	0	0	0	29246	162.17	29.28	20.52	114.74	37.28	104.91	31.91	1.32	32.11	9.41
9/20/2019 10:31:43 AM	0.29	26.77	2.34	0.00	0.00	0.00	0.00	1.88	29.40	100.00	3.37	22.21	152	26772	1051	0	0	0	0	0	27976	162.54	29.07	19.73	107.12	37.14	105.79	31.25	1.33	32.18	9.44
9/20/2019 10:31:45 AM	0.58	27.26	1.81	0.00	0.00	0.00	0.00	1.90	29.65	100.00	3.48	22.32	305	27258	817	0	0	0	0	0	28380	161.97	28.54	20.64	111.34	37.16	104.34	30.22	1.34	32.23	9.43
9/20/2019 10:31:48 AM	0.00	25.97	0.75	0.00	0.00	0.00	0.00	2.84	26.72	100.00	3.55	22.35	0	25973	335	0	0	0	0	0	26308	163.39	28.99	19.66	104.04	42.60	99.74	29.96	1.35	32.33	9.47
9/20/2019 10:31:50 AM	0.00	25.62	0.00	0.00	0.00	0.00	0.00	3.85	25.62	100.00	3.60	22.31	0	25621	0	0	0	0	0	0	25621	163.18	29.94	18.98	102.19	53.26	98.23	30.32	1.35	32.38	9.46
9/20/2019 10:31:53 AM	0.00	25.21	0.00	0.00	0.00	0.00	0.00	3.99	25.21	100.00	3.65	22.17	0	25210	0	0	0	0	0	0	25210	163.46	30.00	18.87	100.71	54.83	96.70	30.61	1.36	32.44	9.47
9/20/2019 10:31:55 AM	0.00	23.75	0.00	0.00	0.00	0.00	0.00	4.82	23.75	100.00	3.73	22.00	0	23746	0	0	0	0	0	0	23746	163.00	32.25	18.34	95.11	60.81	91.91	36.02	1.37	32.51	9.49
9/20/2019 10:31:57 AM	0.00	22.54	0.00	1.10	0.00	0.00	0.00	7.32	23.64	100.00	3.80	21.86	0	22540	0	33	0	0	0	0	22573	157.23	41.10	20.54	93.50	79.82	92.13	60.32	1.37	32.60	9.49
9/20/2019 10:32:00 AM	0.00	19.93	5.84	2.57	0.00	0.00	0.00	6.85	28.34	100.00	3.85	21.69	0	19930	2628	77	0	0	0	0	22635	155.22	49.83	22.33	91.63	82.93	93.49	87.30	1.38	32.66	9.50
9/20/2019 10:32:02 AM	3.15	18.55	5.27	3.05	0.00	0.00	0.00	5.32	30.02	100.00	3.90	21.55	1668	18548	2372	92	0	0	0	0	22680	152.65	46.20	20.54	87.57	72.22	91.08	83.24	1.38	32.72	9.50
9/20/2019 10:32:04 AM	7.77	16.76	6.49	1.56	0.00	0.00	0.00	4.38	32.59	100.00	3.95	21.35	4117	16763	2923	47	0	0	0	0	23849	149.64	44.00	19.17	82.05	68.04	83.51	87.69	1.39	32.80	9.53
9/20/2019 10:32:07 AM	10.50	13.28	5.78	0.78	0.00	0.00	0.00	3.33	30.34	100.00	4.01	20.76	5564	13284	2601	23	0	0	0	0	21472	148.40	36.94	15.58	67.96	58.01	68.76	80.71	1.39	32.84	9.56
9/20/2019 10:32:09 AM	12.75	11.12	4.79	1.40	0.00	0.00	0.00	2.55	30.06	100.00	4.07	20.37	6757	11124	2156	42	0	0	0	0	20078	143.56	33.94	13.94	60.85	51.78	62.76	78.11	1.40	32.93	9.55
9/20/2019 10:32:12 AM	12.42	11.68	6.17	0.00	0.00	0.00	0.00	2.54	30.26	100.00	4.12	20.35	6582	11677	2775	0	0	0	0	0	21034	143.29	33.84	14.06	61.79	52.00	61.57	78.40	1.40	32.97	9.56
9/20/2019 10:32:14 AM	13.93	10.03	5.58	0.00	0.00	0.00	0.00	2.03	29.54	100.00	4.17	20.28	7384	10031	2512	0	0	0	0	0	19926	140.95	30.93	12.51	55.73	47.49	55.55	75.76	1.41	33.04	9.56
9/20/2019 10:32:16 AM	17.31	8.48	4.98	0.00	0.00	0.00	0.00	1.52	30.77	97.13	4.21	20.21	9173	8483	2241	0	0	0	0	0	19897	134.88	28.97	10.99	52.09	44.95	50.26	77.79	1.41	33.10	9.58
9/20/2019 10:32:19 AM	18.25	8.79	5.42	0.00	0.00	0.00	0.00	1.47	32.47	92.80	4.26	20.04	9673	8793	2440	0	0	0	0	0	20906	128.88	30.44	11.66	54.03	46.34	52.68	81.62	1.42	33.16	9.57
9/20/2019 10:32:21 AM	18.68	8.30	5.60	0.00	0.00	0.00	0.00	1.29	32.58	90.58	4.31	19.84	9898	8302	2520	0	0	0	0	0	20720	125.80	30.29	11.20	52.40	45.28	51.39	81.99	1.42	33.21	9.59
9/20/2019 10:32:24 AM	20.24	7.85	5.44	0.00	0.00	0.00	0.00	1.07	33.53	90.56	4.35	19.69	10728	7849	2449	0	0	0	0	0	21025	125.77	29.83	10.86	51.64	44.52	50.23	83.54	1.43	33.27	9.62
9/20/2019 10:32:26 AM	22.31	7.52	5.17	0.00	0.00	0.00	0.00	0.94	35.01	87.32	4.38	19.58	11827	7525	2325	0	0	0	0	0	21676	121.26	29.67	10.60	51.65	45.05	49.81	86.70	1.43	33.33	9.65
9/20/2019 10:32:28 AM	24.54	7.05	5.57	0.00	0.00	0.00	0.00	1.23	37.16	86.29	4.45	19.23	13007	7050	2507	0	0	0	0	0	22564	119.84	31.93	10.74	51.83	50.17	50.11	96.01	1.44	33.37	9.64
9/20/2019 10:32:31 AM	23.22	7.39	5.28	0.00	0.00	0.00	0.00	1.44	35.89	87.81	4.51	18.75	12305	7392	2375	0	0	0	0	0	22072	121.94	31.42	10.88	52.40	50.34	49.99	93.15	1.44	33.43	9.65
9/20/2019 10:32:33 AM	22.76	7.06	5.31	0.00	0.00	0.00	0.00	1.58	35.13	88.71	4.58	18.17	12065	7064	2387	0	0	0	0	0	21517	123.20	31.34	10.65	50.47	50.88	49.09	93.07	1.45	33.48	9.66
9/20/2019 10:32:35 AM	26.25	6.27	4.59	0.00	0.00	0.00	0.00	3.12	37.11	90.36	4.67	17.43	13913	6270	2065	0	0	0	0	0	22248	125.50	34.37	10.63	49.92	66.01	48.42	110.33	1.46	33.54	9.69
9/20/2019 10:32:38 AM	26.18	6.25	4.57	0.00	0.00	0.00	0.00	3.29	37.01	91.16	4.75	17.48	13878	6251	2058	0	0	0	0	0	22186	126.61	34.68	10.65	49.89	67.31	48.37	111.32	1.47	33.58	9.68
9/20/2019 10:32:40 AM	25.63	6.21	4.28	0.00	0.00	0.00	0.00	3.67	36.13	93.87	4.80	17.42	13586	6210	1926	0	0	0	0	0	21723	130.36	34.63	10.53	49.15	69.50	47.92	111.60	1.47	33.63	9.71
9/20/2019 10:32:43 AM	25.31	6.14	3.68	0.00	0.00	0.00	0.00	4.16	35.14	94.93	4.87	17.09	13415	6142	1657	0	0	0	0	0	21214	131.83	34.23	10.41	48.46	72.30	46.98	111.98	1.48	33.67	9.71
9/20/2019 10:32:45 AM	23.35	5.83	3.23	0.00	0.00	0.00	0.00	4.30	32.42	99.43	4.94	16.83	12377	5834	1454	0	0	0	0	0	19664	138.08	32.44	9.73	45.55	70.54	44.27	106.15	1.48	33.71	9.70
9/20/2019 10:32:47 AM	21.04	5.33	2.83	0.00	0.00	0.00	0.00	4.33	29.20	100.00	5.03	16.56	11153	5325	1274	0	0	0	0	0	17753	141.13	30.20	8.82	41.25	67.46	41.00	98.80	1.49	33.75	9.74
9/20/2019 10:32:50 AM	18.04	4.88	2.12	0.00	0.00	0.00	0.00	4.24	25.04	100.00	5.14	16.01	9559	4884	956	0	0	0	0	0	15399	149.54	26.73	7.88	37.00	62.15	36.48	87.53	1.50	33.79	9.74
9/20/2019 10:32:52 AM	15.09	4.50	1.69	0.00	0.00	0.00	0.00	4.11	21.27	100.00	5.21	15.66	7996	4496	760	0	0	0	0	0	13252	153.11	23.81	7.24	33.26	56.98	32.39	77.18	1.51	33.83	9.74
9/20/2019 10:32:55 AM	12.81	3.84	1.60	0.00	0.00	0.00	0.00	3.49	18.25	100.00	5.39	14.84	6790	3837	720	0	0	0	0	0	11347	156.51	20.66	6.22	28.30	48.87	28.62	66.33	1.53	33.87	9.74
9/20/2019 10:32:57 AM	8.77	3.00	1.46	0.00	0.00	0.00	0.00	2.40	13.23	100.00	5.53	13.99	4650	3003	656	0	0	0	0	0	8309	157.99	15.35	4.97	21.81	34.61	22.07	47.12	1.54	33.90	9.75
9/20/2019 10:32:59 AM	6.98	2.56	0.90	0.00	0.00	0.00	0.00	1.72	10.44	100.00	5.62	13.84	3700	2561	406	0	0	0	0	0	6667	157.44	11.45	3.86	18.47	25.90	17.92	35.21	1.55	33.92	9.81
9/20/2019 10:33:02 AM	3.99	1.83	0.88	0.03	0.00	0.00	0.00	1.20	6.72	100.00	5.72	13.60	2112	1832	396	1	0	0	0	0	4341	156.98	8.32	2.95	12.96	17.86	13.56	23.51	1.56	33.98	9.77
9/20/2019 10:33:04 AM	3.10	1.68	0.73	0.04	0.00	0.00	0.00	0.93	5.55	100.00	5.79	13.37	1645	1677	326	1	0	0	0	0	3650	155.43	6.88	2.68	11.58	14.35	12.09	18.67	1.57	33.98	9.79
9/20/2019 10:33:06 AM	3.54	1.83	0.88	0.01	0.00	0.00	0.00	1.00	6.26	100.00	5.84	13.74	1877	1827	398	0	0	0	0	0	4103	155.95	7.62	2.89	12.57	15.67	13.05	20.85	1.57	34.01	9.81
9/20/2019 10:33:09 AM	3.28	1.54	0.60	0.21	0.00	0.00	0.00	0.85	5.63	100.00	5.92	13.89	1738	1536	272	6	0	0	0	0	3552	155.89	6.80	2.62	11.27	13.79	12.03	18.51	1.58	34.06	9.81
9/20/2019 10:33:11 AM	2.05	1.42	0.53	0.26	0.00	0.00	0.00	0.74	4.27	100.00	5.99	13.88	1089	1419	238	8	0	0	0	0	2754	155.30	5.87	2.40	10.02	11.44	10.80	14.42	1.59	34.06	9.79
9/20/2019 10:33:14 AM	1.61	1.37	0.42	0.31	0.00	0.00	0.00	0.68	3.70	100.00	6.09	13.86	855	1366	188	9	0	0	0	0	2419	154.59	5.32	2.40	9.51	10.27	10.22	12.49	1.60	34.09	9.80
9/20/2019 10:33:16 AM	1.18	1.04	0.11	0.59	0.00	0.00	0.00	0.62	2.91	100.00	6.15	13.81	624	1039	50	18	0	0	0	0	1730	154.97	4.76	2.00	8.07	9.01	9.32	10.53	1.60	34.10	9.81
9/20/2019 10:33:18 AM	1.46	1.49	0.62	0.00	0.00	0.00	0.00	0.59	3.57	100.00	6.22	14.24	774	1492	279	0	0	0	0	0	2545	155.06	4.87	2.09	9.58	9.36	9.78	11.31	1.61	34.09	9.85
9/20/2019 10:33:21 AM	0.99	1.40	0.56	0.02	0.00	0.00	0.00	0.66	2.98	100.00	6.29	14.46	525	1401	254	1	0	0	0	0	2181	154.99	4.67	2.06	8.85	9.32	9.27	10.44	1.62	34.10	9.89
9/20/2019 10:33:23 AM	0.97	1.17	0.18	0.37	0.00	0.00	0.00	0.61	2.69	100.00	6.39	14.50	514	1170	82	11	0	0	0	0	1777	154.49	4.36	2.01	8.16	8.60	9.03	9.53	1.63	34.14	9.85
9/20/2019 10:33:26 AM	0.67	1.17	0.36	0.32	0.00	0.00	0.00	0.56	2.52	100.00	6.49	14.02	356	1172	162	10	0	0	0	0	1699	153.87	4.38	2.00	8.03	8.05	8.83	8.94	1.64	34.17	9.86
9/20/2019 10:33:28 AM	0.54	1.10	0.32	0.24	0.00	0.00	0.00	0.55	2.20	100.00	6.60	13.33	285	1099	146	7	0	0	0	0	1537	153.95	3.98	1.79	7.47	7.65	8.21	8.13	1.65	34.16	9.90
9/20/2019 10:33:30 AM	0.82	1.18	0.35	0.36	0.00	0.00	0.00	0.53	2.71	100.00	6.68	13.27	437	1178	158	11	0	0	0	0	1784	153.72	4.47	2.10	8.22	8.05	9.03	9.25	1.65	34.17	9.89
9/20/2019 10:33:33 AM	0.77	1.13	0.23	0.40	0.00	0.00	0.00	0.53	2.52	100.00	6.78	13.12	407	1127	102	12	0	0	0	0	1648	154.32	4.23	2.01	7.93	7.83	8.81	8.73	1.66	34.16	9.89
9/20/2019 10:33:35 AM	0.48	1.04	0.18	0.45	0.00	0.00	0.00	0.55	2.14	100.00	6.91	12.91	254	1036	80	13	0	0	0	0	1383	153.72	4.10	1.86	7.42	7.62	8.43	8.08	1.68	34.18	9.88
9/20/2019 10:33:37 AM	0.49	1.17	0.35	0.24	0.00	0.00	0.00	0.56	2.25	100.00	7.00	12.97	261	1167	156	7	0	0	0	0	1592	154.38	4.08	1.96	7.78	7.75	8.43	8.20	1.69	34.18	9.91
9/20/2019 10:33:40 AM	0.86	1.10	0.31	0.36	0.00	0.00	0.00	0.50	2.63	100.00	7.09	13.21	456	1102	140	11	0	0	0	0	1708	153.54	4.28	1.88	7.86	7.73	8.78	8.93	1.70	34.18	9.90
9/20/2019 10:33:42 AM	0.75	1.05	0.16	0.45	0.00	0.00	0.00	0.54	2.40	100.00	7.19	13.31	395	1047	72	13	0	0	0	0	1527	154.23	4.16	1.87	7.61	7.79	8.63	8.60	1.70	34.20	9.90
9/20/2019 10:33:45 AM	0.66	1.10	0.22	0.38	0.00	0.00	0.00	0.52	2.36	100.00	7.29	13.21	352	1095	98	12	0	0	0	0	1556	153.82	4.08	1.89	7.68	7.56	8.59	8.27	1.71	34.18	9.92
9/20/2019 10:33:47 AM	0.85	1.28	0.57	0.08	0.00	0.00	0.00	0.51	2.79	100.00	7.37	13.17	452	1282	259	2	0	0	0	0	1995	153.87	4.33	2.01	8.36	7.91	8.81	9.16	1.72	34.18	9.94
9/20/2019 10:33:49 AM	0.82	1.12	0.23	0.38	0.00	0.00	0.00	0.52	2.54	100.00	7.47	13.28	432	1117	104	11	0	0	0	0	1665	154.00	4.17	2.00	7.90	7.72	8.74	8.68	1.73	34.18	9.94
9/20/2019 10:33:52 AM	0.43	1.25	0.48	0.10	0.00	0.00	0.00	0.52	2.26	100.00	7.59	13.16	226	1251	216	3	0	0	0	0	1696	153.41	3.99	1.95	7.92	7.48	8.37	7.89	1.74	34.18	9.93
9/20/2019 10:33:54 AM	0.59	1.11	0.24	0.42	0.00	0.00	0.00	0.52	2.37	100.00	7.68	12.93	312	1114	109	13	0	0	0	0	1548	153.75	4.22	1.98	7.82	7.61	8.74	8.34	1.75	34.18	9.93
9/20/2019 10:33:56 AM	1.00	1.09	0.18	0.59	0.00	0.00	0.00	0.51	2.86	100.00	7.79	13.17	531	1090	81	18	0	0	0	0	1720	153.98	4.62	2.10	8.20	8.04	9.37	9.57	1.76	34.18	9.94
9/20/2019 10:33:59 AM	0.91	1.36	0.59	0.10	0.00	0.00	0.00	0.49	2.97	100.00	7.90	13.40	485	1359	267	3	0	0	0	0	2113	153.24	4.47	2.10	8.74	7.98	9.20	9.38	1.77	34.14	9.95
9/20/2019 10:34:01 AM	0.73	1.20	0.37	0.28	0.00	0.00	0.00	0.52	2.58	100.00	8.09	13.12	385	1202	165	9	0	0	0	0	1761	153.18	4.28	2.03	8.13	7.82	8.84	8.76	1.79	34.16	9.93
9/20/2019 10:34:04 AM	0.81	1.07	0.11	0.48	0.00	0.00	0.00	0.53	2.47	100.00	8.19	12.87	430	1066	51	14	0	0	0	0	1561	153.49	4.16	1.94	7.74	7.78	8.77	8.64	1.80	34.12	9.94
9/20/2019 10:34:06 AM	0.74	1.30	0.60	0.13	0.00	0.00	0.00	0.52	2.78	100.00	8.34	12.88	393	1304	271	4	0	0	0	0	1972	154.01	4.52	1.99	8.47	8.01	9.06	9.25	1.82	34.12	9.94
9/20/2019 10:34:08 AM	0.69	1.37	0.69	0.03	0.00	0.00	0.00	0.50	2.78	100.00	8.45	12.85	366	1372	310	1	0	0	0	0	2048	152.97	4.43	2.05	8.61	7.87	8.98	9.02	1.83	34.09	9.96
9/20/2019 10:34:11 AM	0.63	1.14	0.26	0.33	0.00	0.00	0.00	0.53	2.36	100.00	8.54	12.88	335	1139	116	10	0	0	0	0	1599	153.52	4.07	1.92	7.78	7.65	8.59	8.27	1.84	34.11	9.95
9/20/2019 10:34:13 AM	0.71	1.01	0.09	0.60	0.00	0.00	0.00	0.53	2.41	100.00	8.64	12.99	375	1012	42	18	0	0	0	0	1447	153.58	4.31	1.93	7.64	7.72	8.86	8.62	1.85	34.07	9.96
9/20/2019 10:34:16 AM	0.94	1.40	0.66	0.03	0.00	0.00	0.00	0.52	3.03	100.00	8.74	13.15	500	1404	296	1	0	0	0	0	2200	152.92	4.55	2.13	8.89	8.26	9.24	9.69	1.86	34.05	9.96
9/20/2019 10:34:18 AM	1.09	1.18	0.37	0.30	0.00	0.00	0.00	0.48	2.94	100.00	8.84	13.10	579	1183	167	9	0	0	0	0	1937	153.24	4.38	1.91	8.25	7.86	9.10	9.43	1.87	34.03	9.96
9/20/2019 10:34:20 AM	1.30	1.06	0.15	0.61	0.00	0.00	0.00	0.51	3.12	100.00	8.93	12.96	689	1062	66	18	0	0	0	0	1836	153.73	4.71	2.06	8.27	8.29	9.52	10.23	1.88	34.01	9.99
9/20/2019 10:34:23 AM	1.10	1.14	0.30	0.34	0.00	0.00	0.00	0.51	2.88	100.00	9.02	12.99	583	1138	135	10	0	0	0	0	1865	153.44	4.36	2.00	8.14	8.04	8.96	9.51	1.88	34.00	9.98
9/20/2019 10:34:25 AM	1.05	1.01	0.11	0.63	0.00	0.00	0.00	0.52	2.81	100.00	9.12	13.18	559	1013	51	19	0	0	0	0	1641	153.46	4.55	2.07	7.95	8.12	9.16	9.63	1.89	33.97	9.97
9/20/2019 10:34:27 AM	1.08	1.10	0.09	0.50	0.00	0.00	0.00	0.52	2.78	100.00	9.20	13.24	574	1103	41	15	0	0	0	0	1733	153.50	4.26	2.15	8.11	7.95	9.03	9.20	1.90	33.96	10.00
9/20/2019 10:34:30 AM	0.95	1.28	0.35	0.35	0.00	0.00	0.00	0.54	2.93	100.00	9.32	13.12	506	1276	159	10	0	0	0	0	1952	152.98	4.59	2.16	8.66	8.30	9.46	9.63	1.91	33.94	9.98
9/20/2019 10:34:32 AM	0.95	1.32	0.44	0.26	0.00	0.00	0.00	0.50	2.98	100.00	9.44	12.95	506	1317	200	8	0	0	0	0	2031	152.91	4.53	2.17	8.75	8.03	9.41	9.45	1.92	33.90	9.98
9/20/2019 10:34:35 AM	0.90	1.16	0.29	0.43	0.00	0.00	0.00	0.49	2.78	100.00	9.52	13.00	476	1165	128	13	0	0	0	0	1782	153.45	4.45	2.04	8.24	7.81	9.20	9.13	1.93	33.88	10.00
9/20/2019 10:34:37 AM	1.23	1.20	0.36	0.44	0.00	0.00	0.00	0.48	3.23	100.00	9.60	13.11	652	1198	163	13	0	0	0	0	2026	152.83	4.77	2.17	8.67	8.18	9.62	10.20	1.94	33.85	10.00
9/20/2019 10:34:39 AM	0.97	1.18	0.35	0.30	0.00	0.00	0.00	0.50	2.81	100.00	9.68	13.14	517	1183	156	9	0	0	0	0	1865	153.18	4.34	1.98	8.20	7.89	8.99	9.21	1.95	33.84	9.98
9/20/2019 10:34:42 AM	1.33	1.15	0.19	0.63	0.00	0.00	0.00	0.52	3.29	100.00	9.79	12.93	704	1153	84	19	0	0	0	0	1959	152.43	4.93	2.21	8.72	8.55	9.94	10.61	1.96	33.81	9.98
9/20/2019 10:34:44 AM	1.01	1.41	0.61	0.11	0.00	0.00	0.00	0.52	3.14	100.00	9.91	12.88	535	1415	274	3	0	0	0	0	2227	151.79	4.68	2.12	9.04	8.38	9.56	9.94	1.97	33.79	10.00
9/20/2019 10:34:46 AM	0.96	1.28	0.41	0.32	0.00	0.00	0.00	0.49	2.97	100.00	10.01	12.79	510	1282	183	10	0	0	0	0	1984	149.80	4.55	2.14	8.67	7.95	9.44	9.42	1.98	33.74	9.98
9/20/2019 10:34:49 AM	1.02	1.27	0.42	0.26	0.00	0.00	0.00	0.51	2.97	100.00	10.14	12.79	543	1270	189	8	0	0	0	0	2010	153.00	4.49	2.07	8.57	8.11	9.28	9.57	1.99	33.72	9.97
9/20/2019 10:34:51 AM	1.00	1.08	0.09	0.51	0.00	0.00	0.00	0.51	2.67	100.00	10.25	12.86	528	1083	40	15	0	0	0	0	1666	152.92	4.20	1.98	7.93	7.77	8.98	8.90	2.00	33.72	9.98
9/20/2019 10:34:54 AM	1.38	1.27	0.29	0.42	0.00	0.00	0.00	0.49	3.36	100.00	10.34	12.78	732	1273	132	12	0	0	0	0	2150	153.65	4.71	2.23	8.96	8.35	9.84	10.34	2.01	33.67	9.98
9/20/2019 10:34:56 AM	3.31	3.37	1.91	0.00	0.00	0.00	0.00	0.08	8.59	100.00	10.49	12.73	1753	3370	860	0	0	0	0	0	5983	149.69	8.72	4.10	18.95	10.13	18.97	17.86	2.03	33.65	9.99
9/20/2019 10:34:58 AM	7.83	44.92	12.44	0.00	0.00	0.00	0.00	0.00	65.18	6.83	10.51	12.69	4149	44916	5598	0	0	0	0	0	54663	9.58	60.09	32.95	208.25	16.40	175.53	96.97	2.03	33.59	9.98
