Date/Time	Green Algae	Bluegreen	Diatoms	Cryptophyta	#5	#6	#7	Yellow substances	Total conc.	Transmission	Depth	Temp. Sample	Green Algae	Bluegreen	Diatoms	Cryptophyta	#5	#6	#7	Yellow substances	Total cell count	Trans. 700 nm	LED 3 [525 nm]	LED 4 [570 nm]	LED 5 [610 nm]	LED 6 [370 nm]	LED 7 [590 nm]	LED 8 [470 nm]	Pressure	Temp. LEDs	Temp. Sensor
date	µg/l	µg/l	µg/l	µg/l	µg/l	µg/l	µg/l	r.u.	µg/l	%	m	°C	cells/ml	cells/ml	cells/ml	cells/ml	cells/ml	cells/ml	cells/ml	r.u.	cells/ml	digits	digits	digits	digits	digits	digits	digits	bar	°C	°C
6/28/2019 10:09:33 AM	0.19	0.32	0.75	0.00	0.00	0.00	0.00	0.09	1.26	90.31	0.34	25.78	100	323	336	0	0	0	0	0	760	157.41	2.80	1.16	4.23	2.63	4.38	4.30	1.03	42.17	13.28
6/28/2019 10:09:36 AM	0.00	0.35	0.72	0.00	0.00	0.00	0.00	0.19	1.07	100.00	0.36	26.35	0	353	324	0	0	0	0	0	677	176.78	3.24	0.70	3.84	3.44	4.82	4.23	1.03	42.25	13.24
6/28/2019 10:09:38 AM	0.92	0.42	0.20	0.02	0.00	0.00	0.00	0.18	1.55	100.00	0.45	26.47	487	418	88	1	0	0	0	0	994	176.67	2.27	0.61	4.01	3.72	5.87	5.05	1.04	42.32	13.25
6/28/2019 10:09:40 AM	0.86	0.13	0.42	0.00	0.00	0.00	0.00	0.10	1.42	100.00	0.53	26.39	458	134	188	0	0	0	0	0	780	176.55	2.23	0.92	3.12	2.94	4.33	5.01	1.05	42.38	13.34
6/28/2019 10:09:43 AM	0.37	0.00	0.00	0.67	0.00	0.00	0.00	0.15	1.04	100.00	0.60	26.28	195	0	0	20	0	0	0	0	215	176.11	3.04	1.09	2.96	3.16	5.98	4.92	1.06	42.43	13.29
6/28/2019 10:09:45 AM	0.90	0.15	0.08	0.16	0.00	0.00	0.00	0.18	1.29	100.00	0.68	26.22	479	154	35	5	0	0	0	0	672	174.88	2.15	1.61	3.45	3.63	4.51	5.06	1.07	42.53	13.26
6/28/2019 10:09:48 AM	0.70	0.34	0.36	0.01	0.00	0.00	0.00	0.20	1.40	100.00	0.76	26.24	368	343	160	0	0	0	0	0	872	176.71	2.44	1.27	3.91	3.88	5.09	5.17	1.07	42.57	13.34
6/28/2019 10:09:50 AM	0.96	0.04	0.00	0.45	0.00	0.00	0.00	0.10	1.45	100.00	0.82	26.16	510	40	0	13	0	0	0	0	563	176.58	2.52	1.15	3.14	3.12	5.64	5.45	1.08	42.64	13.33
6/28/2019 10:09:52 AM	1.42	0.36	0.00	0.00	0.00	0.00	0.00	0.15	1.79	100.00	0.85	25.98	755	363	0	0	0	0	0	0	1118	176.30	1.15	1.44	4.21	3.91	5.42	5.53	1.08	42.73	13.30
6/28/2019 10:09:55 AM	0.13	0.36	0.64	0.00	0.00	0.00	0.00	0.19	1.12	100.00	0.93	25.98	66	359	287	0	0	0	0	0	713	176.12	2.75	1.24	3.85	3.41	4.87	4.44	1.09	42.79	13.32
6/28/2019 10:09:57 AM	0.32	0.21	0.58	0.07	0.00	0.00	0.00	0.17	1.19	100.00	0.98	26.06	170	212	262	2	0	0	0	0	647	175.93	2.80	1.16	3.33	3.44	4.78	4.97	1.10	42.85	13.34
6/28/2019 10:09:59 AM	1.41	0.06	0.00	0.42	0.00	0.00	0.00	0.09	1.89	100.00	1.09	25.99	746	62	0	13	0	0	0	0	820	176.41	2.36	1.73	3.40	3.72	6.13	6.74	1.11	42.92	13.32
6/28/2019 10:10:02 AM	1.05	0.10	0.00	0.23	0.00	0.00	0.00	0.13	1.37	100.00	1.10	26.00	555	98	0	7	0	0	0	0	660	175.10	2.09	1.29	3.23	3.27	4.80	5.07	1.11	43.00	13.32
6/28/2019 10:10:04 AM	0.74	0.30	0.19	0.00	0.00	0.00	0.00	0.22	1.22	100.00	1.09	26.01	391	300	84	0	0	0	0	0	775	175.90	2.07	0.94	3.51	3.78	4.85	4.65	1.11	43.06	13.35
6/28/2019 10:10:07 AM	0.88	0.21	0.26	0.19	0.00	0.00	0.00	0.16	1.54	100.00	1.14	26.00	465	211	119	6	0	0	0	0	801	175.84	2.69	1.10	3.67	3.70	5.44	5.72	1.11	43.10	13.40
6/28/2019 10:10:09 AM	0.68	0.12	0.19	0.16	0.00	0.00	0.00	0.21	1.15	100.00	1.14	26.01	362	121	84	5	0	0	0	0	572	175.35	2.36	0.76	2.91	3.68	4.83	5.00	1.11	43.16	13.41
6/28/2019 10:10:11 AM	1.15	0.09	0.00	0.00	0.00	0.00	0.00	0.17	1.24	99.84	1.11	26.00	609	95	0	0	0	0	0	0	704	174.01	1.51	0.24	3.14	3.35	3.75	4.64	1.11	43.24	13.40
6/28/2019 10:10:14 AM	0.68	0.08	0.00	0.52	0.00	0.00	0.00	0.17	1.27	100.00	1.26	26.01	358	76	0	16	0	0	0	0	450	175.60	2.70	1.32	3.19	3.57	5.97	5.41	1.12	43.31	13.39
6/28/2019 10:10:16 AM	1.32	0.02	0.00	0.43	0.00	0.00	0.00	0.08	1.77	100.00	1.21	26.02	701	18	0	13	0	0	0	0	732	175.57	2.65	1.78	3.62	3.43	5.33	6.39	1.12	43.36	13.41
6/28/2019 10:10:18 AM	0.35	0.08	0.17	0.59	0.00	0.00	0.00	0.20	1.20	100.00	1.37	25.91	186	83	78	18	0	0	0	0	364	175.89	3.43	1.70	3.62	3.90	5.83	5.74	1.13	43.44	13.38
6/28/2019 10:10:21 AM	1.02	0.20	0.00	0.14	0.00	0.00	0.00	0.24	1.36	100.00	1.28	25.89	542	195	0	4	0	0	0	0	741	174.87	2.17	1.06	3.39	4.27	5.03	5.51	1.13	43.51	13.40
6/28/2019 10:10:23 AM	1.72	0.20	0.07	0.00	0.00	0.00	0.00	0.04	2.00	100.00	1.31	25.94	913	200	32	0	0	0	0	0	1145	174.90	1.83	0.90	3.73	3.06	4.97	5.83	1.13	43.56	13.42
6/28/2019 10:10:26 AM	0.50	0.12	0.07	0.48	0.00	0.00	0.00	0.22	1.17	100.00	1.40	25.97	266	115	30	15	0	0	0	0	426	175.06	2.98	1.91	3.69	3.97	5.36	5.45	1.14	43.60	13.46
6/28/2019 10:10:28 AM	0.87	0.00	0.00	0.59	0.00	0.00	0.00	0.19	1.45	100.00	1.47	25.98	460	0	0	18	0	0	0	0	477	175.26	3.22	1.28	3.30	4.11	5.91	6.49	1.14	43.70	13.42
6/28/2019 10:10:30 AM	1.42	0.18	0.28	0.16	0.00	0.00	0.00	0.07	2.03	100.00	1.50	25.96	751	182	125	5	0	0	0	0	1064	174.54	2.73	0.53	3.67	3.54	5.93	6.68	1.15	43.70	13.47
6/28/2019 10:10:33 AM	1.16	0.19	0.00	0.43	0.00	0.00	0.00	0.18	1.78	100.00	1.69	25.94	615	187	0	13	0	0	0	0	814	175.13	2.98	1.85	4.28	4.31	6.02	6.71	1.17	43.78	13.48
6/28/2019 10:10:35 AM	0.92	0.20	0.13	0.71	0.00	0.00	0.00	0.22	1.96	100.00	1.76	25.95	489	202	59	21	0	0	0	0	771	175.70	4.14	2.50	5.05	5.12	6.96	8.07	1.17	43.88	13.44
6/28/2019 10:10:38 AM	0.85	0.19	0.41	0.12	0.00	0.00	0.00	0.20	1.57	100.00	1.71	25.95	452	186	185	4	0	0	0	0	826	174.76	2.88	1.13	3.57	4.19	5.17	6.28	1.17	43.87	13.49
6/28/2019 10:10:40 AM	1.71	0.00	0.00	0.16	0.00	0.00	0.00	0.12	1.87	99.83	1.76	25.96	909	0	0	5	0	0	0	0	913	173.99	2.13	0.53	2.81	3.84	5.14	6.75	1.17	43.97	13.45
6/28/2019 10:10:42 AM	1.23	0.08	0.09	0.33	0.00	0.00	0.00	0.14	1.74	99.85	1.84	25.95	654	81	42	10	0	0	0	0	787	174.03	2.76	1.52	3.67	3.91	5.33	6.56	1.18	44.03	13.47
6/28/2019 10:10:45 AM	1.36	0.17	0.00	0.53	0.00	0.00	0.00	0.14	2.07	100.00	2.00	25.90	721	173	0	16	0	0	0	0	910	175.35	3.21	1.92	4.46	4.36	6.66	7.48	1.20	44.06	13.49
6/28/2019 10:10:47 AM	0.83	0.22	0.69	0.12	0.00	0.00	0.00	0.15	1.87	100.00	2.05	25.88	442	220	313	4	0	0	0	0	978	174.91	3.46	1.33	3.99	4.22	5.54	7.14	1.20	44.15	13.46
6/28/2019 10:10:49 AM	0.84	0.20	0.00	0.72	0.00	0.00	0.00	0.25	1.76	100.00	2.11	25.87	444	202	0	21	0	0	0	0	668	175.05	3.89	1.99	4.69	5.06	7.09	7.48	1.21	44.17	13.54
6/28/2019 10:10:52 AM	0.66	0.00	0.34	0.54	0.00	0.00	0.00	0.20	1.55	100.00	2.14	25.84	349	0	154	16	0	0	0	0	520	175.00	3.76	2.15	3.63	4.46	5.52	7.25	1.21	44.28	13.51
6/28/2019 10:10:54 AM	1.05	0.42	0.69	0.00	0.00	0.00	0.00	0.17	2.16	100.00	2.16	25.83	554	422	312	0	0	0	0	0	1289	174.86	3.42	1.62	4.91	4.67	5.98	7.52	1.21	44.32	13.53
6/28/2019 10:10:57 AM	1.46	0.24	0.01	0.26	0.00	0.00	0.00	0.16	1.97	100.00	2.22	25.80	771	243	5	8	0	0	0	0	1028	174.34	2.68	1.41	4.29	4.30	5.95	6.83	1.22	44.37	13.51
6/28/2019 10:10:59 AM	0.58	0.17	0.32	0.62	0.00	0.00	0.00	0.23	1.69	100.00	2.37	25.80	309	168	142	19	0	0	0	0	638	175.58	4.12	1.96	4.44	4.82	6.64	7.45	1.23	44.41	13.56
6/28/2019 10:11:01 AM	1.22	0.32	0.38	0.02	0.00	0.00	0.00	0.23	1.95	100.00	2.34	25.79	646	325	173	1	0	0	0	0	1144	174.83	2.93	1.08	4.22	4.91	5.72	7.21	1.23	44.46	13.55
6/28/2019 10:11:04 AM	0.94	0.18	0.70	0.08	0.00	0.00	0.00	0.15	1.90	100.00	2.45	25.78	499	184	313	2	0	0	0	0	998	174.49	3.37	1.07	3.76	4.24	5.42	7.26	1.24	44.51	13.56
6/28/2019 10:11:06 AM	0.88	0.19	0.26	0.33	0.00	0.00	0.00	0.25	1.67	100.00	2.51	25.76	466	191	119	10	0	0	0	0	786	174.82	3.36	1.37	3.98	4.87	5.95	7.08	1.25	44.57	13.59
6/28/2019 10:11:09 AM	1.15	0.03	0.23	0.48	0.00	0.00	0.00	0.10	1.90	100.00	2.59	25.72	610	33	105	14	0	0	0	0	762	174.36	3.37	2.06	4.00	3.90	5.60	7.27	1.25	44.63	13.58
6/28/2019 10:11:11 AM	0.86	0.01	0.00	0.72	0.00	0.00	0.00	0.21	1.59	100.00	2.65	25.71	455	10	0	22	0	0	0	0	486	174.38	3.51	1.92	3.70	4.59	6.45	7.22	1.26	44.66	13.61
6/28/2019 10:11:13 AM	0.94	0.04	0.02	0.64	0.00	0.00	0.00	0.24	1.63	100.00	2.69	25.69	497	38	7	19	0	0	0	0	562	174.52	3.58	2.23	4.07	4.90	5.89	7.41	1.26	44.71	13.61
6/28/2019 10:11:16 AM	1.32	0.05	0.00	0.51	0.00	0.00	0.00	0.15	1.87	100.00	2.78	25.67	698	50	0	15	0	0	0	0	763	174.48	3.09	2.01	3.99	4.30	5.78	7.29	1.27	44.80	13.58
6/28/2019 10:11:18 AM	1.11	0.14	0.22	0.38	0.00	0.00	0.00	0.17	1.85	99.97	2.83	25.65	588	140	98	12	0	0	0	0	837	174.25	3.29	1.45	4.01	4.35	5.99	7.18	1.28	44.82	13.59
6/28/2019 10:11:20 AM	1.23	0.10	0.13	0.42	0.00	0.00	0.00	0.19	1.88	99.88	2.91	25.64	653	96	60	13	0	0	0	0	821	174.08	3.30	1.88	4.10	4.71	5.75	7.59	1.29	44.87	13.60
6/28/2019 10:11:23 AM	0.52	0.17	0.54	0.44	0.00	0.00	0.00	0.25	1.67	99.75	2.98	25.64	275	166	244	13	0	0	0	0	699	173.86	4.14	1.89	4.24	5.08	6.10	7.67	1.29	44.90	13.66
6/28/2019 10:11:25 AM	1.20	0.10	0.26	0.51	0.00	0.00	0.00	0.18	2.08	99.78	3.03	25.60	635	105	117	15	0	0	0	0	872	173.91	3.84	2.03	4.43	4.92	6.25	8.33	1.30	44.99	13.61
6/28/2019 10:11:28 AM	1.18	0.15	0.16	0.51	0.00	0.00	0.00	0.22	2.00	99.62	3.08	25.56	626	153	74	15	0	0	0	0	867	173.62	3.73	1.76	4.42	5.16	6.49	8.16	1.30	45.03	13.66
6/28/2019 10:11:30 AM	1.62	0.15	0.16	0.31	0.00	0.00	0.00	0.15	2.24	99.36	3.15	25.51	858	152	73	9	0	0	0	0	1091	173.18	3.18	1.47	4.27	4.65	6.06	8.08	1.31	45.09	13.62
6/28/2019 10:11:32 AM	1.03	0.25	0.60	0.27	0.00	0.00	0.00	0.18	2.15	99.68	3.21	25.42	548	252	268	8	0	0	0	0	1077	173.73	3.94	1.47	4.54	4.96	6.42	8.28	1.31	45.12	13.64
6/28/2019 10:11:35 AM	1.45	0.24	0.53	0.14	0.00	0.00	0.00	0.18	2.36	99.27	3.18	25.37	768	243	238	4	0	0	0	0	1254	173.03	3.58	1.35	4.48	5.14	6.10	8.69	1.31	45.14	13.68
6/28/2019 10:11:37 AM	0.89	0.28	0.60	0.27	0.00	0.00	0.00	0.24	2.05	99.17	3.30	25.32	474	277	272	8	0	0	0	0	1031	172.84	4.07	1.49	4.58	5.43	6.48	8.39	1.32	45.21	13.67
6/28/2019 10:11:39 AM	1.46	0.08	0.26	0.55	0.00	0.00	0.00	0.23	2.35	99.21	3.43	25.23	774	80	119	16	0	0	0	0	989	172.92	4.19	2.20	4.67	5.78	6.47	9.67	1.34	45.23	13.70
6/28/2019 10:11:42 AM	1.19	0.10	0.03	0.68	0.00	0.00	0.00	0.23	2.00	99.21	3.46	25.22	630	101	12	21	0	0	0	0	764	172.92	3.94	2.23	4.61	5.32	6.65	8.43	1.34	45.30	13.71
6/28/2019 10:11:44 AM	1.54	0.30	0.85	0.00	0.00	0.00	0.00	0.14	2.69	99.01	3.50	25.23	814	302	383	0	0	0	0	0	1499	172.57	3.97	0.75	4.75	5.19	6.37	9.47	1.34	45.36	13.66
6/28/2019 10:11:47 AM	1.08	0.18	0.38	0.36	0.00	0.00	0.00	0.28	2.00	99.03	3.60	25.19	574	179	171	11	0	0	0	0	935	172.61	3.93	1.55	4.31	5.79	6.29	8.66	1.35	45.39	13.70
6/28/2019 10:11:49 AM	1.66	0.13	0.29	0.38	0.00	0.00	0.00	0.22	2.46	98.62	3.71	25.14	879	128	128	12	0	0	0	0	1147	171.89	3.92	1.54	4.50	5.80	6.53	9.68	1.36	45.44	13.72
6/28/2019 10:11:51 AM	1.32	0.22	0.57	0.50	0.00	0.00	0.00	0.19	2.61	98.53	3.78	25.13	700	218	257	15	0	0	0	0	1191	171.73	4.74	2.13	5.28	5.73	7.22	10.12	1.37	45.46	13.73
6/28/2019 10:11:54 AM	1.09	0.00	0.33	0.78	0.00	0.00	0.00	0.23	2.21	98.32	3.85	25.13	580	0	149	23	0	0	0	0	753	171.37	4.79	2.56	4.45	5.74	6.89	9.88	1.38	45.51	13.71
6/28/2019 10:11:56 AM	1.37	0.13	0.48	0.44	0.00	0.00	0.00	0.20	2.42	98.60	3.92	25.08	725	132	216	13	0	0	0	0	1087	171.85	4.33	1.91	4.69	5.64	6.58	9.71	1.38	45.54	13.75
6/28/2019 10:11:59 AM	1.49	0.28	0.55	0.22	0.00	0.00	0.00	0.18	2.54	98.55	4.03	25.01	789	281	247	7	0	0	0	0	1324	171.76	3.95	1.65	4.96	5.41	6.60	9.30	1.39	45.60	13.74
6/28/2019 10:12:01 AM	1.26	0.41	0.59	0.09	0.00	0.00	0.00	0.31	2.35	98.92	4.05	24.96	667	414	267	3	0	0	0	0	1351	172.42	3.97	1.32	5.04	6.40	6.71	9.28	1.40	45.64	13.74
6/28/2019 10:12:03 AM	0.95	0.16	0.46	0.50	0.00	0.00	0.00	0.26	2.07	98.99	4.17	24.92	501	156	208	15	0	0	0	0	881	172.53	4.40	1.91	4.58	5.69	6.62	8.99	1.41	45.68	13.76
6/28/2019 10:12:06 AM	0.85	0.14	0.56	0.46	0.00	0.00	0.00	0.29	2.01	99.16	4.21	24.85	449	143	252	14	0	0	0	0	858	172.82	4.55	1.33	4.23	5.95	6.76	9.17	1.41	45.69	13.78
6/28/2019 10:12:08 AM	0.80	0.37	1.21	0.00	0.00	0.00	0.00	0.21	2.38	99.23	4.28	24.84	424	374	544	0	0	0	0	0	1342	172.94	4.64	1.25	5.16	5.61	6.10	9.32	1.42	45.76	13.76
6/28/2019 10:12:10 AM	1.75	0.00	0.06	0.62	0.00	0.00	0.00	0.21	2.42	99.06	4.35	24.85	925	0	27	19	0	0	0	0	971	172.65	4.00	2.15	4.49	5.78	6.46	9.89	1.43	45.81	13.77
6/28/2019 10:12:13 AM	1.43	0.12	0.22	0.54	0.00	0.00	0.00	0.23	2.31	98.93	4.44	24.83	757	120	100	16	0	0	0	0	994	172.43	4.16	1.39	4.46	5.74	7.04	9.43	1.44	45.83	13.80
6/28/2019 10:12:15 AM	1.05	0.29	0.59	0.28	0.00	0.00	0.00	0.28	2.21	99.40	4.49	24.77	556	285	266	8	0	0	0	0	1115	173.24	4.24	1.67	4.81	5.99	6.60	9.13	1.44	45.86	13.80
6/28/2019 10:12:18 AM	1.08	0.37	0.75	0.26	0.00	0.00	0.00	0.26	2.45	98.99	4.59	24.72	572	366	337	8	0	0	0	0	1282	172.53	4.55	2.15	5.44	6.13	6.82	9.69	1.45	45.89	13.82
6/28/2019 10:12:20 AM	1.32	0.14	0.49	0.47	0.00	0.00	0.00	0.22	2.41	99.39	4.66	24.65	698	140	219	14	0	0	0	0	1071	173.23	4.46	1.64	4.63	5.78	6.87	9.80	1.46	45.92	13.82
6/28/2019 10:12:22 AM	0.82	0.22	0.97	0.36	0.00	0.00	0.00	0.23	2.37	98.85	4.71	24.66	437	219	436	11	0	0	0	0	1103	172.29	5.07	2.13	4.98	5.96	6.65	10.04	1.46	45.95	13.82
6/28/2019 10:12:25 AM	0.69	0.25	1.02	0.20	0.00	0.00	0.00	0.25	2.16	99.28	4.73	24.69	365	247	460	6	0	0	0	0	1079	173.03	4.72	1.62	4.57	5.80	6.30	9.33	1.46	46.00	13.84
6/28/2019 10:12:27 AM	1.23	0.25	0.75	0.26	0.00	0.00	0.00	0.20	2.50	99.13	4.80	24.67	651	250	339	8	0	0	0	0	1248	172.78	4.45	1.42	4.79	5.62	6.81	9.67	1.47	46.03	13.84
6/28/2019 10:12:29 AM	1.46	0.28	0.63	0.19	0.00	0.00	0.00	0.23	2.55	99.24	4.84	24.59	772	276	281	6	0	0	0	0	1335	172.97	4.14	1.71	4.96	5.98	6.48	9.81	1.47	46.06	13.85
6/28/2019 10:12:32 AM	0.45	0.45	1.44	0.01	0.00	0.00	0.00	0.29	2.35	99.50	4.86	24.56	236	451	646	0	0	0	0	0	1334	173.41	5.22	1.84	5.33	6.35	6.60	9.88	1.48	46.10	13.85
6/28/2019 10:12:34 AM	1.21	0.16	0.32	0.66	0.00	0.00	0.00	0.26	2.34	99.27	4.94	24.53	640	156	144	20	0	0	0	0	960	173.03	4.74	1.62	4.82	6.11	7.59	9.91	1.48	46.14	13.85
6/28/2019 10:12:37 AM	1.48	0.13	0.44	0.54	0.00	0.00	0.00	0.25	2.59	99.13	5.01	24.38	784	128	199	16	0	0	0	0	1127	172.78	4.72	2.29	5.07	6.40	6.90	10.71	1.49	46.15	13.86
6/28/2019 10:12:39 AM	0.79	0.27	0.95	0.39	0.00	0.00	0.00	0.29	2.40	99.12	5.00	24.28	419	268	426	12	0	0	0	0	1124	172.76	5.30	1.85	5.11	6.53	7.18	10.44	1.49	46.19	13.87
6/28/2019 10:12:41 AM	1.26	0.28	0.86	0.32	0.00	0.00	0.00	0.24	2.71	99.13	5.06	24.33	665	277	387	10	0	0	0	0	1340	172.79	5.02	1.96	5.34	6.45	7.10	10.87	1.50	46.22	13.87
6/28/2019 10:12:44 AM	1.37	0.28	0.86	0.28	0.00	0.00	0.00	0.23	2.79	99.39	5.15	24.33	725	276	386	8	0	0	0	0	1396	173.23	4.93	2.08	5.40	6.44	6.94	10.98	1.50	46.23	13.89
6/28/2019 10:12:46 AM	1.18	0.03	0.57	0.73	0.00	0.00	0.00	0.23	2.51	99.11	5.24	24.23	626	33	255	22	0	0	0	0	936	172.73	5.31	2.36	4.91	6.21	7.19	10.92	1.51	46.27	13.91
6/28/2019 10:12:49 AM	0.89	0.47	1.38	0.07	0.00	0.00	0.00	0.27	2.80	98.99	5.29	24.12	471	465	621	2	0	0	0	0	1559	172.53	5.49	1.78	5.75	6.81	7.27	11.15	1.52	46.30	13.91
6/28/2019 10:12:51 AM	1.55	0.12	0.63	0.74	0.00	0.00	0.00	0.23	3.04	98.90	5.37	24.00	819	122	283	22	0	0	0	0	1246	172.38	5.81	2.27	5.60	6.97	8.14	12.49	1.53	46.33	13.90
6/28/2019 10:12:53 AM	0.94	0.53	2.02	0.00	0.00	0.00	0.00	0.31	3.49	98.55	5.43	23.79	498	531	908	0	0	0	0	0	1937	171.77	7.02	1.92	6.76	8.27	7.89	14.14	1.53	46.34	13.92
6/28/2019 10:12:56 AM	1.33	0.38	1.82	0.17	0.00	0.00	0.00	0.21	3.70	98.43	5.51	23.80	703	383	819	5	0	0	0	0	1910	171.55	6.90	2.26	6.47	7.69	8.04	14.44	1.54	46.37	13.92
6/28/2019 10:12:58 AM	1.38	0.36	1.87	0.39	0.00	0.00	0.00	0.31	4.00	98.46	5.59	23.60	732	355	844	12	0	0	0	0	1943	171.61	7.97	2.54	6.97	9.20	8.98	16.57	1.55	46.41	13.93
6/28/2019 10:13:00 AM	1.52	0.44	1.83	0.18	0.00	0.00	0.00	0.34	3.97	98.45	5.66	23.46	805	435	824	5	0	0	0	0	2070	171.60	7.47	2.25	6.91	9.37	8.65	16.22	1.55	46.40	13.96
6/28/2019 10:13:03 AM	1.96	0.37	1.55	0.59	0.00	0.00	0.00	0.24	4.47	98.03	5.75	23.44	1040	369	698	18	0	0	0	0	2125	170.86	7.98	3.00	7.73	9.12	9.79	17.33	1.56	46.43	13.93
6/28/2019 10:13:05 AM	1.23	0.21	1.77	0.72	0.00	0.00	0.00	0.34	3.94	98.24	5.82	23.31	653	212	797	22	0	0	0	0	1684	171.23	8.63	3.18	7.04	9.61	9.27	17.31	1.57	46.47	13.95
6/28/2019 10:13:08 AM	1.44	0.56	2.07	0.36	0.00	0.00	0.00	0.37	4.43	98.07	5.89	22.85	761	564	934	11	0	0	0	0	2269	170.92	8.73	2.85	8.14	10.38	10.03	18.08	1.58	46.47	13.97
6/28/2019 10:13:10 AM	1.12	0.49	2.14	0.55	0.00	0.00	0.00	0.40	4.30	98.23	5.97	22.47	593	487	965	16	0	0	0	0	2061	171.20	9.33	3.03	8.06	10.65	10.29	18.44	1.58	46.50	13.98
6/28/2019 10:13:12 AM	0.89	0.48	2.49	0.47	0.00	0.00	0.00	0.45	4.34	97.90	6.04	22.22	472	483	1121	14	0	0	0	0	2090	170.63	9.92	2.84	7.96	11.25	10.32	19.27	1.59	46.52	13.97
6/28/2019 10:13:15 AM	0.37	0.69	2.54	0.54	0.00	0.00	0.00	0.44	4.14	97.81	6.12	21.45	196	692	1143	16	0	0	0	0	2047	170.48	10.04	3.55	8.85	10.78	10.76	18.09	1.60	46.53	13.99
6/28/2019 10:13:17 AM	0.57	0.79	2.11	0.67	0.00	0.00	0.00	0.50	4.15	98.11	6.21	20.31	305	791	952	20	0	0	0	0	2068	170.99	9.81	3.47	9.28	11.29	11.58	17.99	1.61	46.54	13.99
6/28/2019 10:13:20 AM	0.32	0.52	1.62	1.28	0.00	0.00	0.00	0.41	3.74	98.03	6.30	20.07	170	518	729	38	0	0	0	0	1456	170.86	9.90	4.20	8.88	10.01	11.78	16.85	1.62	46.57	13.99
6/28/2019 10:13:22 AM	0.00	0.81	2.26	0.71	0.00	0.00	0.00	0.52	3.78	98.07	6.38	20.19	0	810	1015	21	0	0	0	0	1846	170.93	10.09	3.77	9.24	11.03	11.34	17.07	1.62	46.55	13.99
6/28/2019 10:13:24 AM	0.00	0.66	1.99	0.87	0.00	0.00	0.00	0.49	3.52	98.10	6.45	20.43	0	657	897	26	0	0	0	0	1581	170.98	9.94	3.36	8.53	10.47	11.17	16.24	1.63	46.59	13.99
6/28/2019 10:13:27 AM	0.00	0.43	1.40	1.23	0.00	0.00	0.00	0.54	3.07	97.83	6.52	19.72	0	429	631	37	0	0	0	0	1098	170.51	10.10	3.58	7.92	10.52	10.78	15.24	1.64	46.59	14.01
6/28/2019 10:13:29 AM	0.00	0.29	0.95	1.53	0.00	0.00	0.00	0.55	2.77	98.21	6.56	19.07	0	289	428	46	0	0	0	0	763	171.18	10.12	3.58	7.54	10.37	10.86	14.52	1.64	46.59	14.00
6/28/2019 10:13:31 AM	0.00	0.44	1.05	1.49	0.00	0.00	0.00	0.53	2.99	97.89	6.63	19.09	0	440	474	45	0	0	0	0	958	170.62	10.35	4.07	8.38	10.33	11.19	14.58	1.65	46.61	13.99
6/28/2019 10:13:34 AM	0.00	0.30	0.92	1.66	0.00	0.00	0.00	0.46	2.89	98.01	6.68	19.04	0	305	414	50	0	0	0	0	769	170.83	9.82	4.13	7.94	9.54	11.24	14.43	1.65	46.59	14.01
6/28/2019 10:13:36 AM	0.00	0.09	0.44	2.15	0.00	0.00	0.00	0.53	2.68	97.40	6.75	19.15	0	90	197	65	0	0	0	0	352	169.76	11.38	4.63	7.93	10.32	11.27	14.24	1.66	46.59	14.04
6/28/2019 10:13:39 AM	0.00	0.07	0.29	2.33	0.00	0.00	0.00	0.52	2.69	97.71	6.83	18.83	0	71	132	70	0	0	0	0	272	170.30	11.61	4.54	8.01	10.32	11.85	14.30	1.67	46.59	14.04
6/28/2019 10:13:41 AM	0.00	0.38	0.99	1.72	0.00	0.00	0.00	0.45	3.09	97.64	6.91	18.56	0	385	444	51	0	0	0	0	881	170.18	11.78	4.59	8.85	10.01	11.13	13.96	1.68	46.59	14.03
6/28/2019 10:13:43 AM	0.00	0.22	0.51	2.11	0.00	0.00	0.00	0.51	2.84	97.37	6.97	18.65	0	220	229	63	0	0	0	0	512	169.71	11.87	4.65	8.51	10.39	11.62	14.06	1.68	46.57	14.03
6/28/2019 10:13:46 AM	0.00	0.01	0.17	2.59	0.00	0.00	0.00	0.48	2.76	96.92	7.07	17.76	0	5	76	78	0	0	0	0	159	168.93	12.93	5.22	8.51	10.26	11.81	13.91	1.69	46.57	14.06
6/28/2019 10:13:48 AM	0.00	0.10	0.00	2.63	0.00	0.00	0.00	0.54	2.72	96.83	7.16	16.39	0	96	0	79	0	0	0	0	174	168.77	13.02	5.45	8.73	10.91	12.30	13.75	1.70	46.58	14.05
6/28/2019 10:13:50 AM	0.00	0.00	0.01	2.85	0.00	0.00	0.00	0.46	2.86	96.88	7.23	16.69	0	1	2	86	0	0	0	0	89	168.86	13.63	5.31	8.90	10.37	12.69	14.11	1.71	46.55	14.05
6/28/2019 10:13:53 AM	0.00	0.00	0.00	2.81	0.00	0.00	0.00	0.49	2.81	96.85	7.32	17.01	0	0	0	84	0	0	0	0	84	168.80	13.74	5.82	8.88	10.61	12.22	13.90	1.72	46.53	14.08
6/28/2019 10:13:55 AM	0.00	0.06	0.00	2.92	0.00	0.00	0.00	0.43	2.97	96.57	7.39	16.49	0	56	0	87	0	0	0	0	144	168.32	14.67	6.60	8.82	10.79	13.20	13.02	1.72	46.54	14.06
6/28/2019 10:13:58 AM	0.00	0.11	0.00	2.90	0.00	0.00	0.00	0.48	3.01	96.28	7.46	15.80	0	111	0	87	0	0	0	0	198	167.81	14.93	6.62	9.29	11.23	13.14	13.38	1.73	46.50	14.08
6/28/2019 10:14:00 AM	0.00	0.03	0.00	3.14	0.00	0.00	0.00	0.35	3.17	96.35	7.54	15.36	0	29	0	94	0	0	0	0	124	167.94	15.75	7.33	9.35	10.51	13.53	12.90	1.74	46.48	14.06
6/28/2019 10:14:02 AM	0.00	0.02	0.00	3.25	0.00	0.00	0.00	0.30	3.27	96.35	7.63	14.89	0	15	0	98	0	0	0	0	113	167.93	16.42	7.29	9.41	10.35	13.97	12.71	1.75	46.44	14.05
6/28/2019 10:14:05 AM	0.00	0.04	0.00	3.37	0.00	0.00	0.00	0.29	3.42	96.05	7.71	15.01	0	43	0	101	0	0	0	0	145	167.41	16.86	7.57	9.77	10.46	14.57	13.02	1.76	46.41	14.05
6/28/2019 10:14:07 AM	0.00	0.00	0.00	3.54	0.00	0.00	0.00	0.26	3.54	95.93	7.80	15.27	0	0	0	106	0	0	0	0	106	167.20	17.90	8.05	10.17	10.60	14.62	13.25	1.76	46.41	14.08
6/28/2019 10:14:10 AM	0.00	0.00	0.00	3.54	0.00	0.00	0.00	0.23	3.54	95.71	7.85	14.98	0	5	0	106	0	0	0	0	111	166.82	17.98	8.06	9.96	10.44	14.79	12.73	1.77	46.37	14.07
6/28/2019 10:14:12 AM	0.00	0.05	0.00	3.62	0.00	0.00	0.00	0.21	3.67	95.86	7.91	15.20	0	47	0	109	0	0	0	0	155	167.08	18.33	8.36	10.44	10.41	15.12	12.87	1.78	46.33	14.07
6/28/2019 10:14:14 AM	0.00	0.01	0.00	3.74	0.00	0.00	0.00	0.19	3.75	95.60	7.97	15.35	0	9	0	112	0	0	0	0	121	166.63	18.97	8.50	10.20	10.56	15.72	12.80	1.78	46.29	14.06
6/28/2019 10:14:17 AM	0.00	0.06	0.00	3.76	0.00	0.00	0.00	0.19	3.82	95.65	8.06	15.36	0	62	0	113	0	0	0	0	175	166.72	19.31	8.64	10.54	10.73	15.87	12.77	1.79	46.28	14.08
6/28/2019 10:14:19 AM	0.00	0.08	0.00	3.78	0.00	0.00	0.00	0.16	3.86	95.83	8.14	15.30	0	76	0	113	0	0	0	0	189	167.04	19.21	9.05	10.65	10.44	15.93	12.57	1.80	46.22	14.07
6/28/2019 10:14:21 AM	0.00	0.13	0.00	3.77	0.00	0.00	0.00	0.20	3.90	95.29	8.22	15.32	0	134	0	113	0	0	0	0	247	166.09	19.53	9.46	10.83	11.04	16.11	12.61	1.81	46.20	14.06
6/28/2019 10:14:24 AM	0.00	0.07	0.00	3.93	0.00	0.00	0.00	0.15	3.99	95.17	8.29	15.44	0	66	0	118	0	0	0	0	184	165.88	20.04	9.11	10.94	10.71	16.42	12.93	1.81	46.15	14.06
6/28/2019 10:14:26 AM	0.00	0.04	0.00	4.03	0.00	0.00	0.00	0.13	4.07	95.25	8.37	15.51	0	38	0	121	0	0	0	0	158	166.02	20.39	9.50	11.09	10.70	16.55	13.06	1.82	46.10	14.06
6/28/2019 10:14:29 AM	0.00	0.06	0.00	4.07	0.00	0.00	0.00	0.10	4.13	95.33	8.46	15.24	0	57	0	122	0	0	0	0	179	166.16	20.86	9.70	11.12	10.70	16.83	12.68	1.83	46.08	14.08
6/28/2019 10:14:31 AM	0.00	0.00	0.00	4.18	0.00	0.00	0.00	0.09	4.18	95.31	8.53	15.03	0	1	0	125	0	0	0	0	126	166.13	21.03	9.94	11.12	10.72	17.01	13.09	1.84	46.02	14.07
6/28/2019 10:14:33 AM	0.00	0.07	0.00	4.17	0.00	0.00	0.00	0.07	4.25	95.19	8.59	14.86	0	72	0	125	0	0	0	0	198	165.91	21.52	10.03	11.46	10.67	17.12	12.59	1.84	45.98	14.06
6/28/2019 10:14:36 AM	0.00	0.17	0.00	4.16	0.00	0.00	0.00	0.11	4.34	95.12	8.66	14.24	0	172	0	125	0	0	0	0	297	165.79	21.79	9.95	12.02	11.11	17.43	12.94	1.85	45.93	14.06
6/28/2019 10:14:38 AM	0.00	0.08	0.00	4.31	0.00	0.00	0.00	0.03	4.38	95.12	8.74	13.01	0	78	0	129	0	0	0	0	207	165.80	22.27	10.65	11.65	10.79	17.60	12.45	1.86	45.88	14.06
6/28/2019 10:14:41 AM	0.00	0.11	0.00	4.46	0.00	0.00	0.00	0.00	4.57	95.02	8.81	12.09	0	113	0	134	0	0	0	0	246	165.62	23.74	11.19	12.04	10.73	18.27	12.18	1.86	45.82	14.07
6/28/2019 10:14:43 AM	0.00	0.03	0.00	4.51	0.00	0.00	0.00	0.00	4.54	94.87	8.87	11.79	0	26	0	135	0	0	0	0	162	165.35	23.94	11.22	11.53	10.66	18.35	12.22	1.87	45.75	14.08
6/28/2019 10:14:45 AM	0.00	0.24	0.00	4.57	0.00	0.00	0.00	0.00	4.82	94.62	8.94	11.81	0	245	0	137	0	0	0	0	382	164.92	25.26	12.10	12.92	10.98	18.98	11.99	1.88	45.69	14.06
6/28/2019 10:14:48 AM	0.00	0.17	0.00	4.70	0.00	0.00	0.00	0.00	4.87	94.45	9.00	11.99	0	171	0	141	0	0	0	0	312	164.62	25.84	12.34	12.81	11.10	19.19	12.33	1.88	45.62	14.06
6/28/2019 10:14:50 AM	0.00	0.09	0.00	4.71	0.00	0.00	0.00	0.00	4.80	94.62	9.08	12.54	0	88	0	141	0	0	0	0	229	164.92	25.88	12.27	12.31	11.00	19.04	12.27	1.89	45.56	14.03
6/28/2019 10:14:52 AM	0.00	0.21	0.00	4.65	0.00	0.00	0.00	0.00	4.85	94.61	9.15	13.02	0	206	0	139	0	0	0	0	345	164.91	26.02	12.79	12.67	10.73	19.25	11.86	1.90	45.48	14.06
6/28/2019 10:14:55 AM	0.00	0.18	0.00	4.70	0.00	0.00	0.00	0.00	4.88	94.64	9.22	13.08	0	180	0	141	0	0	0	0	321	164.96	26.22	12.57	12.57	11.22	19.42	11.93	1.90	45.43	14.04
6/28/2019 10:14:57 AM	0.00	0.15	0.00	4.75	0.00	0.00	0.00	0.00	4.89	94.72	9.30	13.08	0	146	0	142	0	0	0	0	288	165.10	26.49	12.47	12.56	10.95	19.48	12.17	1.91	45.35	14.03
6/28/2019 10:15:00 AM	0.00	0.11	0.00	4.78	0.00	0.00	0.00	0.00	4.89	94.73	9.41	12.90	0	108	0	143	0	0	0	0	251	165.11	26.63	12.61	12.47	10.80	19.44	12.29	1.92	45.27	14.04
6/28/2019 10:15:02 AM	0.00	0.19	0.00	4.85	0.00	0.00	0.00	0.00	5.05	94.59	9.50	11.91	0	192	0	146	0	0	0	0	338	164.87	27.68	13.39	13.03	10.89	19.89	12.13	1.93	45.21	14.02
6/28/2019 10:15:04 AM	0.00	0.00	0.00	5.25	0.00	0.00	0.00	0.00	5.25	94.82	9.61	11.24	0	0	0	158	0	0	0	0	158	165.26	30.74	14.63	12.69	10.95	20.85	12.34	1.94	45.13	14.01
6/28/2019 10:15:07 AM	0.00	0.00	0.00	5.28	0.00	0.00	0.00	0.00	5.28	94.82	9.69	10.96	0	0	0	158	0	0	0	0	158	165.28	30.85	14.66	13.20	11.07	20.59	12.49	1.95	45.05	13.99
6/28/2019 10:15:09 AM	0.00	0.00	0.00	5.26	0.00	0.00	0.00	0.00	5.26	95.08	9.83	11.39	0	0	0	158	0	0	0	0	158	165.71	30.76	14.51	12.85	11.03	20.60	12.58	1.96	44.99	13.99
6/28/2019 10:15:12 AM	0.00	0.08	0.00	5.22	0.00	0.00	0.00	0.00	5.30	95.04	9.89	11.75	0	80	0	157	0	0	0	0	237	165.66	30.84	14.59	13.01	11.01	20.89	12.30	1.97	44.89	14.01
6/28/2019 10:15:14 AM	0.00	0.00	0.00	5.11	0.00	0.00	0.00	0.00	5.11	95.09	10.03	11.17	0	0	0	153	0	0	0	0	153	165.74	29.54	13.73	12.46	11.10	20.04	12.53	1.98	44.79	13.99
6/28/2019 10:15:16 AM	0.00	0.00	0.00	4.34	0.00	0.00	0.00	0.00	4.34	95.45	10.11	10.56	0	0	0	130	0	0	0	0	130	166.36	24.26	11.16	11.06	10.10	17.15	11.15	1.99	44.72	13.99
6/28/2019 10:15:19 AM	0.00	0.00	0.00	4.14	0.00	0.00	0.00	0.00	4.14	95.62	10.14	10.68	0	0	0	124	0	0	0	0	124	166.66	23.38	11.04	10.25	9.74	16.44	10.56	1.99	44.63	13.96
6/28/2019 10:15:21 AM	0.00	0.00	0.00	4.16	0.00	0.00	0.00	0.00	4.16	95.62	10.22	11.27	0	0	0	125	0	0	0	0	125	166.67	23.40	10.91	10.20	9.86	16.45	10.84	2.00	44.54	13.97
6/28/2019 10:15:23 AM	0.00	0.00	0.00	3.94	0.00	0.00	0.00	0.00	3.94	95.44	10.32	11.08	0	0	0	118	0	0	0	0	118	166.34	21.63	10.20	10.03	9.65	15.74	10.36	2.01	44.46	13.96
6/28/2019 10:15:26 AM	0.00	0.00	0.00	3.67	0.00	0.00	0.00	0.04	3.67	95.51	10.39	10.60	0	0	0	110	0	0	0	0	110	166.47	20.42	9.33	9.31	9.40	14.81	10.11	2.02	44.37	13.95
6/28/2019 10:15:28 AM	0.00	0.00	0.00	3.57	0.00	0.00	0.00	0.08	3.57	95.28	10.51	10.44	0	0	0	107	0	0	0	0	107	166.07	19.88	9.06	9.03	9.39	14.46	10.22	2.03	44.26	13.95
6/28/2019 10:15:31 AM	0.00	0.00	0.00	3.26	0.00	0.00	0.00	0.10	3.26	95.63	10.58	10.20	0	0	0	98	0	0	0	0	98	166.68	18.09	8.23	8.66	8.96	13.46	9.66	2.04	44.20	13.94
6/28/2019 10:15:33 AM	0.00	0.00	0.00	2.95	0.00	0.00	0.00	0.16	2.95	95.56	10.67	10.13	0	0	0	89	0	0	0	0	89	166.56	16.35	7.57	7.86	8.70	12.52	9.44	2.05	44.08	13.91
6/28/2019 10:15:35 AM	0.00	0.00	0.00	2.96	0.00	0.00	0.00	0.16	2.96	95.51	10.75	10.19	0	0	0	89	0	0	0	0	89	166.48	16.30	7.61	8.01	8.71	12.51	9.37	2.05	44.00	13.89
6/28/2019 10:15:38 AM	0.00	0.00	0.00	2.84	0.00	0.00	0.00	0.20	2.84	95.50	10.84	10.54	0	0	0	85	0	0	0	0	85	166.45	15.93	7.23	7.42	8.70	12.20	9.51	2.06	43.90	13.89
6/28/2019 10:15:40 AM	0.00	0.00	0.00	2.87	0.00	0.00	0.00	0.15	2.87	95.43	10.91	10.88	0	0	0	86	0	0	0	0	86	166.33	15.81	7.42	7.92	8.58	12.31	8.86	2.07	43.80	13.89
6/28/2019 10:15:42 AM	0.00	0.00	0.00	2.87	0.00	0.00	0.00	0.17	2.87	95.57	11.01	11.11	0	0	0	86	0	0	0	0	86	166.58	15.67	7.29	7.88	8.65	12.39	9.25	2.08	43.69	13.89
6/28/2019 10:15:45 AM	0.00	0.00	0.00	2.81	0.00	0.00	0.00	0.18	2.81	95.53	11.07	11.39	0	0	0	84	0	0	0	0	84	166.50	15.42	7.13	7.95	8.66	12.07	9.18	2.08	43.62	13.86
6/28/2019 10:15:47 AM	0.00	0.00	0.00	2.76	0.00	0.00	0.00	0.21	2.76	95.40	11.14	11.58	0	0	0	83	0	0	0	0	83	166.28	14.95	6.95	7.81	8.68	11.99	9.40	2.09	43.51	13.85
6/28/2019 10:15:50 AM	0.00	0.00	0.00	2.44	0.00	0.00	0.00	0.21	2.44	95.60	11.24	11.69	0	0	0	73	0	0	0	0	73	166.64	13.54	6.08	6.96	8.05	11.08	8.28	2.10	43.42	13.85
6/28/2019 10:15:52 AM	0.00	0.12	0.00	2.36	0.00	0.00	0.00	0.23	2.48	95.56	11.33	11.36	0	120	0	71	0	0	0	0	191	166.57	13.28	6.08	7.60	8.10	11.08	8.32	2.11	43.34	13.82
6/28/2019 10:15:54 AM	0.00	0.09	0.00	1.93	0.00	0.00	0.00	0.30	2.02	95.51	11.36	10.71	0	86	0	58	0	0	0	0	144	166.47	11.10	5.08	6.17	7.80	9.86	7.55	2.11	43.24	13.83
6/28/2019 10:15:57 AM	0.00	0.00	0.00	2.21	0.00	0.00	0.00	0.28	2.21	95.70	11.45	10.56	0	0	0	66	0	0	0	0	66	166.81	12.17	5.52	6.38	8.00	10.34	8.48	2.12	43.14	13.80
6/28/2019 10:15:59 AM	0.00	0.05	0.00	1.97	0.00	0.00	0.00	0.30	2.02	95.57	11.50	10.26	0	54	0	59	0	0	0	0	113	166.58	10.91	4.98	6.18	7.74	9.84	7.95	2.13	43.03	13.82
6/28/2019 10:16:02 AM	0.00	0.09	0.00	1.77	0.00	0.00	0.00	0.35	1.86	95.48	11.59	9.96	0	93	0	53	0	0	0	0	146	166.41	10.12	4.69	5.99	7.79	9.26	7.73	2.14	42.91	13.77
6/28/2019 10:16:04 AM	0.00	0.13	0.00	1.63	0.00	0.00	0.00	0.34	1.76	95.49	11.68	9.85	0	131	0	49	0	0	0	0	180	166.43	9.38	4.22	5.80	7.35	9.01	7.32	2.14	42.84	13.76
6/28/2019 10:16:06 AM	0.00	0.14	0.00	1.57	0.00	0.00	0.00	0.35	1.71	95.50	11.74	9.82	0	141	0	47	0	0	0	0	188	166.45	9.16	4.33	5.70	7.35	8.81	7.11	2.15	42.72	13.77
6/28/2019 10:16:09 AM	0.00	0.20	0.00	1.30	0.00	0.00	0.00	0.41	1.50	95.58	11.87	9.79	0	195	0	39	0	0	0	0	234	166.60	7.94	3.59	5.49	7.25	8.07	6.98	2.16	42.65	13.74
6/28/2019 10:16:11 AM	0.00	0.21	0.00	1.13	0.00	0.00	0.00	0.43	1.35	95.68	11.97	9.70	0	214	0	34	0	0	0	0	248	166.77	7.08	3.27	5.15	7.05	7.62	6.66	2.17	42.54	13.70
6/28/2019 10:16:13 AM	0.00	0.17	0.00	1.02	0.00	0.00	0.00	0.45	1.19	95.62	12.08	9.76	0	174	0	31	0	0	0	0	205	166.66	6.53	2.98	4.65	7.01	7.14	6.48	2.18	42.42	13.74
6/28/2019 10:16:16 AM	0.00	0.20	0.00	0.92	0.00	0.00	0.00	0.48	1.13	95.38	12.15	9.74	0	203	0	28	0	0	0	0	231	166.24	5.91	2.65	4.67	6.98	6.93	6.67	2.19	42.31	13.70
6/28/2019 10:16:18 AM	0.00	0.25	0.00	0.88	0.00	0.00	0.00	0.49	1.13	95.45	12.30	9.66	0	254	0	26	0	0	0	0	280	166.37	5.88	2.73	4.78	7.08	6.99	6.53	2.21	42.23	13.69
6/28/2019 10:16:21 AM	0.00	0.23	0.00	0.81	0.00	0.00	0.00	0.49	1.04	95.46	12.41	9.61	0	232	0	24	0	0	0	0	256	166.39	5.37	2.42	4.55	6.82	6.70	6.47	2.22	42.12	13.66
6/28/2019 10:16:23 AM	0.00	0.25	0.00	0.78	0.00	0.00	0.00	0.49	1.03	95.47	12.50	9.59	0	250	0	24	0	0	0	0	273	166.40	5.45	2.42	4.53	6.88	6.67	6.27	2.22	41.99	13.65
6/28/2019 10:16:25 AM	0.00	0.24	0.00	0.78	0.00	0.00	0.00	0.48	1.02	95.35	12.61	9.67	0	237	0	23	0	0	0	0	260	166.19	5.33	2.47	4.35	6.79	6.69	6.13	2.24	41.89	13.66
6/28/2019 10:16:28 AM	0.00	0.21	0.00	0.81	0.00	0.00	0.00	0.48	1.02	95.41	12.65	9.66	0	210	0	24	0	0	0	0	234	166.30	5.39	2.50	4.32	6.77	6.64	6.20	2.24	41.77	13.64
6/28/2019 10:16:30 AM	0.00	0.27	0.00	0.79	0.00	0.00	0.00	0.49	1.06	95.45	12.64	9.59	0	267	0	24	0	0	0	0	290	166.38	5.42	2.44	4.60	6.84	6.78	6.28	2.24	41.67	13.64
6/28/2019 10:16:32 AM	0.00	0.25	0.00	0.80	0.00	0.00	0.00	0.49	1.04	95.35	12.70	9.62	0	246	0	24	0	0	0	0	270	166.19	5.47	2.42	4.52	6.88	6.73	6.31	2.24	41.58	13.61
6/28/2019 10:16:35 AM	0.00	0.25	0.00	0.75	0.00	0.00	0.00	0.49	1.00	95.25	12.77	9.62	0	247	0	23	0	0	0	0	270	166.01	5.19	2.40	4.36	6.83	6.65	6.20	2.25	41.48	13.59
6/28/2019 10:16:37 AM	0.00	0.26	0.00	0.72	0.00	0.00	0.00	0.48	0.98	95.19	12.83	9.67	0	256	0	22	0	0	0	0	278	165.91	5.10	2.43	4.32	6.69	6.52	5.92	2.26	41.37	13.58
6/28/2019 10:16:40 AM	0.00	0.23	0.00	0.76	0.00	0.00	0.00	0.50	0.99	95.19	12.95	9.60	0	228	0	23	0	0	0	0	250	165.92	5.24	2.31	4.39	6.86	6.50	6.32	2.27	41.26	13.58
6/28/2019 10:16:42 AM	0.00	0.21	0.00	0.71	0.00	0.00	0.00	0.50	0.91	95.10	13.06	9.51	0	208	0	21	0	0	0	0	229	165.76	4.92	2.19	4.07	6.75	6.36	6.14	2.28	41.17	13.56
6/28/2019 10:16:44 AM	0.00	0.24	0.00	0.67	0.00	0.00	0.00	0.51	0.91	95.19	13.15	9.52	0	237	0	20	0	0	0	0	257	165.92	4.89	2.20	4.21	6.78	6.25	6.07	2.29	41.04	13.53
6/28/2019 10:16:47 AM	0.00	0.25	0.00	0.64	0.00	0.00	0.00	0.51	0.89	95.05	13.25	9.50	0	249	0	19	0	0	0	0	268	165.66	4.76	2.10	4.17	6.72	6.21	5.98	2.30	40.93	13.53
6/28/2019 10:16:49 AM	0.00	0.24	0.00	0.63	0.00	0.00	0.00	0.50	0.87	95.10	13.31	9.47	0	244	0	19	0	0	0	0	263	165.76	4.72	2.11	4.01	6.66	6.23	5.77	2.30	40.85	13.49
6/28/2019 10:16:52 AM	0.00	0.22	0.00	0.69	0.00	0.00	0.00	0.49	0.91	95.01	13.40	9.46	0	216	0	21	0	0	0	0	236	165.61	4.87	2.25	4.05	6.64	6.31	5.95	2.31	40.72	13.46
6/28/2019 10:16:54 AM	0.00	0.29	0.00	0.65	0.00	0.00	0.00	0.51	0.94	94.98	13.49	9.51	0	290	0	19	0	0	0	0	310	165.55	4.85	2.20	4.43	6.76	6.35	6.02	2.32	40.61	13.51
6/28/2019 10:16:56 AM	0.00	0.26	0.00	0.63	0.00	0.00	0.00	0.50	0.89	94.87	13.56	9.57	0	259	0	19	0	0	0	0	277	165.36	4.90	2.09	4.18	6.69	6.18	5.75	2.33	40.52	13.45
6/28/2019 10:16:59 AM	0.00	0.31	0.00	0.61	0.00	0.00	0.00	0.50	0.91	94.92	13.66	9.54	0	308	0	18	0	0	0	0	326	165.44	4.79	2.13	4.33	6.65	6.32	5.68	2.34	40.39	13.45
6/28/2019 10:17:01 AM	0.00	0.26	0.00	0.68	0.00	0.00	0.00	0.49	0.95	94.87	13.74	9.57	0	262	0	21	0	0	0	0	283	165.36	4.92	2.18	4.33	6.67	6.41	6.02	2.35	40.30	13.42
6/28/2019 10:17:03 AM	0.00	0.28	0.00	0.66	0.00	0.00	0.00	0.50	0.94	94.86	13.81	9.59	0	279	0	20	0	0	0	0	299	165.34	4.95	2.18	4.30	6.75	6.42	5.88	2.35	40.19	13.42
6/28/2019 10:17:06 AM	0.00	0.26	0.00	0.71	0.00	0.00	0.00	0.51	0.97	94.82	13.90	9.58	0	257	0	21	0	0	0	0	278	165.27	5.10	2.30	4.35	6.89	6.52	6.17	2.36	40.07	13.39
6/28/2019 10:17:08 AM	0.00	0.27	0.00	0.66	0.00	0.00	0.00	0.52	0.93	94.76	14.00	9.53	0	271	0	20	0	0	0	0	291	165.16	4.86	2.19	4.30	6.88	6.38	6.10	2.37	39.99	13.37
6/28/2019 10:17:11 AM	0.00	0.24	0.00	0.68	0.00	0.00	0.00	0.51	0.93	94.69	14.09	9.47	0	241	0	21	0	0	0	0	262	165.04	4.93	2.22	4.23	6.80	6.34	6.10	2.38	39.88	13.34
6/28/2019 10:17:13 AM	0.00	0.30	0.00	0.60	0.00	0.00	0.00	0.51	0.90	94.62	14.15	9.51	0	302	0	18	0	0	0	0	320	164.92	4.69	2.06	4.20	6.69	6.36	5.69	2.39	39.77	13.36
6/28/2019 10:17:15 AM	0.00	0.28	0.00	0.60	0.00	0.00	0.00	0.52	0.88	94.38	14.23	9.53	0	284	0	18	0	0	0	0	302	164.51	4.64	2.03	4.19	6.78	6.26	5.90	2.39	39.67	13.34
6/28/2019 10:17:18 AM	0.00	0.26	0.00	0.60	0.00	0.00	0.00	0.52	0.86	94.44	14.32	9.59	0	265	0	18	0	0	0	0	283	164.60	4.67	2.09	4.09	6.76	6.16	5.80	2.40	39.58	13.33
6/28/2019 10:17:20 AM	0.00	0.48	0.00	0.60	0.00	0.00	0.00	0.51	1.08	94.42	14.40	9.61	0	481	0	18	0	0	0	0	498	164.58	4.84	2.70	5.41	6.80	6.62	5.88	2.41	39.45	13.29
6/28/2019 10:17:22 AM	0.00	0.29	0.00	0.62	0.00	0.00	0.00	0.51	0.92	94.30	14.47	9.62	0	293	0	19	0	0	0	0	311	164.37	4.78	2.11	4.24	6.78	6.42	5.87	2.42	39.35	13.27
6/28/2019 10:17:25 AM	0.00	0.27	0.00	0.55	0.00	0.00	0.00	0.52	0.83	94.30	14.56	9.73	0	273	0	17	0	0	0	0	290	164.36	4.42	1.91	3.99	6.68	6.11	5.74	2.43	39.24	13.26
6/28/2019 10:17:27 AM	0.00	0.29	0.00	0.54	0.00	0.00	0.00	0.53	0.83	94.12	14.64	9.77	0	293	0	16	0	0	0	0	309	164.05	4.35	1.95	4.14	6.78	6.07	5.90	2.43	39.15	13.24
6/28/2019 10:17:30 AM	0.00	0.32	0.00	0.50	0.00	0.00	0.00	0.55	0.83	94.12	14.71	9.72	0	323	0	15	0	0	0	0	338	164.05	4.28	1.95	4.18	6.88	6.07	5.84	2.44	39.03	13.21
6/28/2019 10:17:32 AM	0.00	0.32	0.00	0.53	0.00	0.00	0.00	0.54	0.85	94.25	14.80	9.71	0	320	0	16	0	0	0	0	335	164.27	4.33	1.95	4.28	6.81	6.08	5.92	2.45	38.94	13.21
6/28/2019 10:17:34 AM	0.00	0.27	0.00	0.59	0.00	0.00	0.00	0.54	0.86	94.10	14.87	9.67	0	273	0	18	0	0	0	0	291	164.01	4.53	2.02	4.08	7.00	6.29	6.14	2.46	38.84	13.21
6/28/2019 10:17:37 AM	0.00	0.30	0.00	0.54	0.00	0.00	0.00	0.54	0.83	94.13	14.95	9.67	0	298	0	16	0	0	0	0	314	164.07	4.35	1.90	4.18	6.78	6.06	5.91	2.46	38.74	13.19
6/28/2019 10:17:39 AM	0.00	0.29	0.00	0.48	0.00	0.00	0.00	0.55	0.77	93.94	15.05	9.52	0	290	0	14	0	0	0	0	305	163.73	4.10	1.77	3.98	6.83	5.89	5.86	2.48	38.65	13.18
6/28/2019 10:17:42 AM	0.00	0.30	0.00	0.44	0.00	0.00	0.00	0.54	0.74	94.04	15.15	9.38	0	297	0	13	0	0	0	0	310	163.91	3.95	1.77	3.86	6.67	5.83	5.58	2.48	38.54	13.13
6/28/2019 10:17:44 AM	0.00	0.31	0.00	0.44	0.00	0.00	0.00	0.54	0.75	93.79	15.26	9.39	0	307	0	13	0	0	0	0	320	163.47	3.91	1.74	3.88	6.68	5.89	5.60	2.49	38.45	13.14
6/28/2019 10:17:46 AM	0.00	0.31	0.00	0.42	0.00	0.00	0.00	0.54	0.73	93.95	15.33	9.35	0	312	0	12	0	0	0	0	324	163.76	3.84	1.71	3.86	6.59	5.79	5.47	2.50	38.34	13.14
6/28/2019 10:17:49 AM	0.00	0.31	0.00	0.43	0.00	0.00	0.00	0.55	0.74	93.82	15.39	9.41	0	308	0	13	0	0	0	0	321	163.54	3.86	1.75	3.87	6.70	5.87	5.63	2.51	38.24	13.12
6/28/2019 10:17:51 AM	0.00	0.31	0.00	0.41	0.00	0.00	0.00	0.55	0.72	93.83	15.49	9.48	0	306	0	12	0	0	0	0	318	163.54	3.77	1.64	3.76	6.65	5.84	5.54	2.52	38.16	13.08
6/28/2019 10:17:53 AM	0.00	0.34	0.00	0.44	0.00	0.00	0.00	0.55	0.78	93.85	15.58	9.49	0	344	0	13	0	0	0	0	357	163.58	3.95	1.80	4.06	6.78	6.02	5.68	2.53	38.05	13.07
6/28/2019 10:17:56 AM	0.00	0.32	0.00	0.40	0.00	0.00	0.00	0.56	0.72	93.96	15.70	9.42	0	321	0	12	0	0	0	0	333	163.77	3.81	1.70	3.89	6.74	5.75	5.57	2.54	37.95	13.07
6/28/2019 10:17:58 AM	0.00	0.33	0.00	0.37	0.00	0.00	0.00	0.57	0.70	93.85	15.78	9.37	0	327	0	11	0	0	0	0	338	163.58	3.67	1.68	3.79	6.84	5.77	5.59	2.55	37.85	13.02
6/28/2019 10:18:01 AM	0.00	0.32	0.00	0.38	0.00	0.00	0.00	0.56	0.71	94.03	15.86	9.46	0	322	0	12	0	0	0	0	334	163.89	3.59	1.67	3.85	6.66	5.75	5.61	2.55	37.78	13.01
6/28/2019 10:18:03 AM	0.00	0.32	0.00	0.37	0.00	0.00	0.00	0.57	0.69	94.01	15.93	9.54	0	317	0	11	0	0	0	0	328	163.86	3.70	1.56	3.78	6.77	5.68	5.55	2.56	37.66	13.00
6/28/2019 10:18:05 AM	0.00	0.31	0.00	0.39	0.00	0.00	0.00	0.56	0.70	93.96	16.03	9.53	0	308	0	12	0	0	0	0	319	163.77	3.69	1.67	3.78	6.70	5.72	5.56	2.57	37.58	13.00
6/28/2019 10:18:08 AM	0.00	0.34	0.00	0.40	0.00	0.00	0.00	0.57	0.74	94.03	16.14	9.47	0	339	0	12	0	0	0	0	351	163.90	3.79	1.67	3.90	6.89	5.93	5.69	2.58	37.48	12.96
6/28/2019 10:18:10 AM	0.00	0.29	0.00	0.42	0.00	0.00	0.00	0.58	0.71	94.03	16.24	9.41	0	286	0	13	0	0	0	0	299	163.88	3.74	1.59	3.83	6.88	5.74	5.97	2.59	37.41	12.95
6/28/2019 10:18:13 AM	0.00	0.31	0.00	0.39	0.00	0.00	0.00	0.57	0.71	94.05	16.34	9.42	0	315	0	12	0	0	0	0	327	163.92	3.70	1.63	3.83	6.86	5.78	5.76	2.60	37.31	12.91
6/28/2019 10:18:15 AM	0.00	0.33	0.00	0.34	0.00	0.00	0.00	0.57	0.67	94.03	16.45	9.50	0	328	0	10	0	0	0	0	338	163.89	3.49	1.59	3.84	6.68	5.57	5.55	2.61	37.21	12.91
6/28/2019 10:18:17 AM	0.00	0.34	0.00	0.30	0.00	0.00	0.00	0.57	0.64	94.09	16.53	9.43	0	345	0	9	0	0	0	0	354	164.00	3.28	1.50	3.75	6.67	5.57	5.46	2.62	37.13	12.89
6/28/2019 10:18:20 AM	0.00	0.35	0.00	0.32	0.00	0.00	0.00	0.57	0.67	93.94	16.64	9.29	0	353	0	10	0	0	0	0	362	163.74	3.41	1.57	3.90	6.71	5.59	5.55	2.63	37.04	12.88
6/28/2019 10:18:22 AM	0.00	0.33	0.00	0.33	0.00	0.00	0.00	0.57	0.67	93.85	16.70	9.24	0	335	0	10	0	0	0	0	345	163.58	3.43	1.56	3.76	6.77	5.66	5.56	2.64	36.95	12.86
6/28/2019 10:18:24 AM	0.00	0.36	0.00	0.32	0.00	0.00	0.00	0.57	0.68	93.73	16.78	9.27	0	355	0	10	0	0	0	0	365	163.37	3.44	1.58	3.85	6.76	5.67	5.52	2.64	36.87	12.86
6/28/2019 10:18:27 AM	0.00	0.36	0.00	0.30	0.00	0.00	0.00	0.57	0.66	93.54	16.85	9.23	0	364	0	9	0	0	0	0	373	163.04	3.39	1.59	3.82	6.72	5.64	5.38	2.65	36.77	12.82
6/28/2019 10:18:29 AM	0.00	0.33	0.00	0.33	0.00	0.00	0.00	0.57	0.66	93.68	16.95	9.20	0	333	0	10	0	0	0	0	343	163.28	3.45	1.58	3.78	6.73	5.58	5.50	2.66	36.69	12.82
6/28/2019 10:18:32 AM	0.00	0.33	0.00	0.30	0.00	0.00	0.00	0.58	0.64	93.81	17.02	9.20	0	332	0	9	0	0	0	0	341	163.51	3.40	1.53	3.69	6.75	5.53	5.42	2.67	36.60	12.81
6/28/2019 10:18:34 AM	0.00	0.36	0.00	0.31	0.00	0.00	0.00	0.58	0.67	93.33	17.08	9.24	0	356	0	9	0	0	0	0	366	162.67	3.42	1.57	3.84	6.76	5.66	5.49	2.67	36.51	12.79
6/28/2019 10:18:36 AM	0.00	0.36	0.00	0.32	0.00	0.00	0.00	0.59	0.67	93.54	17.16	9.28	0	357	0	10	0	0	0	0	366	163.04	3.50	1.57	3.90	6.95	5.63	5.66	2.68	36.43	12.77
6/28/2019 10:18:39 AM	0.00	0.37	0.00	0.29	0.00	0.00	0.00	0.59	0.66	93.48	17.23	9.35	0	369	0	9	0	0	0	0	378	162.94	3.37	1.60	3.84	6.87	5.62	5.50	2.69	36.36	12.75
6/28/2019 10:18:41 AM	0.00	0.36	0.00	0.28	0.00	0.00	0.00	0.58	0.64	93.48	17.33	9.32	0	358	0	8	0	0	0	0	366	162.93	3.31	1.53	3.73	6.76	5.57	5.38	2.70	36.26	12.75
6/28/2019 10:18:43 AM	0.00	0.36	0.00	0.31	0.00	0.00	0.00	0.59	0.67	93.24	17.41	9.19	0	359	0	9	0	0	0	0	368	162.52	3.36	1.48	3.88	6.87	5.69	5.72	2.71	36.18	12.73
6/28/2019 10:18:46 AM	0.00	0.38	0.00	0.26	0.00	0.00	0.00	0.59	0.64	93.27	17.50	9.15	0	382	0	8	0	0	0	0	390	162.57	3.23	1.56	3.78	6.86	5.63	5.42	2.71	36.10	12.70
6/28/2019 10:18:48 AM	0.00	0.36	0.00	0.30	0.00	0.00	0.00	0.60	0.66	93.32	17.59	9.16	0	357	0	9	0	0	0	0	366	162.66	3.31	1.56	3.85	6.92	5.61	5.72	2.72	36.01	12.68
6/28/2019 10:18:51 AM	0.00	0.38	0.00	0.27	0.00	0.00	0.00	0.60	0.65	93.21	17.70	9.19	0	382	0	8	0	0	0	0	390	162.46	3.20	1.50	3.86	6.88	5.65	5.60	2.73	35.93	12.67
6/28/2019 10:18:53 AM	0.00	0.42	0.00	0.27	0.00	0.00	0.00	0.61	0.69	93.09	17.78	9.21	0	417	0	8	0	0	0	0	425	162.26	3.29	1.55	3.99	7.08	5.82	5.70	2.74	35.85	12.66
6/28/2019 10:18:55 AM	0.00	0.37	0.00	0.29	0.00	0.00	0.00	0.61	0.66	93.06	17.88	9.25	0	372	0	9	0	0	0	0	381	162.21	3.29	1.52	3.87	7.02	5.67	5.76	2.75	35.78	12.64
6/28/2019 10:18:58 AM	0.00	0.35	0.00	0.33	0.00	0.00	0.00	0.61	0.68	92.92	17.98	9.28	0	349	0	10	0	0	0	0	359	161.95	3.46	1.54	3.88	7.12	5.75	5.97	2.76	35.70	12.63
6/28/2019 10:19:00 AM	0.00	0.40	0.00	0.27	0.00	0.00	0.00	0.62	0.68	92.72	18.10	9.24	0	402	0	8	0	0	0	0	410	161.60	3.33	1.54	4.05	7.12	5.68	5.83	2.77	35.62	12.62
6/28/2019 10:19:03 AM	0.00	0.36	0.00	0.34	0.00	0.00	0.00	0.61	0.70	92.54	18.22	9.20	0	364	0	10	0	0	0	0	375	161.31	3.44	1.51	3.99	7.12	5.81	6.06	2.79	35.53	12.60
6/28/2019 10:19:05 AM	0.00	0.41	0.08	0.27	0.00	0.00	0.00	0.62	0.75	92.28	18.33	9.20	0	407	35	8	0	0	0	0	451	160.84	3.47	1.46	4.10	7.26	5.82	6.20	2.80	35.45	12.58
6/28/2019 10:19:07 AM	0.00	0.38	0.00	0.33	0.00	0.00	0.00	0.62	0.70	92.00	18.41	9.16	0	375	0	10	0	0	0	0	385	160.36	3.53	1.54	4.03	7.23	5.81	6.05	2.80	35.39	12.56
6/28/2019 10:19:10 AM	0.00	0.38	0.00	0.32	0.00	0.00	0.00	0.63	0.70	91.98	18.51	9.10	0	378	0	10	0	0	0	0	388	160.32	3.45	1.54	4.03	7.24	5.80	6.09	2.81	35.31	12.54
6/28/2019 10:19:12 AM	0.00	0.39	0.03	0.32	0.00	0.00	0.00	0.63	0.74	91.82	18.61	9.15	0	393	13	10	0	0	0	0	415	160.04	3.53	1.56	4.14	7.31	5.88	6.23	2.82	35.24	12.52
6/28/2019 10:19:14 AM	0.00	0.40	0.16	0.27	0.00	0.00	0.00	0.63	0.84	91.74	18.70	9.18	0	405	73	8	0	0	0	0	486	159.90	3.72	1.53	4.20	7.52	5.90	6.67	2.83	35.15	12.52
6/28/2019 10:19:17 AM	0.00	0.40	0.06	0.31	0.00	0.00	0.00	0.64	0.77	91.59	18.80	9.16	0	398	27	9	0	0	0	0	435	159.64	3.62	1.54	4.17	7.48	5.93	6.45	2.84	35.08	12.49
6/28/2019 10:19:19 AM	0.00	0.37	0.01	0.36	0.00	0.00	0.00	0.65	0.74	91.42	18.89	9.11	0	366	4	11	0	0	0	0	380	159.34	3.69	1.59	4.11	7.52	5.91	6.45	2.85	35.01	12.47
6/28/2019 10:19:22 AM	0.00	0.43	0.14	0.25	0.00	0.00	0.00	0.64	0.83	91.38	18.96	9.08	0	435	65	8	0	0	0	0	507	159.28	3.65	1.54	4.28	7.58	5.95	6.61	2.86	34.94	12.47
6/28/2019 10:19:24 AM	0.00	0.42	0.16	0.30	0.00	0.00	0.00	0.66	0.88	91.16	19.06	9.09	0	418	72	9	0	0	0	0	499	158.89	3.79	1.60	4.32	7.79	6.09	7.00	2.87	34.88	12.42
6/28/2019 10:19:26 AM	0.00	0.44	0.16	0.25	0.00	0.00	0.00	0.66	0.85	91.07	19.15	9.07	0	436	71	8	0	0	0	0	515	158.74	3.78	1.56	4.32	7.80	5.95	6.78	2.88	34.79	12.42
6/28/2019 10:19:29 AM	0.00	0.43	0.14	0.27	0.00	0.00	0.00	0.65	0.83	90.97	19.24	9.02	0	426	62	8	0	0	0	0	496	158.56	3.67	1.53	4.26	7.66	5.99	6.72	2.89	34.70	12.41
6/28/2019 10:19:31 AM	0.00	0.45	0.13	0.22	0.00	0.00	0.00	0.65	0.81	91.07	19.34	9.03	0	454	58	7	0	0	0	0	519	158.73	3.61	1.52	4.30	7.62	5.88	6.46	2.89	34.64	12.40
6/28/2019 10:19:33 AM	0.00	0.44	0.13	0.23	0.00	0.00	0.00	0.64	0.80	90.99	19.43	9.08	0	439	60	7	0	0	0	0	506	158.60	3.56	1.44	4.21	7.46	5.90	6.40	2.90	34.57	12.37
6/28/2019 10:19:36 AM	0.00	0.45	0.11	0.27	0.00	0.00	0.00	0.66	0.83	90.90	19.53	9.07	0	446	50	8	0	0	0	0	504	158.45	3.70	1.58	4.35	7.76	6.02	6.68	2.91	34.49	12.36
6/28/2019 10:19:38 AM	0.00	0.50	0.14	0.20	0.00	0.00	0.00	0.65	0.83	90.77	19.61	9.03	0	502	61	6	0	0	0	0	569	158.21	3.51	1.58	4.47	7.59	5.97	6.41	2.92	34.44	12.34
6/28/2019 10:19:41 AM	0.00	0.43	0.01	0.28	0.00	0.00	0.00	0.66	0.72	90.87	19.70	9.01	0	428	5	8	0	0	0	0	442	158.39	3.51	1.56	4.22	7.59	5.85	6.25	2.93	34.37	12.33
6/28/2019 10:19:43 AM	0.00	0.47	0.10	0.25	0.00	0.00	0.00	0.66	0.81	90.61	19.77	9.00	0	465	45	7	0	0	0	0	518	157.94	3.59	1.56	4.37	7.67	5.99	6.51	2.94	34.31	12.31
6/28/2019 10:19:45 AM	0.00	0.47	0.14	0.22	0.00	0.00	0.00	0.67	0.83	90.29	19.85	9.03	0	474	62	6	0	0	0	0	543	157.37	3.61	1.53	4.38	7.79	5.97	6.63	2.95	34.23	12.30
6/28/2019 10:19:48 AM	0.00	0.51	0.18	0.19	0.00	0.00	0.00	0.67	0.89	89.83	19.92	9.04	0	511	83	6	0	0	0	0	599	156.59	3.65	1.59	4.54	7.89	6.06	6.79	2.95	34.16	12.27
6/28/2019 10:19:50 AM	0.00	0.54	0.17	0.17	0.00	0.00	0.00	0.68	0.89	88.93	19.99	9.05	0	543	78	5	0	0	0	0	626	155.01	3.62	1.61	4.65	7.93	6.12	6.72	2.96	34.09	12.25
6/28/2019 10:19:53 AM	0.00	0.53	0.09	0.25	0.00	0.00	0.00	0.71	0.88	87.77	20.10	9.08	0	535	42	8	0	0	0	0	585	152.99	3.84	1.69	4.75	8.22	6.29	6.87	2.97	34.04	12.25
6/28/2019 10:19:55 AM	0.00	0.62	0.17	0.22	0.00	0.00	0.00	0.71	1.00	87.21	20.20	9.08	0	617	77	6	0	0	0	0	700	152.01	3.94	1.76	5.10	8.42	6.59	7.17	2.98	33.98	12.21
6/28/2019 10:19:57 AM	0.00	0.64	0.26	0.22	0.00	0.00	0.00	0.75	1.12	85.26	20.30	9.06	0	642	115	7	0	0	0	0	764	148.61	4.17	1.79	5.29	8.90	6.86	7.87	2.99	33.90	12.21
6/28/2019 10:20:00 AM	0.00	0.69	0.42	0.17	0.00	0.00	0.00	0.75	1.27	84.28	20.39	9.02	0	686	187	5	0	0	0	0	878	146.90	4.52	1.82	5.54	9.16	7.01	8.33	3.00	33.84	12.19
6/28/2019 10:20:02 AM	0.00	0.71	0.43	0.19	0.00	0.00	0.00	0.77	1.33	82.78	20.48	9.05	0	714	193	6	0	0	0	0	913	144.30	4.63	1.94	5.75	9.43	7.22	8.69	3.01	33.77	12.20
6/28/2019 10:20:04 AM	0.00	0.76	0.48	0.14	0.00	0.00	0.00	0.79	1.38	82.34	20.53	9.08	0	765	215	4	0	0	0	0	985	143.53	4.63	1.86	5.88	9.67	7.38	8.92	3.01	33.70	12.18
6/28/2019 10:20:07 AM	0.00	0.61	0.55	0.25	0.00	0.00	0.00	0.71	1.41	82.65	20.60	9.09	0	606	247	8	0	0	0	0	860	144.07	5.13	1.99	5.56	9.10	7.01	8.82	3.02	33.65	12.16
6/28/2019 10:20:09 AM	0.00	0.71	0.48	0.15	0.00	0.00	0.00	0.75	1.35	82.56	20.61	9.05	0	711	218	5	0	0	0	0	934	143.92	4.63	1.93	5.72	9.24	7.09	8.58	3.02	33.57	12.14
6/28/2019 10:20:12 AM	0.00	0.66	0.45	0.24	0.00	0.00	0.00	0.76	1.36	82.90	20.65	9.02	0	665	202	7	0	0	0	0	875	144.51	4.91	1.89	5.66	9.48	7.28	8.90	3.02	33.51	12.13
6/28/2019 10:20:14 AM	0.00	0.73	0.40	0.17	0.00	0.00	0.00	0.76	1.30	82.69	20.74	8.99	0	731	179	5	0	0	0	0	915	144.13	4.55	1.94	5.77	9.29	7.16	8.39	3.03	33.45	12.11
6/28/2019 10:20:16 AM	0.00	0.71	0.52	0.16	0.00	0.00	0.00	0.76	1.39	82.47	20.77	8.95	0	715	235	5	0	0	0	0	954	143.76	4.83	1.90	5.77	9.44	7.18	8.81	3.04	33.39	12.09
6/28/2019 10:20:19 AM	0.01	0.64	0.40	0.25	0.00	0.00	0.00	0.76	1.30	82.56	20.86	8.98	6	635	178	8	0	0	0	0	827	143.92	4.62	1.74	5.43	9.30	7.26	8.78	3.04	33.34	12.06
6/28/2019 10:20:21 AM	0.00	0.75	0.38	0.17	0.00	0.00	0.00	0.80	1.30	82.40	20.93	8.98	0	751	171	5	0	0	0	0	927	143.64	4.53	1.91	5.82	9.70	7.30	8.71	3.05	33.26	12.06
6/28/2019 10:20:24 AM	0.00	0.70	0.64	0.12	0.00	0.00	0.00	0.72	1.47	82.64	20.97	8.97	0	701	288	4	0	0	0	0	993	144.06	5.04	2.11	5.85	9.24	6.92	8.82	3.05	33.20	12.04
6/28/2019 10:20:26 AM	0.00	0.83	0.61	0.00	0.00	0.00	0.00	0.77	1.44	82.45	21.06	8.97	0	826	277	0	0	0	0	0	1102	143.72	4.85	2.15	6.17	9.60	6.88	8.58	3.06	33.13	12.02
6/28/2019 10:20:28 AM	0.00	0.81	0.49	0.06	0.00	0.00	0.00	0.79	1.36	82.27	21.14	8.99	0	808	222	2	0	0	0	0	1032	143.41	4.59	1.84	5.95	9.62	7.21	8.57	3.07	33.08	12.00
6/28/2019 10:20:31 AM	0.00	0.78	0.45	0.16	0.00	0.00	0.00	0.82	1.39	82.18	21.21	9.01	0	776	204	5	0	0	0	0	985	143.24	4.85	2.05	6.05	9.99	7.36	9.04	3.08	33.01	12.00
6/28/2019 10:20:33 AM	0.00	0.72	0.47	0.21	0.00	0.00	0.00	0.78	1.40	82.17	21.30	9.06	0	718	213	6	0	0	0	0	937	143.23	4.92	1.99	5.88	9.68	7.37	9.03	3.09	32.96	11.99
6/28/2019 10:20:35 AM	0.00	0.85	0.61	0.04	0.00	0.00	0.00	0.79	1.50	81.10	21.37	9.09	0	851	273	1	0	0	0	0	1125	141.36	4.94	2.24	6.36	9.88	7.18	8.97	3.09	32.90	11.93
