Date/Time	Green Algae	Bluegreen	Diatoms	Cryptophyta	#5	#6	#7	Yellow substances	Total conc.	Transmission	Depth	Temp. Sample	Green Algae	Bluegreen	Diatoms	Cryptophyta	#5	#6	#7	Yellow substances	Total cell count	Trans. 700 nm	LED 3 [525 nm]	LED 4 [570 nm]	LED 5 [610 nm]	LED 6 [370 nm]	LED 7 [590 nm]	LED 8 [470 nm]	Pressure	Temp. LEDs	Temp. Sensor
date	µg/l	µg/l	µg/l	µg/l	µg/l	µg/l	µg/l	r.u.	µg/l	%	m	°C	cells/ml	cells/ml	cells/ml	cells/ml	cells/ml	cells/ml	cells/ml	r.u.	cells/ml	digits	digits	digits	digits	digits	digits	digits	bar	°C	°C
10/25/2019 10:53:04 AM	2.84	33.79	3.02	0.00	0.00	0.00	0.00	0.61	39.65	100.00	0.44	15.20	1505	33785	1360	0	0	0	0	0	36650	159.81	33.77	25.50	136.36	34.55	132.50	32.92	1.04	32.72	9.83
10/25/2019 10:53:06 AM	3.30	34.16	2.83	0.00	0.00	0.00	0.00	0.65	40.30	100.00	0.47	14.90	1751	34165	1274	0	0	0	0	0	37191	160.01	33.96	25.91	139.04	35.28	132.86	33.69	1.05	32.77	9.84
10/25/2019 10:53:08 AM	4.28	35.15	3.37	0.00	0.00	0.00	0.00	0.32	42.79	100.00	0.50	15.02	2268	35146	1515	0	0	0	0	0	38929	160.23	35.50	27.27	143.82	34.98	137.39	36.15	1.05	32.83	9.84
10/25/2019 10:53:11 AM	5.08	35.89	3.08	0.00	0.00	0.00	0.00	0.48	44.05	100.00	0.56	15.19	2691	35888	1387	0	0	0	0	0	39967	160.23	35.99	28.42	145.76	37.22	141.61	38.45	1.05	32.87	9.84
10/25/2019 10:53:13 AM	4.36	37.67	4.23	0.00	0.00	0.00	0.00	0.50	46.26	100.00	0.59	15.28	2313	37667	1903	0	0	0	0	0	41883	160.04	39.72	28.76	154.56	39.43	147.74	41.77	1.06	32.91	9.86
10/25/2019 10:53:15 AM	2.98	37.42	4.44	0.00	0.00	0.00	0.00	0.71	44.84	100.00	0.63	15.47	1578	37416	2000	0	0	0	0	0	40994	159.63	39.64	29.73	151.25	39.83	147.88	40.56	1.06	32.96	9.89
10/25/2019 10:53:18 AM	1.77	37.11	3.04	1.45	0.00	0.00	0.00	0.88	43.37	100.00	0.67	15.61	940	37112	1369	43	0	0	0	0	39464	159.62	39.50	31.37	150.87	39.49	148.41	37.68	1.07	33.01	9.89
10/25/2019 10:53:20 AM	3.21	39.75	4.21	0.00	0.00	0.00	0.00	0.81	47.17	100.00	0.72	15.59	1701	39751	1896	0	0	0	0	0	43348	160.12	41.13	31.77	161.04	42.03	155.48	41.59	1.07	33.06	9.89
10/25/2019 10:53:23 AM	2.90	38.49	5.63	0.00	0.00	0.00	0.00	0.71	47.02	100.00	0.77	15.50	1537	38487	2533	0	0	0	0	0	42557	161.12	43.13	30.65	158.06	42.22	151.39	45.38	1.08	33.10	9.89
10/25/2019 10:53:25 AM	4.30	36.81	5.79	0.00	0.00	0.00	0.00	0.49	46.90	100.00	0.81	15.31	2279	36812	2607	0	0	0	0	0	41697	159.17	42.44	28.63	151.15	41.06	147.86	47.52	1.08	33.13	9.90
10/25/2019 10:53:27 AM	2.95	35.15	3.27	2.67	0.00	0.00	0.00	0.72	44.04	100.00	0.85	15.39	1565	35148	1473	80	0	0	0	0	38265	160.12	41.91	28.61	145.58	40.07	147.07	43.75	1.08	33.17	9.91
10/25/2019 10:53:30 AM	1.51	38.13	6.14	0.00	0.00	0.00	0.00	0.60	45.78	100.00	0.90	15.68	803	38129	2762	0	0	0	0	0	41694	160.81	43.14	29.73	155.71	40.33	150.28	42.94	1.09	33.21	9.91
10/25/2019 10:53:32 AM	5.16	39.62	4.06	0.00	0.00	0.00	0.00	0.49	48.84	100.00	0.94	15.59	2733	39620	1827	0	0	0	0	0	44179	160.56	41.06	29.92	161.77	41.16	155.96	43.56	1.09	33.26	9.91
10/25/2019 10:53:35 AM	2.18	38.57	5.37	0.03	0.00	0.00	0.00	0.66	46.15	100.00	0.99	15.33	1155	38572	2416	1	0	0	0	0	42144	160.08	42.22	28.96	155.38	40.67	153.68	42.18	1.10	33.29	9.91
10/25/2019 10:53:37 AM	5.47	39.65	4.50	0.00	0.00	0.00	0.00	0.51	49.62	100.00	1.02	15.12	2897	39655	2024	0	0	0	0	0	44576	160.28	42.27	30.61	163.70	42.31	155.49	46.24	1.10	33.33	9.93
10/25/2019 10:53:39 AM	4.25	39.83	4.68	0.00	0.00	0.00	0.00	0.48	48.75	100.00	1.05	15.21	2252	39826	2105	0	0	0	0	0	44182	159.02	42.07	30.96	162.97	41.08	156.20	43.63	1.10	33.36	9.93
10/25/2019 10:53:42 AM	3.07	40.81	5.38	0.00	0.00	0.00	0.00	0.50	49.26	100.00	1.10	15.44	1625	40813	2421	0	0	0	0	0	44858	159.68	43.75	31.82	165.40	41.66	161.13	43.83	1.11	33.39	9.94
10/25/2019 10:53:44 AM	5.42	40.16	3.92	0.00	0.00	0.00	0.00	0.38	49.50	100.00	1.13	15.61	2873	40160	1762	0	0	0	0	0	44795	160.32	40.94	31.76	165.50	40.59	155.90	42.97	1.11	33.41	9.94
10/25/2019 10:53:46 AM	3.95	38.96	5.41	0.00	0.00	0.00	0.00	0.61	48.31	100.00	1.18	15.63	2092	38955	2436	0	0	0	0	0	43483	161.50	43.22	31.34	160.88	42.40	152.82	46.52	1.12	33.45	9.94
10/25/2019 10:53:49 AM	4.09	39.53	5.48	0.00	0.00	0.00	0.00	0.49	49.10	100.00	1.23	15.58	2168	39533	2464	0	0	0	0	0	44164	162.09	43.63	31.43	163.51	42.07	154.77	46.46	1.12	33.46	9.94
10/25/2019 10:53:51 AM	3.79	36.09	5.03	0.00	0.00	0.00	0.00	0.55	44.91	100.00	1.27	15.46	2010	36090	2262	0	0	0	0	0	40362	162.37	40.24	28.66	150.10	39.46	141.09	43.46	1.12	33.49	9.95
10/25/2019 10:53:54 AM	3.51	36.58	4.51	0.00	0.00	0.00	0.00	0.72	44.59	100.00	1.31	15.43	1860	36575	2028	0	0	0	0	0	40464	163.49	39.60	27.97	149.05	40.05	144.78	42.00	1.13	33.52	9.94
10/25/2019 10:53:56 AM	3.72	39.67	4.77	0.00	0.00	0.00	0.00	0.60	48.15	100.00	1.34	15.49	1970	39668	2146	0	0	0	0	0	43784	160.56	42.25	30.64	162.73	41.56	154.90	43.49	1.13	33.54	9.96
10/25/2019 10:53:58 AM	2.66	40.22	6.23	0.00	0.00	0.00	0.00	0.44	49.11	100.00	1.38	15.42	1410	40222	2803	0	0	0	0	0	44436	162.83	44.91	32.42	165.09	41.61	157.92	45.57	1.14	33.57	9.97
10/25/2019 10:54:01 AM	2.97	40.50	6.23	0.00	0.00	0.00	0.00	0.52	49.69	100.00	1.43	15.36	1572	40495	2803	0	0	0	0	0	44870	161.24	45.36	32.28	164.86	42.76	160.82	46.99	1.14	33.58	9.96
10/25/2019 10:54:03 AM	5.37	38.77	5.00	0.00	0.00	0.00	0.00	0.44	49.14	100.00	1.46	15.41	2844	38771	2250	0	0	0	0	0	43865	160.82	42.72	30.22	163.40	41.83	149.83	47.25	1.14	33.61	9.98
10/25/2019 10:54:06 AM	3.81	36.34	5.29	0.00	0.00	0.00	0.00	0.45	45.43	100.00	1.51	15.36	2019	36335	2379	0	0	0	0	0	40734	161.69	40.74	29.38	151.47	39.18	141.91	43.88	1.15	33.63	9.98
10/25/2019 10:54:08 AM	3.99	37.40	5.16	0.00	0.00	0.00	0.00	0.45	46.55	100.00	1.54	15.23	2114	37398	2322	0	0	0	0	0	41833	161.57	41.15	29.85	153.28	39.77	148.19	44.04	1.15	33.63	9.98
10/25/2019 10:54:10 AM	2.66	38.92	5.91	0.00	0.00	0.00	0.00	0.50	47.49	100.00	1.58	15.26	1410	38915	2660	0	0	0	0	0	42985	162.37	43.41	30.43	158.01	40.87	154.85	44.44	1.15	33.65	9.96
10/25/2019 10:54:13 AM	4.48	42.06	4.86	0.00	0.00	0.00	0.00	0.38	51.40	100.00	1.61	15.35	2373	42058	2188	0	0	0	0	0	46619	162.96	44.17	32.34	174.84	42.19	161.60	44.82	1.16	33.67	9.98
10/25/2019 10:54:15 AM	3.13	40.09	4.88	0.00	0.00	0.00	0.00	0.72	48.10	100.00	1.65	15.41	1659	40090	2196	0	0	0	0	0	43945	162.05	42.73	29.92	161.29	42.40	159.38	43.45	1.16	33.68	10.00
10/25/2019 10:54:17 AM	4.31	41.13	4.14	0.00	0.00	0.00	0.00	0.59	49.59	100.00	1.69	15.46	2284	41130	1865	0	0	0	0	0	45280	160.77	42.39	30.76	170.51	42.15	157.65	42.87	1.17	33.70	10.00
10/25/2019 10:54:20 AM	2.73	39.90	5.04	0.00	0.00	0.00	0.00	0.68	47.67	100.00	1.72	15.51	1449	39896	2267	0	0	0	0	0	43612	160.27	42.75	30.35	162.63	41.73	156.16	42.70	1.17	33.71	10.00
10/25/2019 10:54:22 AM	3.26	37.43	5.20	0.00	0.00	0.00	0.00	0.47	45.90	100.00	1.75	15.54	1730	37432	2342	0	0	0	0	0	41504	158.65	41.14	29.05	154.15	39.28	146.83	42.54	1.17	33.72	9.98
10/25/2019 10:54:25 AM	4.65	37.64	4.65	0.00	0.00	0.00	0.00	0.42	46.94	100.00	1.78	15.59	2464	37639	2091	0	0	0	0	0	42194	159.50	40.76	28.43	157.09	39.66	146.13	43.55	1.17	33.73	10.00
10/25/2019 10:54:27 AM	3.88	37.35	4.88	0.00	0.00	0.00	0.00	0.51	46.11	100.00	1.81	15.65	2056	37354	2195	0	0	0	0	0	41606	159.58	40.79	29.54	155.65	39.76	144.77	43.11	1.18	33.75	10.00
10/25/2019 10:54:29 AM	1.86	33.46	3.70	2.15	0.00	0.00	0.00	0.84	41.16	100.00	1.85	15.67	984	33456	1665	64	0	0	0	0	36168	158.79	40.19	26.99	137.98	38.82	139.03	41.43	1.18	33.77	10.04
10/25/2019 10:54:32 AM	3.26	33.38	1.59	3.66	0.00	0.00	0.00	0.68	41.88	100.00	1.90	15.67	1727	33376	713	110	0	0	0	0	35926	158.57	39.25	28.47	139.39	37.65	141.45	40.18	1.19	33.78	10.02
10/25/2019 10:54:34 AM	3.22	37.00	4.88	0.00	0.00	0.00	0.00	0.49	45.11	100.00	1.94	15.68	1708	37001	2197	0	0	0	0	0	40906	159.21	40.01	29.26	151.05	38.65	145.94	41.20	1.19	33.78	10.00
10/25/2019 10:54:37 AM	3.85	33.90	2.31	3.13	0.00	0.00	0.00	0.59	43.18	100.00	1.96	15.70	2038	33897	1039	94	0	0	0	0	37068	158.94	40.09	27.83	141.21	38.31	143.31	42.37	1.19	33.79	10.01
10/25/2019 10:54:39 AM	2.99	34.49	4.40	1.08	0.00	0.00	0.00	0.55	42.95	100.00	1.99	15.74	1584	34488	1979	32	0	0	0	0	38083	160.57	39.78	27.00	141.29	37.94	140.99	41.83	1.20	33.78	10.03
10/25/2019 10:54:41 AM	4.03	37.20	4.54	0.00	0.00	0.00	0.00	0.42	45.77	100.00	2.01	15.72	2138	37200	2043	0	0	0	0	0	41381	160.56	39.81	28.18	153.39	38.57	145.54	41.44	1.20	33.79	10.02
10/25/2019 10:54:44 AM	3.71	38.58	4.58	0.00	0.00	0.00	0.00	0.55	46.86	100.00	2.05	15.66	1966	38577	2060	0	0	0	0	0	42603	159.64	40.76	31.23	157.72	40.20	151.03	42.09	1.20	33.78	10.04
10/25/2019 10:54:46 AM	3.08	38.06	5.35	0.00	0.00	0.00	0.00	0.63	46.49	100.00	2.09	15.60	1634	38058	2405	0	0	0	0	0	42098	158.78	42.01	30.60	155.48	41.04	150.29	44.02	1.20	33.79	10.03
10/25/2019 10:54:48 AM	3.57	38.16	5.02	0.00	0.00	0.00	0.00	0.62	46.74	100.00	2.12	15.57	1890	38157	2259	0	0	0	0	0	42306	159.37	41.79	29.25	157.72	41.00	148.91	43.84	1.21	33.79	10.04
10/25/2019 10:54:51 AM	3.92	36.02	4.37	0.00	0.00	0.00	0.00	0.68	44.31	100.00	2.16	15.59	2077	36017	1967	0	0	0	0	0	40061	160.50	39.17	26.94	148.75	39.61	141.14	42.05	1.21	33.81	10.03
10/25/2019 10:54:53 AM	3.48	35.85	4.82	0.00	0.00	0.00	0.00	0.62	44.15	100.00	2.20	15.64	1844	35846	2171	0	0	0	0	0	39861	160.51	39.52	27.36	145.80	39.20	143.10	42.25	1.22	33.81	10.03
10/25/2019 10:54:56 AM	3.39	36.66	4.98	0.00	0.00	0.00	0.00	0.59	45.03	100.00	2.23	15.64	1796	36662	2243	0	0	0	0	0	40701	161.29	40.32	29.12	150.20	39.61	144.76	42.67	1.22	33.81	10.04
10/25/2019 10:54:58 AM	3.45	36.61	4.46	0.00	0.00	0.00	0.00	0.59	44.52	100.00	2.25	15.60	1828	36611	2006	0	0	0	0	0	40444	160.84	39.37	27.64	151.39	38.84	142.34	40.69	1.22	33.82	10.03
10/25/2019 10:55:00 AM	3.02	36.30	4.58	0.00	0.00	0.00	0.00	0.56	43.90	100.00	2.29	15.61	1601	36303	2061	0	0	0	0	0	39965	161.90	38.93	29.38	149.42	38.13	141.34	39.81	1.22	33.83	10.04
10/25/2019 10:55:03 AM	2.67	35.53	4.63	0.00	0.00	0.00	0.00	0.47	42.84	100.00	2.31	15.61	1416	35531	2085	0	0	0	0	0	39032	160.37	38.15	28.57	145.90	36.63	138.67	38.29	1.23	33.83	10.03
10/25/2019 10:55:05 AM	2.57	32.36	1.89	2.70	0.00	0.00	0.00	0.77	39.51	100.00	2.33	15.64	1360	32363	849	81	0	0	0	0	34653	161.42	36.80	26.98	133.74	36.32	134.69	36.99	1.23	33.83	10.04
10/25/2019 10:55:08 AM	2.62	34.53	2.59	1.77	0.00	0.00	0.00	0.80	41.51	100.00	2.38	15.66	1390	34532	1165	53	0	0	0	0	37141	161.36	37.88	26.49	140.64	37.85	141.48	37.75	1.23	33.82	10.04
10/25/2019 10:55:10 AM	3.35	38.21	4.22	0.00	0.00	0.00	0.00	0.55	45.78	100.00	2.41	15.68	1774	38211	1899	0	0	0	0	0	41884	160.62	39.78	29.36	157.19	39.06	147.80	39.64	1.24	33.83	10.04
10/25/2019 10:55:12 AM	2.86	39.17	4.34	0.00	0.00	0.00	0.00	0.64	46.36	100.00	2.46	15.67	1515	39167	1953	0	0	0	0	0	42634	160.85	40.57	30.82	159.76	40.09	152.02	39.81	1.24	33.81	10.06
10/25/2019 10:55:15 AM	4.26	40.14	3.69	0.00	0.00	0.00	0.00	0.52	48.09	100.00	2.50	15.62	2258	40141	1659	0	0	0	0	0	44058	158.71	40.35	31.40	166.44	40.21	152.94	40.16	1.25	33.83	10.05
10/25/2019 10:55:17 AM	3.70	38.24	4.34	0.00	0.00	0.00	0.00	0.53	46.29	100.00	2.53	15.57	1961	38243	1954	0	0	0	0	0	42158	158.14	40.21	29.91	158.62	39.49	147.18	40.90	1.25	33.83	10.04
10/25/2019 10:55:19 AM	3.27	36.19	3.61	1.69	0.00	0.00	0.00	0.71	44.77	100.00	2.58	15.54	1734	36194	1624	51	0	0	0	0	39603	160.06	41.17	28.85	148.46	40.24	148.46	43.00	1.25	33.82	10.04
10/25/2019 10:55:22 AM	3.31	36.85	4.46	1.29	0.00	0.00	0.00	0.58	45.92	100.00	2.61	15.50	1755	36853	2009	39	0	0	0	0	40655	161.09	42.23	30.00	151.29	40.37	150.15	44.44	1.26	33.80	10.06
10/25/2019 10:55:24 AM	2.96	37.66	5.43	0.00	0.00	0.00	0.00	0.59	46.05	100.00	2.64	15.48	1569	37665	2443	0	0	0	0	0	41677	160.52	41.88	30.03	155.26	40.46	147.53	43.63	1.26	33.81	10.04
10/25/2019 10:55:27 AM	3.93	37.29	4.69	0.00	0.00	0.00	0.00	0.58	45.91	100.00	2.67	15.49	2082	37291	2111	0	0	0	0	0	41484	159.65	40.51	29.55	155.49	40.04	144.18	42.96	1.26	33.80	10.06
10/25/2019 10:55:29 AM	2.87	34.77	5.09	0.00	0.00	0.00	0.00	0.66	42.72	100.00	2.69	15.47	1522	34767	2289	0	0	0	0	0	38578	159.63	39.22	26.91	142.89	38.63	137.58	41.77	1.26	33.80	10.04
10/25/2019 10:55:31 AM	3.45	35.73	4.25	0.00	0.00	0.00	0.00	0.66	43.43	100.00	2.73	15.45	1828	35726	1912	0	0	0	0	0	39467	159.30	38.28	28.79	147.87	38.59	138.56	40.19	1.27	33.79	10.06
10/25/2019 10:55:34 AM	5.19	37.31	3.14	0.00	0.00	0.00	0.00	0.51	45.64	100.00	2.77	15.45	2752	37305	1414	0	0	0	0	0	41472	159.83	37.76	29.53	159.17	38.60	138.83	39.60	1.27	33.79	10.07
10/25/2019 10:55:36 AM	3.85	35.48	3.83	0.00	0.00	0.00	0.00	0.67	43.16	100.00	2.81	15.40	2042	35480	1722	0	0	0	0	0	39244	160.66	37.48	27.26	146.44	38.36	138.06	39.56	1.28	33.79	10.06
10/25/2019 10:55:38 AM	4.72	35.26	2.86	0.00	0.00	0.00	0.00	0.61	42.84	100.00	2.86	15.27	2500	35265	1285	0	0	0	0	0	39050	160.92	35.59	26.84	147.53	37.24	134.37	37.44	1.28	33.78	10.06
10/25/2019 10:55:41 AM	2.09	33.39	3.92	0.00	0.00	0.00	0.00	0.70	39.41	100.00	2.90	15.18	1110	33387	1766	0	0	0	0	0	36263	160.79	35.32	25.50	134.93	35.54	131.88	35.10	1.28	33.78	10.06
10/25/2019 10:55:43 AM	2.39	31.74	3.43	0.00	0.00	0.00	0.00	0.64	37.56	100.00	2.93	15.16	1265	31741	1545	0	0	0	0	0	34551	162.95	33.08	24.29	128.66	33.64	125.07	33.06	1.29	33.79	10.06
10/25/2019 10:55:46 AM	2.78	32.25	3.71	0.00	0.00	0.00	0.00	0.64	38.74	100.00	2.98	15.09	1471	32251	1671	0	0	0	0	0	35393	162.02	34.29	24.05	130.87	34.78	127.91	35.29	1.29	33.77	10.07
10/25/2019 10:55:48 AM	3.38	34.14	3.05	0.00	0.00	0.00	0.00	0.62	40.57	100.00	3.00	14.97	1791	34138	1375	0	0	0	0	0	37304	162.27	34.56	25.46	140.91	35.42	131.32	34.53	1.29	33.76	10.08
10/25/2019 10:55:50 AM	3.24	33.91	3.16	0.00	0.00	0.00	0.00	0.64	40.32	100.00	3.05	14.89	1719	33914	1423	0	0	0	0	0	37056	161.42	34.65	25.20	140.07	35.49	130.57	34.72	1.30	33.78	10.08
10/25/2019 10:55:53 AM	2.78	34.64	3.15	0.00	0.00	0.00	0.00	0.61	40.57	100.00	3.09	14.77	1473	34638	1417	0	0	0	0	0	37528	160.72	34.75	26.00	141.72	35.14	133.65	33.43	1.30	33.74	10.06
10/25/2019 10:55:55 AM	4.27	35.36	2.85	0.00	0.00	0.00	0.00	0.54	42.48	100.00	3.13	14.73	2265	35356	1284	0	0	0	0	0	38905	161.41	35.24	26.63	146.96	36.17	135.01	35.75	1.31	33.71	10.05
10/25/2019 10:55:58 AM	3.13	33.95	3.08	0.00	0.00	0.00	0.00	0.67	40.16	100.00	3.16	14.74	1659	33947	1385	0	0	0	0	0	36992	161.90	34.50	25.34	140.32	35.49	130.24	34.31	1.31	33.74	10.08
10/25/2019 10:56:00 AM	3.39	35.70	3.16	0.00	0.00	0.00	0.00	0.62	42.25	100.00	3.20	14.78	1799	35698	1420	0	0	0	0	0	38917	160.88	35.85	27.51	147.42	36.60	136.60	35.43	1.31	33.72	10.08
10/25/2019 10:56:02 AM	4.45	36.61	2.82	0.00	0.00	0.00	0.00	0.60	43.89	100.00	3.23	14.82	2359	36614	1269	0	0	0	0	0	40243	160.65	36.42	27.44	153.78	37.60	137.82	36.84	1.32	33.71	10.05
10/25/2019 10:56:05 AM	2.76	34.99	4.01	0.00	0.00	0.00	0.00	0.73	41.76	100.00	3.29	14.83	1461	34992	1805	0	0	0	0	0	38259	160.73	37.04	26.33	141.24	37.63	138.80	37.79	1.32	33.73	10.06
10/25/2019 10:56:07 AM	3.04	35.76	3.59	0.00	0.00	0.00	0.00	0.70	42.40	100.00	3.33	14.78	1613	35759	1616	0	0	0	0	0	38989	160.80	36.83	27.87	147.38	37.53	137.58	36.83	1.33	33.70	10.06
10/25/2019 10:56:09 AM	2.71	33.80	4.33	0.00	0.00	0.00	0.00	0.68	40.84	100.00	3.39	14.73	1436	33802	1948	0	0	0	0	0	37186	160.94	36.84	26.41	139.38	36.90	131.99	38.25	1.33	33.65	10.06
10/25/2019 10:56:12 AM	3.72	33.95	3.81	0.00	0.00	0.00	0.00	0.52	41.47	100.00	3.43	14.62	1969	33948	1715	0	0	0	0	0	37632	160.92	36.01	26.11	141.59	35.94	130.97	37.60	1.34	33.67	10.07
10/25/2019 10:56:14 AM	2.98	35.25	3.42	0.00	0.00	0.00	0.00	0.64	41.66	100.00	3.46	14.54	1580	35254	1540	0	0	0	0	0	38373	160.99	36.06	26.38	145.52	36.45	135.33	35.45	1.34	33.66	10.06
10/25/2019 10:56:17 AM	3.21	37.49	2.88	0.00	0.00	0.00	0.00	0.64	43.58	100.00	3.49	14.59	1699	37492	1298	0	0	0	0	0	40490	160.84	36.64	28.25	155.70	37.30	141.03	34.50	1.34	33.67	10.06
10/25/2019 10:56:19 AM	3.49	37.58	3.05	0.00	0.00	0.00	0.00	0.59	44.13	100.00	3.53	14.64	1852	37582	1374	0	0	0	0	0	40808	160.79	37.11	27.72	155.82	37.43	142.38	35.50	1.35	33.66	10.10
10/25/2019 10:56:21 AM	2.39	35.91	3.44	0.00	0.00	0.00	0.00	0.73	41.74	100.00	3.55	14.67	1265	35914	1549	0	0	0	0	0	38727	161.24	36.35	26.88	145.59	36.99	139.65	34.84	1.35	33.65	10.05
10/25/2019 10:56:24 AM	2.29	35.24	3.40	0.00	0.00	0.00	0.00	0.73	40.94	100.00	3.57	14.74	1216	35244	1530	0	0	0	0	0	37991	160.76	35.60	27.22	141.93	36.40	137.97	34.27	1.35	33.61	10.06
10/25/2019 10:56:26 AM	2.95	35.44	3.37	0.00	0.00	0.00	0.00	0.66	41.76	100.00	3.60	14.77	1564	35438	1515	0	0	0	0	0	38517	161.29	36.00	26.52	144.56	36.64	137.61	35.38	1.35	33.60	10.05
10/25/2019 10:56:29 AM	3.30	34.66	3.30	0.00	0.00	0.00	0.00	0.67	41.26	100.00	3.62	14.79	1747	34665	1483	0	0	0	0	0	37895	161.29	35.51	25.99	142.42	36.48	134.23	35.82	1.36	33.58	10.08
10/25/2019 10:56:31 AM	3.98	36.38	3.07	0.00	0.00	0.00	0.00	0.63	43.43	100.00	3.65	14.84	2111	36383	1379	0	0	0	0	0	39874	159.86	36.39	27.47	148.85	37.62	141.08	36.83	1.36	33.61	10.10
10/25/2019 10:56:33 AM	4.05	37.81	2.83	0.00	0.00	0.00	0.00	0.61	44.69	100.00	3.68	14.89	2147	37810	1272	0	0	0	0	0	41229	160.98	36.89	28.54	155.06	38.01	145.11	36.25	1.36	33.59	10.07
10/25/2019 10:56:36 AM	3.95	37.91	2.61	0.00	0.00	0.00	0.00	0.63	44.47	100.00	3.71	14.92	2095	37911	1175	0	0	0	0	0	41181	161.10	36.46	29.01	155.58	37.80	144.71	35.31	1.36	33.56	10.08
10/25/2019 10:56:38 AM	4.19	37.27	2.28	0.00	0.00	0.00	0.00	0.65	43.75	100.00	3.74	14.88	2222	37269	1028	0	0	0	0	0	40519	161.54	35.54	28.81	155.08	37.35	139.91	34.61	1.37	33.58	10.10
10/25/2019 10:56:40 AM	4.03	36.41	2.56	0.00	0.00	0.00	0.00	0.68	43.00	100.00	3.77	14.82	2134	36411	1152	0	0	0	0	0	39697	162.01	35.61	27.54	151.61	37.35	137.46	35.32	1.37	33.56	10.08
10/25/2019 10:56:43 AM	4.36	36.98	2.47	0.00	0.00	0.00	0.00	0.63	43.81	100.00	3.79	14.84	2313	36981	1111	0	0	0	0	0	40404	161.56	35.86	27.89	154.21	37.50	139.33	35.57	1.37	33.54	10.09
10/25/2019 10:56:45 AM	2.30	32.01	3.29	0.00	0.00	0.00	0.00	0.74	37.61	100.00	3.82	14.86	1219	32013	1482	0	0	0	0	0	34714	160.74	33.16	24.80	130.22	34.35	125.19	33.11	1.37	33.54	10.08
10/25/2019 10:56:48 AM	2.91	31.63	3.59	0.00	0.00	0.00	0.00	0.79	38.12	100.00	3.86	14.87	1540	31629	1616	0	0	0	0	0	34784	160.10	34.09	24.37	131.20	35.62	122.75	36.09	1.38	33.52	10.09
10/25/2019 10:56:50 AM	2.46	31.99	3.39	0.00	0.00	0.00	0.00	0.70	37.84	100.00	3.89	14.80	1302	31989	1526	0	0	0	0	0	34817	160.00	33.41	24.46	130.94	34.27	124.67	33.55	1.38	33.52	10.09
10/25/2019 10:56:52 AM	3.84	37.56	2.66	0.00	0.00	0.00	0.00	0.64	44.05	100.00	3.92	14.74	2033	37556	1196	0	0	0	0	0	40785	160.60	36.42	27.64	154.36	37.68	143.40	35.22	1.38	33.48	10.08
10/25/2019 10:56:55 AM	4.19	36.60	2.56	0.00	0.00	0.00	0.00	0.62	43.35	100.00	3.96	14.71	2222	36602	1152	0	0	0	0	0	39976	160.06	35.60	28.08	151.77	37.15	138.84	35.36	1.39	33.52	10.06
10/25/2019 10:56:57 AM	3.15	36.57	2.83	0.00	0.00	0.00	0.00	0.79	42.55	100.00	3.98	14.71	1671	36566	1275	0	0	0	0	0	39512	161.07	35.95	28.12	149.28	37.81	140.51	35.01	1.39	33.50	10.10
10/25/2019 10:57:00 AM	2.36	34.32	3.26	0.00	0.00	0.00	0.00	0.87	39.94	100.00	4.01	14.73	1249	34324	1467	0	0	0	0	0	37040	161.15	35.16	25.60	139.71	36.85	133.33	34.64	1.39	33.46	10.06
10/25/2019 10:57:02 AM	4.36	36.13	2.29	0.00	0.00	0.00	0.00	0.61	42.78	100.00	4.04	14.74	2310	36130	1030	0	0	0	0	0	39470	160.20	34.96	27.22	153.17	36.50	133.49	34.44	1.40	33.45	10.09
10/25/2019 10:57:04 AM	2.06	35.12	3.38	0.00	0.00	0.00	0.00	0.82	40.57	100.00	4.07	14.77	1091	35124	1523	0	0	0	0	0	37737	160.89	35.67	26.57	141.91	36.81	136.91	34.23	1.40	33.45	10.06
10/25/2019 10:57:07 AM	3.36	36.56	3.05	0.00	0.00	0.00	0.00	0.70	42.97	100.00	4.11	14.75	1783	36557	1370	0	0	0	0	0	39710	159.53	36.44	27.73	150.96	37.59	139.38	35.71	1.40	33.43	10.07
10/25/2019 10:57:09 AM	3.56	38.17	3.07	0.00	0.00	0.00	0.00	0.70	44.80	100.00	4.13	14.74	1885	38168	1383	0	0	0	0	0	41437	159.31	37.67	29.47	157.06	38.87	145.62	36.78	1.40	33.43	10.06
10/25/2019 10:57:11 AM	3.49	38.76	3.24	0.00	0.00	0.00	0.00	0.75	45.50	100.00	4.16	14.76	1851	38759	1460	0	0	0	0	0	42070	160.50	38.54	28.56	157.49	39.76	150.25	37.72	1.41	33.41	10.08
10/25/2019 10:57:14 AM	4.69	38.82	2.68	0.00	0.00	0.00	0.00	0.67	46.19	100.00	4.19	14.79	2485	38821	1206	0	0	0	0	0	42511	161.98	37.85	29.60	161.71	39.63	146.51	38.02	1.41	33.41	10.08
10/25/2019 10:57:16 AM	4.82	37.17	2.57	0.00	0.00	0.00	0.00	0.64	44.56	100.00	4.22	14.78	2552	37169	1157	0	0	0	0	0	40879	162.04	36.35	29.48	155.80	38.32	139.71	37.27	1.41	33.40	10.06
10/25/2019 10:57:19 AM	3.90	34.02	2.78	0.00	0.00	0.00	0.00	0.74	40.69	100.00	4.26	14.79	2066	34017	1250	0	0	0	0	0	37333	162.32	34.43	25.39	141.24	36.53	130.31	35.63	1.42	33.39	10.10
10/25/2019 10:57:21 AM	3.02	33.60	3.29	0.00	0.00	0.00	0.00	0.84	39.91	100.00	4.27	14.79	1600	33604	1480	0	0	0	0	0	36684	162.50	34.99	25.57	138.51	36.90	129.90	36.04	1.42	33.38	10.07
10/25/2019 10:57:23 AM	3.50	34.68	3.26	0.00	0.00	0.00	0.00	0.84	41.44	100.00	4.30	14.80	1854	34678	1469	0	0	0	0	0	38000	162.42	35.91	26.82	143.58	38.04	133.37	37.45	1.42	33.36	10.07
10/25/2019 10:57:26 AM	4.88	37.76	2.56	0.00	0.00	0.00	0.00	0.65	45.20	100.00	4.34	14.80	2584	37764	1152	0	0	0	0	0	41501	161.29	37.10	28.99	161.20	38.86	138.89	37.63	1.43	33.34	10.06
10/25/2019 10:57:28 AM	5.71	40.64	2.14	0.00	0.00	0.00	0.00	0.60	48.48	100.00	4.36	14.79	3024	40635	964	0	0	0	0	0	44623	159.79	38.50	30.98	173.02	40.45	148.80	38.42	1.43	33.34	10.07
10/25/2019 10:57:30 AM	3.18	38.94	3.64	0.00	0.00	0.00	0.00	0.80	45.75	100.00	4.37	14.62	1683	38940	1636	0	0	0	0	0	42260	160.03	39.35	29.76	157.17	40.58	152.26	38.95	1.43	33.32	10.07
10/25/2019 10:57:33 AM	2.72	36.71	3.07	0.00	0.00	0.00	0.00	0.75	42.50	100.00	4.39	14.50	1441	36711	1380	0	0	0	0	0	39533	159.93	36.22	27.38	147.51	37.46	143.47	34.57	1.43	33.30	10.06
10/25/2019 10:57:35 AM	3.02	36.15	2.94	0.00	0.00	0.00	0.00	0.76	42.11	100.00	4.43	14.48	1601	36150	1321	0	0	0	0	0	39072	160.29	36.04	27.56	151.64	37.32	134.91	34.74	1.43	33.29	10.06
10/25/2019 10:57:38 AM	2.63	35.78	3.22	0.00	0.00	0.00	0.00	0.73	41.63	100.00	4.45	14.44	1393	35775	1450	0	0	0	0	0	38618	158.85	35.82	27.42	145.25	36.82	138.69	34.55	1.44	33.29	10.08
10/25/2019 10:57:40 AM	2.65	34.05	3.50	0.00	0.00	0.00	0.00	0.76	40.19	100.00	4.46	14.41	1402	34045	1575	0	0	0	0	0	37023	160.49	35.31	26.07	138.73	36.43	132.87	35.46	1.44	33.26	10.07
10/25/2019 10:57:42 AM	2.47	34.19	3.61	0.00	0.00	0.00	0.00	0.77	40.27	100.00	4.47	14.40	1310	34190	1625	0	0	0	0	0	37126	160.12	35.73	25.85	140.72	36.62	131.99	35.60	1.44	33.24	10.06
10/25/2019 10:57:45 AM	3.75	34.38	2.99	0.00	0.00	0.00	0.00	0.64	41.13	100.00	4.49	14.47	1986	34384	1347	0	0	0	0	0	37717	162.00	34.92	26.07	143.98	36.12	130.34	35.51	1.44	33.26	10.06
10/25/2019 10:57:47 AM	3.65	33.34	2.80	0.00	0.00	0.00	0.00	0.68	39.79	100.00	4.53	14.51	1934	33338	1259	0	0	0	0	0	36531	162.95	33.77	25.38	139.49	35.40	126.48	34.50	1.44	33.26	10.07
10/25/2019 10:57:50 AM	3.76	33.44	2.68	0.00	0.00	0.00	0.00	0.62	39.88	100.00	4.56	14.52	1992	33441	1205	0	0	0	0	0	36637	161.86	33.75	25.15	143.50	34.90	122.97	33.87	1.45	33.23	10.08
10/25/2019 10:57:52 AM	2.42	31.38	3.33	0.00	0.00	0.00	0.00	0.74	37.14	100.00	4.60	14.49	1284	31380	1500	0	0	0	0	0	34165	160.76	33.02	24.01	129.80	34.15	121.08	33.41	1.45	33.21	10.06
10/25/2019 10:57:54 AM	4.06	34.09	2.48	0.00	0.00	0.00	0.00	0.59	40.62	100.00	4.63	14.39	2150	34091	1114	0	0	0	0	0	37354	160.85	33.60	25.74	142.87	35.03	128.53	33.75	1.45	33.18	10.04
10/25/2019 10:57:57 AM	3.77	34.71	2.49	0.00	0.00	0.00	0.00	0.64	40.98	100.00	4.65	14.37	2001	34708	1122	0	0	0	0	0	37831	160.84	34.07	26.15	145.08	35.58	130.68	33.65	1.46	33.19	10.07
10/25/2019 10:57:59 AM	2.77	33.48	2.72	0.00	0.00	0.00	0.00	0.72	38.97	100.00	4.69	14.40	1468	33483	1222	0	0	0	0	0	36172	161.02	33.30	24.94	137.74	34.72	128.18	32.22	1.46	33.19	10.07
10/25/2019 10:58:01 AM	2.56	31.72	2.75	0.00	0.00	0.00	0.00	0.76	37.04	100.00	4.72	14.41	1359	31723	1237	0	0	0	0	0	34319	161.93	32.06	24.23	130.77	33.78	121.67	31.66	1.46	33.14	10.04
10/25/2019 10:58:04 AM	2.53	30.56	2.90	0.00	0.00	0.00	0.00	0.73	35.99	100.00	4.76	14.39	1343	30559	1306	0	0	0	0	0	33207	160.86	31.44	23.22	125.13	33.06	118.90	31.71	1.47	33.15	10.09
10/25/2019 10:58:06 AM	2.57	29.32	2.95	0.00	0.00	0.00	0.00	0.69	34.84	100.00	4.79	14.38	1361	29321	1330	0	0	0	0	0	32012	163.20	30.63	22.14	120.43	32.08	114.44	31.39	1.47	33.13	10.06
10/25/2019 10:58:09 AM	2.68	31.26	3.24	0.00	0.00	0.00	0.00	0.72	37.17	100.00	4.82	14.41	1420	31255	1458	0	0	0	0	0	34133	162.27	32.65	24.10	127.41	34.04	122.70	33.52	1.47	33.13	10.06
10/25/2019 10:58:11 AM	3.31	30.93	3.01	0.00	0.00	0.00	0.00	0.79	37.25	100.00	4.83	14.47	1756	30927	1353	0	0	0	0	0	34036	160.77	32.46	23.22	127.32	34.72	120.83	34.59	1.47	33.12	10.08
10/25/2019 10:58:13 AM	1.69	28.41	3.81	0.00	0.00	0.00	0.00	0.80	33.90	100.00	4.86	14.46	893	28405	1714	0	0	0	0	0	31012	162.14	31.53	22.70	115.76	32.71	112.79	33.07	1.48	33.10	10.04
10/25/2019 10:58:16 AM	1.69	29.18	3.39	0.00	0.00	0.00	0.00	0.86	34.26	100.00	4.90	14.45	898	29182	1524	0	0	0	0	0	31604	162.64	31.32	23.18	118.93	33.11	114.66	32.10	1.48	33.08	10.06
10/25/2019 10:58:18 AM	2.81	25.56	2.21	0.00	0.00	0.00	0.00	0.62	30.58	100.00	4.94	14.41	1490	25558	996	0	0	0	0	0	28044	162.76	26.35	20.19	108.18	28.31	96.87	27.57	1.48	33.08	10.06
10/25/2019 10:58:21 AM	1.44	21.26	2.15	0.65	0.00	0.00	0.00	0.79	25.51	100.00	4.96	14.33	765	21264	968	20	0	0	0	0	23017	163.53	24.25	17.02	87.37	26.34	87.05	26.03	1.49	33.05	10.06
10/25/2019 10:58:23 AM	3.10	25.67	1.48	0.00	0.00	0.00	0.00	0.60	30.25	100.00	5.01	14.24	1641	25668	667	0	0	0	0	0	27976	162.75	24.92	19.95	108.49	27.42	96.26	25.26	1.49	33.04	10.04
10/25/2019 10:58:25 AM	3.17	25.63	1.45	0.00	0.00	0.00	0.00	0.64	30.25	100.00	5.04	14.23	1681	25628	652	0	0	0	0	0	27961	162.91	25.02	19.40	108.49	27.81	96.12	25.64	1.49	33.03	10.04
10/25/2019 10:58:28 AM	0.94	19.58	2.12	0.00	0.00	0.00	0.00	0.73	22.64	100.00	5.08	14.23	498	19580	956	0	0	0	0	0	21035	164.36	21.08	16.04	80.83	23.37	76.85	21.68	1.50	33.02	10.08
10/25/2019 10:58:30 AM	1.77	20.05	1.76	0.00	0.00	0.00	0.00	0.68	23.57	100.00	5.12	14.21	938	20046	790	0	0	0	0	0	21775	164.16	20.92	15.88	83.14	23.58	78.40	22.08	1.50	33.01	10.06
10/25/2019 10:58:32 AM	2.20	19.60	1.40	0.00	0.00	0.00	0.00	0.60	23.19	100.00	5.18	14.17	1167	19595	628	0	0	0	0	0	21390	164.37	19.97	14.50	82.36	22.56	75.66	21.03	1.51	32.99	10.05
10/25/2019 10:58:35 AM	0.68	18.04	1.81	0.00	0.00	0.00	0.00	0.66	20.53	100.00	5.22	14.18	362	18044	812	0	0	0	0	0	19219	164.74	19.02	13.78	73.21	21.10	72.10	18.84	1.51	32.99	10.06
10/25/2019 10:58:37 AM	1.59	17.95	1.55	0.00	0.00	0.00	0.00	0.62	21.09	100.00	5.27	14.18	842	17946	698	0	0	0	0	0	19486	165.36	18.89	13.47	75.47	21.33	69.68	19.84	1.52	32.98	10.08
10/25/2019 10:58:40 AM	1.60	17.84	1.22	0.00	0.00	0.00	0.00	0.60	20.66	100.00	5.31	14.18	850	17840	548	0	0	0	0	0	19238	165.17	17.98	13.83	74.66	20.63	68.93	18.40	1.52	32.97	10.04
10/25/2019 10:58:42 AM	1.53	17.96	1.49	0.00	0.00	0.00	0.00	0.63	20.97	100.00	5.35	14.21	811	17956	669	0	0	0	0	0	19436	165.52	18.71	13.43	74.72	21.28	70.34	19.53	1.52	32.95	10.08
10/25/2019 10:58:44 AM	1.36	17.68	1.47	0.00	0.00	0.00	0.00	0.63	20.51	100.00	5.39	14.24	721	17685	661	0	0	0	0	0	19066	164.54	18.37	13.22	72.98	20.91	69.80	18.96	1.53	32.93	10.04
10/25/2019 10:58:47 AM	0.92	16.29	1.77	0.00	0.00	0.00	0.00	0.68	18.98	100.00	5.42	14.27	488	16287	796	0	0	0	0	0	17571	165.51	17.85	12.78	66.87	20.38	65.44	19.00	1.53	32.93	10.05
10/25/2019 10:58:49 AM	1.74	16.06	1.35	0.00	0.00	0.00	0.00	0.62	19.15	100.00	5.47	14.28	923	16058	608	0	0	0	0	0	17590	166.18	17.11	12.74	68.13	20.00	62.50	18.93	1.54	32.93	10.05
10/25/2019 10:58:52 AM	0.94	15.50	1.37	0.34	0.00	0.00	0.00	0.71	18.16	100.00	5.49	14.31	497	15503	619	10	0	0	0	0	16628	165.01	17.31	12.11	63.72	19.99	63.65	18.55	1.54	32.88	10.06
10/25/2019 10:58:54 AM	1.51	17.60	1.56	0.00	0.00	0.00	0.00	0.62	20.66	100.00	5.53	14.33	798	17598	702	0	0	0	0	0	19098	165.82	18.58	13.47	73.74	21.02	68.67	19.56	1.54	32.90	10.03
10/25/2019 10:58:56 AM	1.42	18.08	1.58	0.00	0.00	0.00	0.00	0.65	21.08	100.00	5.56	14.34	752	18082	709	0	0	0	0	0	19543	164.90	18.94	14.14	75.39	21.48	70.56	19.74	1.55	32.86	10.05
10/25/2019 10:58:59 AM	0.54	16.27	1.98	0.00	0.00	0.00	0.00	0.70	18.80	100.00	5.59	14.32	289	16269	892	0	0	0	0	0	17450	165.58	18.17	12.77	66.45	20.47	65.71	19.04	1.55	32.87	10.03
10/25/2019 10:59:01 AM	1.07	17.01	1.89	0.00	0.00	0.00	0.00	0.62	19.96	100.00	5.63	14.33	567	17005	849	0	0	0	0	0	18422	164.87	18.63	13.33	71.06	20.67	66.97	19.59	1.55	32.87	10.04
10/25/2019 10:59:03 AM	0.76	15.64	2.04	0.00	0.00	0.00	0.00	0.66	18.45	100.00	5.66	14.32	401	15644	920	0	0	0	0	0	16965	165.53	17.92	12.30	64.77	20.08	63.04	19.39	1.55	32.83	10.06
10/25/2019 10:59:06 AM	0.80	13.92	1.71	0.00	0.00	0.00	0.00	0.65	16.43	100.00	5.71	14.31	423	13921	769	0	0	0	0	0	15114	165.57	15.91	11.39	57.95	18.48	56.20	17.64	1.56	32.82	10.06
10/25/2019 10:59:08 AM	1.33	13.51	1.22	0.00	0.00	0.00	0.00	0.58	16.05	100.00	5.74	14.29	703	13513	547	0	0	0	0	0	14763	165.36	14.78	10.94	58.80	17.47	51.80	16.40	1.56	32.80	10.04
10/25/2019 10:59:11 AM	1.13	13.31	1.33	0.00	0.00	0.00	0.00	0.63	15.77	100.00	5.78	14.28	601	13311	597	0	0	0	0	0	14510	164.74	14.83	10.36	56.16	17.72	53.11	16.66	1.57	32.80	10.06
10/25/2019 10:59:13 AM	1.40	15.17	1.19	0.00	0.00	0.00	0.00	0.60	17.76	100.00	5.81	14.27	744	15167	535	0	0	0	0	0	16446	165.22	15.85	12.15	63.55	18.67	59.61	17.04	1.57	32.78	10.04
10/25/2019 10:59:15 AM	1.25	15.58	1.30	0.00	0.00	0.00	0.00	0.61	18.13	100.00	5.84	14.28	661	15584	585	0	0	0	0	0	16831	164.73	16.38	12.33	65.47	19.02	60.87	17.27	1.57	32.79	10.05
10/25/2019 10:59:18 AM	0.71	13.34	0.00	1.94	0.00	0.00	0.00	0.67	15.99	100.00	5.87	14.30	377	13343	0	58	0	0	0	0	13778	164.57	16.06	11.02	56.26	18.10	59.47	16.72	1.57	32.77	10.04
10/25/2019 10:59:20 AM	0.86	13.45	1.39	0.00	0.00	0.00	0.00	0.56	15.70	100.00	5.91	14.29	454	13450	627	0	0	0	0	0	14531	164.60	14.71	11.12	56.39	16.98	53.49	15.71	1.58	32.75	10.04
10/25/2019 10:59:22 AM	0.62	9.49	0.86	0.25	0.00	0.00	0.00	0.55	11.21	100.00	5.96	14.18	330	9491	385	7	0	0	0	0	10213	164.13	11.16	7.74	39.95	13.72	40.08	12.65	1.58	32.75	10.04
10/25/2019 10:59:25 AM	1.00	10.82	0.81	0.00	0.00	0.00	0.00	0.50	12.64	100.00	6.01	14.05	531	10822	366	0	0	0	0	0	11719	163.82	11.57	8.40	46.18	14.17	43.01	12.66	1.59	32.75	10.03
10/25/2019 10:59:27 AM	0.79	10.73	1.04	0.00	0.00	0.00	0.00	0.51	12.56	100.00	6.05	13.99	421	10730	467	0	0	0	0	0	11618	163.80	11.86	8.74	45.33	14.27	43.32	13.05	1.59	32.72	10.05
10/25/2019 10:59:30 AM	0.83	9.92	0.86	0.00	0.00	0.00	0.00	0.45	11.61	100.00	6.10	13.94	439	9920	388	0	0	0	0	0	10747	163.66	10.80	7.84	42.06	13.06	40.17	11.80	1.60	32.72	10.03
10/25/2019 10:59:32 AM	0.74	9.67	0.86	0.00	0.00	0.00	0.00	0.50	11.27	100.00	6.15	13.91	391	9670	387	0	0	0	0	0	10448	163.56	10.69	7.74	41.26	13.22	39.00	11.85	1.60	32.70	10.04
10/25/2019 10:59:34 AM	0.87	10.34	0.83	0.00	0.00	0.00	0.00	0.49	12.05	100.00	6.19	13.97	463	10342	373	0	0	0	0	0	11179	164.08	11.21	7.83	44.17	13.70	41.31	12.22	1.61	32.71	10.02
10/25/2019 10:59:37 AM	1.06	10.48	0.81	0.00	0.00	0.00	0.00	0.45	12.35	100.00	6.25	14.04	561	10480	366	0	0	0	0	0	11407	163.88	11.28	8.05	45.10	13.64	41.55	12.38	1.61	32.68	10.02
10/25/2019 10:59:39 AM	0.51	9.35	1.07	0.00	0.00	0.00	0.00	0.52	10.93	100.00	6.32	14.07	272	9346	480	0	0	0	0	0	10098	163.58	10.79	8.00	39.31	13.30	38.62	12.21	1.62	32.67	10.03
10/25/2019 10:59:42 AM	0.44	9.72	1.01	0.00	0.00	0.00	0.00	0.52	11.18	100.00	6.36	14.03	233	9724	455	0	0	0	0	0	10413	163.63	10.93	7.83	40.55	13.36	40.09	11.89	1.62	32.65	10.02
10/25/2019 10:59:44 AM	1.11	11.57	0.75	0.00	0.00	0.00	0.00	0.46	13.42	100.00	6.42	14.02	587	11565	337	0	0	0	0	0	12489	163.17	11.94	8.81	49.31	14.31	45.43	12.57	1.63	32.62	10.04
10/25/2019 10:59:46 AM	0.52	10.04	1.09	0.00	0.00	0.00	0.00	0.50	11.65	100.00	6.45	13.96	276	10038	492	0	0	0	0	0	10806	163.24	11.35	7.81	42.03	13.57	41.26	12.32	1.63	32.62	10.03
10/25/2019 10:59:49 AM	0.69	10.61	0.97	0.08	0.00	0.00	0.00	0.48	12.34	100.00	6.49	13.92	364	10608	435	2	0	0	0	0	11409	163.10	11.67	8.32	44.01	13.85	43.89	12.51	1.64	32.60	10.01
10/25/2019 10:59:51 AM	0.52	10.05	0.98	0.00	0.00	0.00	0.00	0.50	11.55	100.00	6.54	13.92	278	10048	442	0	0	0	0	0	10768	163.23	11.10	8.00	41.85	13.46	41.26	11.94	1.64	32.60	10.06
10/25/2019 10:59:53 AM	0.49	9.53	0.92	0.00	0.00	0.00	0.00	0.50	10.94	100.00	6.61	13.88	262	9526	415	0	0	0	0	0	10203	163.16	10.61	7.42	40.02	12.98	39.03	11.46	1.65	32.56	10.02
10/25/2019 10:59:56 AM	0.45	8.67	0.71	0.31	0.00	0.00	0.00	0.50	10.13	100.00	6.69	13.88	237	8666	320	9	0	0	0	0	9232	162.78	10.22	7.10	36.64	12.50	36.93	11.28	1.66	32.55	10.02
10/25/2019 10:59:58 AM	1.18	10.43	0.70	0.00	0.00	0.00	0.00	0.44	12.31	100.00	6.75	13.88	625	10434	313	0	0	0	0	0	11371	162.78	11.09	7.91	45.88	13.49	40.31	12.14	1.66	32.54	10.02
10/25/2019 11:00:01 AM	0.73	9.64	0.82	0.00	0.00	0.00	0.00	0.47	11.19	100.00	6.79	13.88	389	9636	367	0	0	0	0	0	10392	163.54	10.50	7.67	40.85	12.91	39.05	11.47	1.67	32.55	10.02
10/25/2019 11:00:03 AM	1.06	9.32	0.64	0.00	0.00	0.00	0.00	0.44	11.02	100.00	6.82	13.91	560	9325	287	0	0	0	0	0	10171	162.95	10.04	7.25	40.79	12.52	36.78	11.26	1.67	32.53	10.04
10/25/2019 11:00:05 AM	0.49	8.72	0.93	0.00	0.00	0.00	0.00	0.49	10.13	100.00	6.89	13.96	261	8717	416	0	0	0	0	0	9393	162.45	10.03	6.88	37.12	12.40	35.82	11.18	1.67	32.51	10.04
10/25/2019 11:00:08 AM	0.47	8.67	0.90	0.00	0.00	0.00	0.00	0.49	10.04	100.00	6.98	13.94	249	8675	404	0	0	0	0	0	9328	162.72	9.90	6.96	36.59	12.32	35.95	11.01	1.68	32.49	10.00
10/25/2019 11:00:10 AM	0.42	8.92	0.87	0.00	0.00	0.00	0.00	0.48	10.22	100.00	7.03	13.90	224	8918	393	0	0	0	0	0	9536	162.59	9.96	7.19	37.31	12.32	36.94	10.81	1.69	32.48	10.01
10/25/2019 11:00:12 AM	0.19	8.48	1.04	0.00	0.00	0.00	0.00	0.48	9.72	100.00	7.16	13.89	103	8482	470	0	0	0	0	0	9055	162.69	9.93	6.87	35.58	12.06	35.45	10.79	1.70	32.49	10.00
10/25/2019 11:00:15 AM	0.69	8.61	0.84	0.00	0.00	0.00	0.00	0.45	10.14	100.00	7.28	13.88	364	8611	379	0	0	0	0	0	9354	162.71	9.79	6.91	37.08	12.13	35.09	11.06	1.71	32.47	10.01
10/25/2019 11:00:17 AM	0.47	8.67	0.93	0.00	0.00	0.00	0.00	0.46	10.07	100.00	7.36	13.86	247	8675	416	0	0	0	0	0	9339	162.72	9.89	6.87	36.60	12.10	35.98	10.89	1.72	32.46	10.04
10/25/2019 11:00:20 AM	0.70	8.52	0.72	0.00	0.00	0.00	0.00	0.44	9.95	100.00	7.49	13.84	373	8524	326	0	0	0	0	0	9222	162.68	9.43	6.90	36.47	11.84	34.80	10.54	1.73	32.44	10.02
10/25/2019 11:00:22 AM	0.64	9.00	0.80	0.00	0.00	0.00	0.00	0.45	10.44	100.00	7.57	13.82	338	8997	362	0	0	0	0	0	9697	162.49	9.94	7.20	38.39	12.24	36.53	10.87	1.74	32.42	10.01
10/25/2019 11:00:24 AM	0.67	8.57	0.79	0.00	0.00	0.00	0.00	0.46	10.04	100.00	7.64	13.86	358	8569	356	0	0	0	0	0	9283	162.58	9.65	6.90	37.04	12.03	34.68	10.83	1.75	32.42	10.04
10/25/2019 11:00:27 AM	0.41	8.19	0.89	0.00	0.00	0.00	0.00	0.46	9.49	100.00	7.74	13.87	217	8188	401	0	0	0	0	0	8806	162.57	9.47	6.59	35.06	11.71	33.69	10.49	1.76	32.41	10.01
10/25/2019 11:00:29 AM	0.45	8.30	0.88	0.00	0.00	0.00	0.00	0.45	9.63	100.00	7.83	13.84	240	8297	397	0	0	0	0	0	8933	163.03	9.51	6.71	35.49	11.68	34.09	10.48	1.77	32.40	10.00
10/25/2019 11:00:32 AM	0.25	7.72	0.99	0.00	0.00	0.00	0.00	0.50	8.96	100.00	7.94	13.84	133	7718	444	0	0	0	0	0	8295	162.59	9.34	6.25	32.84	11.70	32.42	10.63	1.78	32.38	10.02
10/25/2019 11:00:34 AM	0.42	8.34	0.96	0.00	0.00	0.00	0.00	0.46	9.71	100.00	7.99	13.83	223	8337	431	0	0	0	0	0	8990	162.51	9.70	6.73	35.30	11.93	34.72	10.84	1.78	32.36	10.00
10/25/2019 11:00:36 AM	0.71	9.26	0.82	0.00	0.00	0.00	0.00	0.45	10.78	100.00	8.05	13.87	375	9258	368	0	0	0	0	0	10002	162.66	10.19	7.38	39.60	12.47	37.40	11.15	1.79	32.36	9.99
10/25/2019 11:00:39 AM	0.40	8.65	0.89	0.00	0.00	0.00	0.00	0.46	9.95	100.00	8.11	13.87	213	8655	403	0	0	0	0	0	9271	162.23	9.76	7.01	36.43	11.94	35.81	10.57	1.80	32.36	10.00
10/25/2019 11:00:41 AM	0.60	8.81	0.86	0.00	0.00	0.00	0.00	0.45	10.26	100.00	8.16	13.88	316	8805	388	0	0	0	0	0	9509	162.33	9.89	6.95	37.28	12.14	36.29	10.92	1.80	32.33	10.00
10/25/2019 11:00:43 AM	0.73	9.20	0.78	0.00	0.00	0.00	0.00	0.44	10.71	100.00	8.21	13.89	386	9204	352	0	0	0	0	0	9942	162.85	10.07	7.44	39.61	12.36	36.90	11.01	1.80	32.32	10.01
10/25/2019 11:00:46 AM	0.52	8.95	0.96	0.00	0.00	0.00	0.00	0.44	10.43	100.00	8.29	13.89	277	8946	434	0	0	0	0	0	9657	162.42	10.15	7.34	38.12	12.22	36.56	11.11	1.81	32.28	10.00
10/25/2019 11:00:48 AM	0.43	8.71	1.02	0.00	0.00	0.00	0.00	0.48	10.16	100.00	8.34	13.86	226	8706	461	0	0	0	0	0	9393	162.44	10.17	6.93	37.08	12.36	35.88	11.31	1.82	32.29	10.00
10/25/2019 11:00:51 AM	0.69	9.53	0.87	0.00	0.00	0.00	0.00	0.46	11.09	100.00	8.40	13.88	367	9527	391	0	0	0	0	0	10286	162.78	10.46	7.57	40.01	12.75	39.13	11.43	1.82	32.29	10.01
10/25/2019 11:00:53 AM	0.61	8.34	0.23	0.84	0.00	0.00	0.00	0.50	10.02	100.00	8.45	13.90	325	8339	105	25	0	0	0	0	8794	162.41	10.24	7.26	35.99	12.38	36.86	11.35	1.83	32.25	9.99
10/25/2019 11:00:55 AM	0.72	9.10	0.86	0.00	0.00	0.00	0.00	0.48	10.67	100.00	8.50	13.92	381	9096	385	0	0	0	0	0	9862	161.94	10.21	7.41	38.95	12.68	36.93	11.49	1.83	32.24	9.98
10/25/2019 11:00:58 AM	0.65	8.17	0.02	1.07	0.00	0.00	0.00	0.55	9.91	100.00	8.56	13.95	343	8171	7	32	0	0	0	0	8554	162.30	10.35	7.16	35.56	12.71	36.84	11.65	1.84	32.25	10.00
10/25/2019 11:01:00 AM	0.69	9.01	0.94	0.00	0.00	0.00	0.00	0.48	10.64	100.00	8.60	13.96	365	9015	423	0	0	0	0	0	9803	162.86	10.32	7.12	37.94	12.77	37.55	11.78	1.84	32.23	9.98
10/25/2019 11:01:03 AM	0.52	8.43	0.97	0.00	0.00	0.00	0.00	0.52	9.91	100.00	8.67	13.96	274	8430	435	0	0	0	0	0	9138	161.89	9.96	6.80	35.52	12.60	35.42	11.59	1.85	32.24	10.00
10/25/2019 11:01:05 AM	0.42	8.32	0.90	0.14	0.00	0.00	0.00	0.53	9.78	100.00	8.72	13.93	222	8324	404	4	0	0	0	0	8954	161.54	10.03	6.76	35.20	12.55	35.34	11.51	1.85	32.21	9.98
10/25/2019 11:01:07 AM	0.55	8.54	0.89	0.00	0.00	0.00	0.00	0.52	9.98	100.00	8.80	13.93	291	8545	398	0	0	0	0	0	9234	161.22	9.89	6.88	36.36	12.54	35.30	11.34	1.86	32.18	9.99
10/25/2019 11:01:10 AM	0.39	8.55	0.92	0.09	0.00	0.00	0.00	0.53	9.96	100.00	8.88	13.92	205	8554	415	3	0	0	0	0	9177	161.60	10.11	7.04	36.06	12.63	35.99	11.45	1.87	32.20	9.96
10/25/2019 11:01:12 AM	0.47	8.00	0.75	0.22	0.00	0.00	0.00	0.49	9.43	100.00	8.93	13.91	249	7999	336	7	0	0	0	0	8590	161.69	9.58	6.75	34.05	11.96	34.13	10.94	1.88	32.16	9.96
10/25/2019 11:01:14 AM	0.45	7.98	0.91	0.00	0.00	0.00	0.00	0.44	9.34	100.00	8.99	13.89	240	7984	409	0	0	0	0	0	8632	162.32	9.36	6.45	34.49	11.51	32.78	10.49	1.88	32.16	9.98
10/25/2019 11:01:17 AM	0.79	8.23	0.70	0.00	0.00	0.00	0.00	0.43	9.72	100.00	9.08	13.89	417	8234	313	0	0	0	0	0	8964	162.50	9.24	6.66	36.34	11.61	32.77	10.49	1.89	32.15	9.99
10/25/2019 11:01:19 AM	0.31	8.31	0.81	0.00	0.00	0.00	0.00	0.49	9.43	100.00	9.14	13.85	164	8311	366	0	0	0	0	0	8841	162.14	9.37	6.76	35.16	11.78	34.24	10.16	1.90	32.14	9.97
10/25/2019 11:01:22 AM	0.38	8.23	0.82	0.00	0.00	0.00	0.00	0.47	9.43	100.00	9.22	13.83	200	8226	370	0	0	0	0	0	8796	162.11	9.33	6.52	34.82	11.66	34.06	10.21	1.90	32.12	9.98
10/25/2019 11:01:24 AM	0.47	8.11	0.77	0.00	0.00	0.00	0.00	0.47	9.35	100.00	9.31	13.83	248	8108	347	0	0	0	0	0	8702	161.96	9.19	6.45	34.58	11.61	33.42	10.21	1.91	32.12	9.98
10/25/2019 11:01:26 AM	0.22	7.48	0.88	0.00	0.00	0.00	0.00	0.48	8.58	100.00	9.40	13.85	117	7477	398	0	0	0	0	0	7992	162.91	8.88	6.01	31.70	11.22	31.50	9.94	1.92	32.11	9.98
10/25/2019 11:01:29 AM	0.54	7.88	0.80	0.00	0.00	0.00	0.00	0.46	9.21	100.00	9.49	13.86	284	7881	358	0	0	0	0	0	8522	162.44	9.06	6.64	33.84	11.48	32.51	10.34	1.93	32.09	9.96
10/25/2019 11:01:31 AM	0.47	8.28	0.82	0.00	0.00	0.00	0.00	0.44	9.56	100.00	9.54	13.85	250	8277	367	0	0	0	0	0	8894	162.04	9.36	6.56	35.51	11.54	33.81	10.22	1.93	32.09	9.96
10/25/2019 11:01:33 AM	0.40	8.13	0.89	0.00	0.00	0.00	0.00	0.46	9.41	100.00	9.60	13.87	209	8129	399	0	0	0	0	0	8737	161.01	9.40	6.55	34.61	11.65	33.67	10.43	1.94	32.08	9.94
10/25/2019 11:01:36 AM	0.36	7.84	0.98	0.00	0.00	0.00	0.00	0.48	9.18	100.00	9.65	13.88	191	7839	440	0	0	0	0	0	8470	161.09	9.42	6.40	33.58	11.71	32.67	10.76	1.95	32.05	9.97
10/25/2019 11:01:38 AM	0.45	7.95	0.82	0.00	0.00	0.00	0.00	0.46	9.22	100.00	9.69	13.88	238	7949	369	0	0	0	0	0	8557	162.63	9.19	6.36	34.28	11.53	32.58	10.28	1.95	32.04	9.96
10/25/2019 11:01:41 AM	0.28	8.15	0.81	0.00	0.00	0.00	0.00	0.48	9.24	100.00	9.73	13.89	146	8155	363	0	0	0	0	0	8664	162.38	9.24	6.38	34.50	11.58	33.70	9.95	1.95	32.03	9.95
10/25/2019 11:01:43 AM	0.47	8.54	0.83	0.00	0.00	0.00	0.00	0.48	9.84	100.00	9.79	13.92	249	8537	372	0	0	0	0	0	9159	162.25	9.61	7.00	36.02	12.07	35.31	10.65	1.96	32.03	9.97
10/25/2019 11:01:45 AM	0.22	8.35	0.97	0.00	0.00	0.00	0.00	0.50	9.54	100.00	9.84	13.93	119	8346	435	0	0	0	0	0	8901	162.03	9.77	6.59	35.47	12.08	34.45	10.69	1.96	32.02	9.95
10/25/2019 11:01:48 AM	0.64	8.37	0.69	0.00	0.00	0.00	0.00	0.48	9.70	100.00	9.89	13.93	340	8367	312	0	0	0	0	0	9019	161.90	9.32	6.90	36.13	11.96	33.83	10.52	1.97	32.01	9.96
10/25/2019 11:01:50 AM	0.19	7.28	0.96	0.00	0.00	0.00	0.00	0.52	8.43	100.00	9.95	13.91	100	7282	434	0	0	0	0	0	7816	161.61	8.99	6.05	31.13	11.52	30.73	10.43	1.97	32.00	9.95
10/25/2019 11:01:53 AM	0.11	7.35	0.93	0.00	0.00	0.00	0.00	0.52	8.39	100.00	10.00	13.88	58	7352	419	0	0	0	0	0	7828	162.21	8.93	6.08	31.40	11.39	30.79	10.08	1.98	31.98	9.94
10/25/2019 11:01:55 AM	0.21	7.93	0.94	0.00	0.00	0.00	0.00	0.51	9.08	100.00	10.05	13.89	109	7930	423	0	0	0	0	0	8462	162.04	9.41	6.46	33.94	11.82	32.74	10.47	1.99	31.97	9.96
10/25/2019 11:01:57 AM	0.47	7.72	0.76	0.00	0.00	0.00	0.00	0.49	8.95	100.00	10.11	13.92	248	7721	342	0	0	0	0	0	8311	162.75	8.92	6.37	33.22	11.51	31.83	10.20	1.99	31.97	9.95
10/25/2019 11:02:00 AM	0.15	6.54	1.02	0.00	0.00	0.00	0.00	0.52	7.71	100.00	10.16	13.92	80	6537	458	0	0	0	0	0	7075	162.44	8.56	5.58	28.46	11.05	27.83	10.31	2.00	31.94	9.94
10/25/2019 11:02:02 AM	0.30	7.21	0.96	0.00	0.00	0.00	0.00	0.52	8.46	100.00	10.20	13.88	159	7207	431	0	0	0	0	0	7797	161.29	8.97	5.94	30.86	11.53	30.57	10.62	2.00	31.95	9.93
10/25/2019 11:02:04 AM	0.44	8.27	0.85	0.03	0.00	0.00	0.00	0.48	9.58	100.00	10.23	13.84	231	8265	385	1	0	0	0	0	8882	161.08	9.51	6.78	34.80	11.90	34.64	10.65	2.00	31.93	9.94
10/25/2019 11:02:07 AM	0.92	8.41	0.62	0.00	0.00	0.00	0.00	0.44	9.95	100.00	10.26	13.86	488	8409	279	0	0	0	0	0	9175	161.58	9.24	7.09	37.00	11.82	33.39	10.63	2.01	31.91	9.95
10/25/2019 11:02:09 AM	0.46	7.48	0.78	0.00	0.00	0.00	0.00	0.51	8.72	100.00	10.31	13.89	243	7483	350	0	0	0	0	0	8075	162.22	8.84	5.92	31.97	11.54	31.39	10.32	2.01	31.91	9.94
10/25/2019 11:02:12 AM	0.77	7.96	0.58	0.00	0.00	0.00	0.00	0.48	9.31	100.00	10.40	13.90	407	7961	261	0	0	0	0	0	8630	162.12	8.86	6.50	34.67	11.67	32.19	10.28	2.02	31.91	9.93
10/25/2019 11:02:14 AM	0.50	8.02	0.78	0.00	0.00	0.00	0.00	0.46	9.31	100.00	10.49	13.87	265	8025	352	0	0	0	0	0	8641	162.11	9.19	6.14	34.57	11.52	32.89	10.23	2.03	31.89	9.93
10/25/2019 11:02:16 AM	0.44	8.37	0.76	0.00	0.00	0.00	0.00	0.47	9.57	100.00	10.55	13.86	236	8368	341	0	0	0	0	0	8944	161.88	9.35	6.69	35.68	11.77	34.20	10.20	2.03	31.90	9.94
10/25/2019 11:02:19 AM	0.76	8.48	0.64	0.00	0.00	0.00	0.00	0.45	9.88	100.00	10.62	13.86	404	8481	288	0	0	0	0	0	9173	161.51	9.29	6.78	36.71	11.80	34.15	10.40	2.04	31.86	9.93
10/25/2019 11:02:21 AM	0.63	8.01	0.71	0.00	0.00	0.00	0.00	0.47	9.35	100.00	10.67	13.87	335	8005	319	0	0	0	0	0	8659	161.94	9.04	6.61	34.29	11.65	32.98	10.37	2.05	31.85	9.93
10/25/2019 11:02:23 AM	0.46	7.60	0.79	0.00	0.00	0.00	0.00	0.46	8.86	100.00	10.75	13.85	246	7605	356	0	0	0	0	0	8206	162.42	8.84	6.12	32.57	11.24	31.67	10.07	2.05	31.85	9.94
10/25/2019 11:02:26 AM	1.99	9.33	1.51	0.21	0.00	0.00	0.00	0.00	13.04	100.00	10.80	13.82	1053	9333	679	6	0	0	0	0	11071	105.04	11.67	7.83	40.70	10.52	40.62	14.85	2.06	31.84	9.94
