Date/Time	Green Algae	Bluegreen	Diatoms	Cryptophyta	#5	#6	#7	Yellow substances	Total conc.	Transmission	Depth	Temp. Sample	Green Algae	Bluegreen	Diatoms	Cryptophyta	#5	#6	#7	Yellow substances	Total cell count	Trans. 700 nm	LED 3 [525 nm]	LED 4 [570 nm]	LED 5 [610 nm]	LED 6 [370 nm]	LED 7 [590 nm]	LED 8 [470 nm]	Pressure	Temp. LEDs	Temp. Sensor
date	µg/l	µg/l	µg/l	µg/l	µg/l	µg/l	µg/l	r.u.	µg/l	%	m	°C	cells/ml	cells/ml	cells/ml	cells/ml	cells/ml	cells/ml	cells/ml	r.u.	cells/ml	digits	digits	digits	digits	digits	digits	digits	bar	°C	°C
10/11/2019 10:50:23 AM	2.47	36.95	2.87	0.29	0.00	0.00	0.00	0.79	42.58	100.00	0.39	20.90	1310	36948	1292	9	0	0	0	0	39558	156.39	36.58	27.32	147.55	37.73	146.01	34.41	1.04	34.95	10.85
10/11/2019 10:50:26 AM	3.74	39.54	2.45	0.00	0.00	0.00	0.00	0.66	45.73	100.00	0.45	20.84	1984	39539	1103	0	0	0	0	0	42626	155.20	37.36	28.41	161.22	38.58	151.04	34.74	1.04	35.01	10.86
10/11/2019 10:50:28 AM	1.63	39.24	3.46	0.00	0.00	0.00	0.00	0.75	44.33	100.00	0.47	20.72	864	39239	1557	0	0	0	0	0	41660	155.94	38.34	29.48	156.86	38.40	152.43	33.98	1.05	35.04	10.86
10/11/2019 10:50:30 AM	1.34	36.94	4.11	0.00	0.00	0.00	0.00	0.74	42.39	100.00	0.51	20.62	712	36939	1848	0	0	0	0	0	39499	156.10	38.06	27.55	148.68	37.57	144.32	35.16	1.05	35.08	10.86
10/11/2019 10:50:33 AM	3.20	36.33	1.77	1.93	0.00	0.00	0.00	0.70	43.24	100.00	0.57	20.53	1698	36331	798	58	0	0	0	0	38886	158.29	37.62	29.50	147.91	37.76	147.16	36.28	1.06	35.14	10.87
10/11/2019 10:50:35 AM	2.14	38.27	3.84	0.00	0.00	0.00	0.00	0.87	44.25	100.00	0.60	20.44	1136	38272	1727	0	0	0	0	0	41135	157.20	38.91	30.28	154.24	39.92	149.12	37.44	1.06	35.19	10.88
10/11/2019 10:50:38 AM	4.09	37.08	2.77	0.87	0.00	0.00	0.00	0.71	44.81	100.00	0.62	20.39	2168	37079	1247	26	0	0	0	0	40520	157.48	38.32	29.31	150.38	39.47	148.55	39.47	1.06	35.22	10.90
10/11/2019 10:50:40 AM	4.74	36.38	2.97	0.00	0.00	0.00	0.00	0.72	44.09	100.00	0.66	20.37	2511	36383	1337	0	0	0	0	0	40231	158.10	36.56	28.96	148.81	39.01	141.78	39.04	1.06	35.28	10.90
10/11/2019 10:50:42 AM	2.93	35.69	3.17	1.68	0.00	0.00	0.00	0.76	43.47	100.00	0.69	20.36	1555	35688	1427	50	0	0	0	0	38721	158.21	39.74	28.81	146.06	39.36	145.62	40.63	1.07	35.33	10.91
10/11/2019 10:50:45 AM	3.10	37.97	4.44	0.00	0.00	0.00	0.00	0.59	45.51	100.00	0.70	20.32	1645	37971	1996	0	0	0	0	0	41612	157.35	39.91	30.08	155.31	39.29	147.94	40.10	1.07	35.38	10.92
10/11/2019 10:50:47 AM	3.95	36.84	4.49	0.00	0.00	0.00	0.00	0.66	45.27	100.00	0.73	20.35	2093	36837	2020	0	0	0	0	0	40949	158.23	39.80	28.66	150.62	40.18	145.56	42.70	1.07	35.41	10.91
10/11/2019 10:50:49 AM	3.57	37.88	4.21	0.00	0.00	0.00	0.00	0.66	45.66	100.00	0.77	20.35	1893	37880	1896	0	0	0	0	0	41669	157.26	39.69	29.52	153.45	40.03	149.50	40.94	1.08	35.47	10.93
10/11/2019 10:50:52 AM	5.24	38.33	3.14	0.00	0.00	0.00	0.00	0.41	46.71	100.00	0.80	20.35	2779	38330	1412	0	0	0	0	0	42522	157.54	38.09	29.41	159.13	38.43	146.83	39.22	1.08	35.52	10.94
10/11/2019 10:50:54 AM	3.87	38.04	3.86	0.00	0.00	0.00	0.00	0.64	45.76	100.00	0.84	20.30	2049	38038	1736	0	0	0	0	0	41822	156.82	39.23	28.57	154.51	39.76	149.42	40.16	1.08	35.54	10.96
10/11/2019 10:50:57 AM	3.11	40.45	3.98	0.00	0.00	0.00	0.00	0.64	47.54	100.00	0.87	20.28	1651	40446	1791	0	0	0	0	0	43887	155.85	40.88	31.06	165.17	40.57	155.90	39.32	1.09	35.59	10.96
10/11/2019 10:50:59 AM	2.70	37.66	3.95	0.51	0.00	0.00	0.00	0.64	44.81	100.00	0.91	20.28	1429	37661	1777	15	0	0	0	0	40882	157.90	39.72	28.80	151.88	39.00	150.31	39.01	1.09	35.64	10.97
10/11/2019 10:51:01 AM	2.84	37.80	4.49	0.00	0.00	0.00	0.00	0.65	45.13	100.00	0.95	20.25	1505	37802	2022	0	0	0	0	0	41329	157.22	39.95	29.20	153.52	39.49	148.46	40.05	1.09	35.68	10.94
10/11/2019 10:51:04 AM	4.63	38.83	2.93	0.00	0.00	0.00	0.00	0.68	46.39	100.00	0.99	20.24	2454	38832	1317	0	0	0	0	0	42603	158.27	38.22	29.75	159.37	39.98	149.46	38.89	1.10	35.72	10.97
10/11/2019 10:51:06 AM	3.93	38.99	3.46	0.00	0.00	0.00	0.00	0.60	46.38	100.00	1.03	20.21	2080	38992	1559	0	0	0	0	0	42631	158.43	39.05	29.59	159.87	39.47	150.30	38.69	1.10	35.76	10.97
10/11/2019 10:51:09 AM	3.55	37.48	3.27	0.00	0.00	0.00	0.00	0.79	44.30	100.00	1.05	20.18	1880	37481	1472	0	0	0	0	0	40833	156.79	37.66	27.97	150.71	39.42	147.63	37.95	1.10	35.79	10.99
10/11/2019 10:51:11 AM	2.37	36.13	4.03	0.00	0.00	0.00	0.00	0.70	42.54	100.00	1.10	20.19	1254	36135	1816	0	0	0	0	0	39205	157.98	37.65	27.11	145.26	37.74	142.87	36.99	1.11	35.85	10.98
10/11/2019 10:51:13 AM	3.19	39.13	3.03	0.00	0.00	0.00	0.00	0.75	45.36	100.00	1.12	20.19	1692	39135	1365	0	0	0	0	0	42193	159.00	38.29	28.63	159.51	39.43	150.23	36.28	1.11	35.86	11.01
10/11/2019 10:51:16 AM	4.41	41.08	2.44	0.00	0.00	0.00	0.00	0.70	47.94	100.00	1.15	20.18	2339	41083	1099	0	0	0	0	0	44520	156.69	38.84	30.91	169.18	40.66	155.30	37.21	1.11	35.91	10.99
10/11/2019 10:51:18 AM	3.87	40.58	2.09	0.00	0.00	0.00	0.00	0.76	46.53	100.00	1.18	20.18	2049	40576	938	0	0	0	0	0	43563	157.23	37.76	29.45	168.27	39.71	151.11	34.66	1.12	35.94	11.01
10/11/2019 10:51:20 AM	2.85	40.64	2.71	0.00	0.00	0.00	0.00	0.78	46.21	100.00	1.21	20.18	1513	40644	1218	0	0	0	0	0	43375	159.18	38.55	29.85	165.47	39.73	154.46	34.70	1.12	35.98	11.02
10/11/2019 10:51:23 AM	2.80	42.11	2.63	0.00	0.00	0.00	0.00	0.88	47.54	100.00	1.25	20.20	1483	42112	1184	0	0	0	0	0	44779	158.40	39.44	32.77	171.05	41.29	159.46	35.40	1.12	36.01	11.03
10/11/2019 10:51:25 AM	1.34	40.63	3.92	0.21	0.00	0.00	0.00	0.78	46.10	100.00	1.28	20.17	712	40630	1763	6	0	0	0	0	43111	157.80	40.74	30.65	161.89	40.14	159.51	36.32	1.13	36.04	11.02
10/11/2019 10:51:28 AM	2.92	41.84	3.26	0.00	0.00	0.00	0.00	0.75	48.02	100.00	1.30	20.16	1550	41838	1468	0	0	0	0	0	44855	155.63	40.49	30.79	169.03	41.09	161.12	37.15	1.13	36.09	11.04
10/11/2019 10:51:30 AM	3.18	43.48	2.95	0.00	0.00	0.00	0.00	0.67	49.60	100.00	1.33	20.16	1684	43478	1326	0	0	0	0	0	46487	156.91	40.86	32.19	175.14	41.28	166.90	36.42	1.13	36.11	11.04
10/11/2019 10:51:32 AM	1.41	41.48	3.65	0.00	0.00	0.00	0.00	0.90	46.53	100.00	1.36	20.15	745	41475	1643	0	0	0	0	0	43863	156.43	40.61	30.90	165.19	41.14	161.22	35.90	1.13	36.14	11.03
10/11/2019 10:51:35 AM	3.15	41.68	2.97	0.00	0.00	0.00	0.00	0.73	47.81	100.00	1.39	20.13	1671	41684	1337	0	0	0	0	0	44691	156.18	39.70	31.01	167.36	40.68	161.30	36.43	1.14	36.18	11.05
10/11/2019 10:51:37 AM	2.00	42.54	3.45	0.00	0.00	0.00	0.00	0.83	47.99	100.00	1.42	20.09	1061	42541	1552	0	0	0	0	0	45154	155.18	41.03	31.96	170.06	41.54	164.58	36.37	1.14	36.19	11.05
10/11/2019 10:51:40 AM	2.53	41.07	3.09	0.00	0.00	0.00	0.00	0.76	46.69	100.00	1.45	20.05	1340	41072	1389	0	0	0	0	0	43801	156.12	39.38	30.39	165.44	40.07	158.08	35.37	1.14	36.24	11.07
10/11/2019 10:51:42 AM	2.97	41.97	2.73	0.00	0.00	0.00	0.00	0.77	47.67	100.00	1.49	20.06	1576	41966	1227	0	0	0	0	0	44769	156.33	39.47	30.72	169.17	40.61	160.95	35.34	1.15	36.26	11.08
10/11/2019 10:51:44 AM	2.82	42.96	2.56	0.00	0.00	0.00	0.00	0.79	48.34	100.00	1.54	20.05	1494	42958	1154	0	0	0	0	0	45607	156.89	39.70	31.52	171.73	40.98	165.36	34.71	1.15	36.27	11.10
10/11/2019 10:51:47 AM	2.90	42.78	2.74	0.00	0.00	0.00	0.00	0.74	48.41	100.00	1.57	20.02	1535	42776	1232	0	0	0	0	0	45543	155.11	39.92	30.49	170.47	40.78	165.83	35.16	1.15	36.33	11.06
10/11/2019 10:51:49 AM	3.44	44.66	2.26	0.00	0.00	0.00	0.00	0.79	50.36	100.00	1.62	20.01	1822	44663	1019	0	0	0	0	0	47504	156.42	40.64	32.57	179.76	42.28	170.31	35.57	1.16	36.35	11.11
10/11/2019 10:51:51 AM	2.27	43.39	2.55	0.00	0.00	0.00	0.00	0.90	48.21	100.00	1.66	20.02	1204	43389	1147	0	0	0	0	0	45740	156.20	40.09	32.04	175.00	41.59	164.57	34.20	1.16	36.39	11.07
10/11/2019 10:51:54 AM	2.16	43.00	2.56	0.00	0.00	0.00	0.00	0.82	47.72	100.00	1.69	20.00	1145	43003	1152	0	0	0	0	0	45300	155.37	39.55	31.03	171.46	40.59	165.21	33.28	1.17	36.39	11.09
10/11/2019 10:51:56 AM	2.21	44.92	2.48	0.00	0.00	0.00	0.00	0.82	49.61	100.00	1.73	20.01	1174	44922	1115	0	0	0	0	0	47211	155.22	40.73	32.75	179.30	41.67	171.61	33.56	1.17	36.43	11.11
10/11/2019 10:51:59 AM	2.10	45.45	2.67	0.00	0.00	0.00	0.00	0.81	50.22	100.00	1.78	20.01	1111	45452	1202	0	0	0	0	0	47764	157.14	41.52	32.88	181.67	42.14	173.49	34.13	1.17	36.46	11.10
10/11/2019 10:52:01 AM	2.11	43.11	2.41	0.00	0.00	0.00	0.00	0.89	47.63	100.00	1.82	20.00	1117	43107	1086	0	0	0	0	0	45310	157.29	39.45	31.09	172.09	40.95	165.05	33.09	1.18	36.49	11.11
10/11/2019 10:52:03 AM	3.54	43.36	1.37	0.00	0.00	0.00	0.00	0.71	48.27	100.00	1.86	20.03	1878	43356	615	0	0	0	0	0	45848	157.27	37.83	31.15	177.62	39.56	160.74	31.31	1.18	36.49	11.14
10/11/2019 10:52:06 AM	3.08	46.06	2.10	0.00	0.00	0.00	0.00	0.63	51.24	100.00	1.94	20.02	1631	46062	946	0	0	0	0	0	48639	155.70	40.81	33.66	186.19	41.18	173.33	33.18	1.19	36.54	11.14
10/11/2019 10:52:08 AM	1.48	43.89	1.73	1.16	0.00	0.00	0.00	0.92	48.27	100.00	1.96	19.98	785	43892	779	35	0	0	0	0	45492	154.51	40.89	32.34	173.80	41.46	172.69	32.90	1.19	36.54	11.18
10/11/2019 10:52:10 AM	2.56	44.84	1.92	0.00	0.00	0.00	0.00	0.82	49.32	100.00	1.94	20.00	1354	44843	865	0	0	0	0	0	47062	155.47	39.63	32.30	178.68	41.21	170.99	32.24	1.19	36.56	11.14
10/11/2019 10:52:13 AM	3.10	45.51	1.83	0.00	0.00	0.00	0.00	0.68	50.44	100.00	2.03	20.01	1642	45511	822	0	0	0	0	0	47975	156.12	39.97	33.85	185.41	40.89	169.31	32.39	1.20	36.58	11.18
10/11/2019 10:52:15 AM	2.80	43.93	1.61	0.00	0.00	0.00	0.00	0.76	48.34	100.00	2.00	19.99	1485	43926	724	0	0	0	0	0	46135	154.85	38.56	31.53	179.41	39.96	162.84	30.96	1.20	36.62	11.14
10/11/2019 10:52:18 AM	3.57	44.36	1.17	0.00	0.00	0.00	0.00	0.72	49.09	100.00	2.09	19.99	1892	44358	525	0	0	0	0	0	46775	156.78	38.34	30.80	183.05	40.02	162.59	30.92	1.21	36.66	11.15
10/11/2019 10:52:20 AM	1.93	43.71	2.07	0.00	0.00	0.00	0.00	0.93	47.72	100.00	2.03	20.01	1023	43713	934	0	0	0	0	0	45669	157.16	38.97	31.95	172.37	40.94	168.41	31.73	1.20	36.69	11.13
10/11/2019 10:52:22 AM	3.09	47.22	1.18	0.00	0.00	0.00	0.00	0.90	51.49	100.00	1.99	20.01	1638	47225	530	0	0	0	0	0	49393	154.53	40.26	33.41	189.63	42.77	177.21	31.81	1.20	36.69	11.13
10/11/2019 10:52:25 AM	3.45	47.26	1.19	0.00	0.00	0.00	0.00	0.79	51.90	100.00	2.10	20.00	1827	47262	536	0	0	0	0	0	49625	151.29	40.06	33.30	187.10	42.28	180.54	31.98	1.21	36.69	11.17
10/11/2019 10:52:27 AM	4.82	46.75	0.49	0.00	0.00	0.00	0.00	0.68	52.06	100.00	2.13	20.01	2557	46745	219	0	0	0	0	0	49522	153.98	38.95	32.04	190.78	41.52	173.16	31.78	1.21	36.69	11.17
10/11/2019 10:52:30 AM	2.71	45.28	1.36	0.00	0.00	0.00	0.00	0.87	49.35	100.00	2.16	19.98	1437	45279	613	0	0	0	0	0	47329	155.24	38.99	31.47	180.05	41.25	172.20	30.89	1.21	36.77	11.15
10/11/2019 10:52:32 AM	3.06	44.95	1.55	0.00	0.00	0.00	0.00	0.80	49.57	100.00	2.19	19.97	1623	44954	697	0	0	0	0	0	47275	155.87	39.30	31.19	180.96	41.10	169.57	31.92	1.21	36.75	11.30
10/11/2019 10:52:34 AM	2.81	44.68	1.62	0.00	0.00	0.00	0.00	0.86	49.11	100.00	2.22	19.96	1492	44675	728	0	0	0	0	0	46896	154.96	39.22	31.05	179.04	41.25	169.28	31.92	1.22	36.79	11.20
10/11/2019 10:52:37 AM	2.46	45.39	1.82	0.00	0.00	0.00	0.00	0.84	49.67	100.00	2.24	19.97	1305	45386	821	0	0	0	0	0	47512	152.86	39.97	31.97	182.10	41.48	171.42	31.90	1.22	36.78	11.19
10/11/2019 10:52:39 AM	3.55	46.73	0.98	0.00	0.00	0.00	0.00	0.77	51.26	100.00	2.26	19.93	1881	46725	442	0	0	0	0	0	49049	152.58	39.47	32.65	188.39	41.61	174.81	31.14	1.22	36.82	11.20
10/11/2019 10:52:41 AM	2.85	45.50	1.36	0.00	0.00	0.00	0.00	0.80	49.70	100.00	2.27	19.95	1508	45502	610	0	0	0	0	0	47621	152.58	39.19	31.47	183.35	40.90	170.60	30.72	1.22	36.82	11.26
10/11/2019 10:52:44 AM	3.28	49.07	1.07	0.00	0.00	0.00	0.00	0.88	53.42	100.00	2.29	19.97	1737	49066	483	0	0	0	0	0	51286	153.83	41.37	34.61	196.58	43.78	184.13	32.19	1.22	36.87	11.20
10/11/2019 10:52:46 AM	2.49	47.41	1.78	0.00	0.00	0.00	0.00	0.87	51.68	100.00	2.31	19.94	1317	47410	801	0	0	0	0	0	49528	151.94	41.30	33.44	188.89	42.90	179.85	32.50	1.23	36.88	11.20
10/11/2019 10:52:49 AM	2.66	45.48	1.60	0.00	0.00	0.00	0.00	0.86	49.75	100.00	2.32	19.95	1412	45480	722	0	0	0	0	0	47614	153.27	39.70	31.53	181.97	41.59	172.20	31.70	1.23	36.88	11.26
10/11/2019 10:52:51 AM	3.34	47.30	1.02	0.00	0.00	0.00	0.00	0.81	51.65	100.00	2.34	19.96	1770	47298	457	0	0	0	0	0	49525	153.32	39.89	32.06	188.25	42.12	179.35	31.17	1.23	36.88	11.22
10/11/2019 10:52:53 AM	4.29	48.73	0.38	0.00	0.00	0.00	0.00	0.78	53.41	100.00	2.36	19.92	2274	48732	172	0	0	0	0	0	51178	151.93	39.87	34.46	195.92	42.85	182.05	31.26	1.23	36.95	11.18
10/11/2019 10:52:56 AM	5.52	51.01	0.00	0.00	0.00	0.00	0.00	0.51	56.54	100.00	2.39	19.97	2928	51012	0	0	0	0	0	0	53940	151.89	39.41	35.09	213.77	43.15	181.96	31.54	1.23	36.95	11.22
10/11/2019 10:52:58 AM	4.99	48.93	0.00	0.00	0.00	0.00	0.00	0.67	53.92	100.00	2.41	19.98	2645	48926	0	0	0	0	0	0	51571	153.48	39.06	33.32	205.39	42.41	174.03	30.77	1.24	36.97	11.23
10/11/2019 10:53:01 AM	4.76	46.32	0.07	0.00	0.00	0.00	0.00	0.78	51.14	100.00	2.44	19.96	2520	46317	33	0	0	0	0	0	48870	153.78	38.10	31.63	191.41	41.43	168.37	30.60	1.24	36.97	11.34
10/11/2019 10:53:03 AM	3.98	44.41	0.50	0.00	0.00	0.00	0.00	0.76	48.89	100.00	2.47	19.98	2110	44408	226	0	0	0	0	0	46743	155.94	37.30	29.76	183.31	39.85	162.08	29.64	1.24	37.00	11.30
10/11/2019 10:53:05 AM	3.50	42.35	0.95	0.00	0.00	0.00	0.00	0.75	46.79	100.00	2.50	19.97	1854	42346	426	0	0	0	0	0	44626	154.58	36.50	29.61	175.76	38.68	154.18	29.62	1.24	37.02	11.22
10/11/2019 10:53:08 AM	3.49	48.42	0.68	0.00	0.00	0.00	0.00	0.87	52.59	100.00	2.53	19.97	1851	48418	305	0	0	0	0	0	50574	154.20	40.10	33.88	193.20	43.01	182.18	30.99	1.25	37.08	11.24
10/11/2019 10:53:10 AM	2.88	45.59	1.23	0.00	0.00	0.00	0.00	0.85	49.70	100.00	2.57	19.97	1529	45589	552	0	0	0	0	0	47671	154.29	38.97	31.96	182.13	41.26	172.30	30.74	1.25	37.04	11.30
10/11/2019 10:53:12 AM	4.66	47.58	0.11	0.00	0.00	0.00	0.00	0.81	52.35	100.00	2.59	19.96	2471	47582	49	0	0	0	0	0	50102	155.29	38.99	31.61	193.44	42.37	176.11	31.00	1.25	37.08	11.25
10/11/2019 10:53:15 AM	3.40	46.58	0.73	0.00	0.00	0.00	0.00	0.87	50.72	100.00	2.61	19.93	1804	46584	329	0	0	0	0	0	48718	155.18	38.96	32.14	187.04	41.80	174.58	30.44	1.26	37.09	11.28
10/11/2019 10:53:17 AM	3.49	46.12	0.70	0.00	0.00	0.00	0.00	0.82	50.31	100.00	2.64	19.96	1852	46115	314	0	0	0	0	0	48281	154.03	38.49	32.20	186.04	41.14	171.95	30.05	1.26	37.09	11.29
10/11/2019 10:53:20 AM	3.03	44.58	1.01	0.00	0.00	0.00	0.00	0.84	48.62	100.00	2.68	19.94	1604	44585	456	0	0	0	0	0	46644	156.59	37.81	30.89	177.48	40.37	169.22	29.90	1.26	37.11	11.31
10/11/2019 10:53:22 AM	3.47	46.10	0.61	0.00	0.00	0.00	0.00	0.88	50.18	100.00	2.70	19.90	1841	46099	272	0	0	0	0	0	48212	154.31	38.46	31.61	185.83	41.51	172.00	30.10	1.26	37.09	11.33
10/11/2019 10:53:24 AM	2.70	45.89	0.78	0.00	0.00	0.00	0.00	0.92	49.36	100.00	2.74	19.89	1428	45887	349	0	0	0	0	0	47665	153.17	38.35	31.74	184.00	41.11	171.57	29.01	1.27	37.13	11.28
10/11/2019 10:53:27 AM	4.05	49.13	0.31	0.00	0.00	0.00	0.00	0.81	53.50	100.00	2.77	19.90	2148	49134	138	0	0	0	0	0	51421	153.77	40.06	34.05	197.99	43.01	182.65	30.70	1.27	37.19	11.29
10/11/2019 10:53:29 AM	4.07	47.90	0.34	0.00	0.00	0.00	0.00	0.80	52.31	100.00	2.80	19.91	2157	47895	155	0	0	0	0	0	50208	153.49	39.31	33.27	194.55	42.19	176.80	30.45	1.27	37.17	11.29
10/11/2019 10:53:32 AM	3.41	47.38	0.60	0.00	0.00	0.00	0.00	0.85	51.39	100.00	2.83	19.89	1807	47377	272	0	0	0	0	0	49456	154.79	39.11	33.63	190.01	41.96	177.13	30.03	1.28	37.17	11.28
10/11/2019 10:53:34 AM	2.92	43.41	0.78	0.00	0.00	0.00	0.00	0.88	47.10	100.00	2.86	19.88	1546	43407	349	0	0	0	0	0	45303	154.70	36.59	30.56	174.99	39.53	162.09	28.69	1.28	37.22	11.29
10/11/2019 10:53:36 AM	3.38	45.85	0.72	0.00	0.00	0.00	0.00	0.86	49.95	100.00	2.88	19.89	1791	45851	326	0	0	0	0	0	47968	153.25	38.34	32.55	184.53	41.28	171.35	30.14	1.28	37.22	11.29
10/11/2019 10:53:39 AM	4.35	45.89	0.34	0.00	0.00	0.00	0.00	0.82	50.57	100.00	2.89	19.89	2303	45887	154	0	0	0	0	0	48344	154.50	37.93	32.65	186.23	41.40	170.29	30.77	1.28	37.20	11.34
10/11/2019 10:53:41 AM	2.07	38.83	1.13	0.00	0.00	0.00	0.00	0.97	42.04	100.00	2.92	19.87	1098	38833	509	0	0	0	0	0	40440	157.35	33.77	27.28	154.16	37.07	148.38	27.41	1.29	37.20	11.34
10/11/2019 10:53:43 AM	2.88	39.50	0.69	0.00	0.00	0.00	0.00	0.88	43.07	100.00	2.93	19.86	1528	39496	313	0	0	0	0	0	41336	154.60	33.52	28.11	158.79	36.94	148.66	27.26	1.29	37.22	11.33
10/11/2019 10:53:46 AM	2.57	41.31	0.81	0.00	0.00	0.00	0.00	0.90	44.70	100.00	2.95	19.85	1363	41315	365	0	0	0	0	0	43043	156.68	34.93	29.46	165.42	38.03	155.55	27.51	1.29	37.24	11.35
10/11/2019 10:53:48 AM	2.88	41.04	0.52	0.00	0.00	0.00	0.00	0.95	44.44	100.00	2.97	19.84	1528	41038	232	0	0	0	0	0	42798	156.33	34.47	28.43	165.07	38.19	153.78	27.43	1.29	37.29	11.33
10/11/2019 10:53:51 AM	3.56	40.98	0.40	0.00	0.00	0.00	0.00	0.88	44.95	100.00	2.99	19.86	1889	40977	182	0	0	0	0	0	43048	156.02	34.33	28.88	165.94	38.11	152.93	28.18	1.29	37.28	11.34
10/11/2019 10:53:53 AM	2.77	37.28	0.57	0.00	0.00	0.00	0.00	0.96	40.62	100.00	3.02	19.85	1466	37283	257	0	0	0	0	0	39006	158.27	32.01	26.00	152.44	35.95	138.05	26.49	1.30	37.30	11.32
10/11/2019 10:53:55 AM	2.92	37.37	0.60	0.00	0.00	0.00	0.00	0.97	40.89	100.00	3.03	19.85	1547	37367	271	0	0	0	0	0	39185	159.04	32.07	26.49	151.31	36.24	140.07	27.05	1.30	37.31	11.34
10/11/2019 10:53:58 AM	3.03	34.85	0.46	0.00	0.00	0.00	0.00	0.96	38.35	100.00	3.05	19.84	1608	34850	209	0	0	0	0	0	36667	159.06	30.07	25.10	142.72	34.59	129.50	26.14	1.30	37.28	11.36
10/11/2019 10:54:00 AM	3.17	35.66	0.28	0.00	0.00	0.00	0.00	1.00	39.12	100.00	3.08	19.84	1683	35657	128	0	0	0	0	0	37468	158.75	30.48	24.27	145.31	35.25	133.09	26.22	1.30	37.33	11.36
10/11/2019 10:54:02 AM	4.00	36.85	0.00	0.00	0.00	0.00	0.00	0.88	40.86	100.00	3.11	19.87	2122	36852	0	0	0	0	0	0	38974	158.39	30.73	24.48	151.16	35.50	136.69	26.63	1.30	37.35	11.36
10/11/2019 10:54:05 AM	3.36	33.95	0.28	0.00	0.00	0.00	0.00	0.96	37.59	100.00	3.14	19.84	1782	33951	126	0	0	0	0	0	35859	161.17	29.11	23.73	137.59	34.04	128.11	25.94	1.31	37.33	11.36
10/11/2019 10:54:07 AM	1.57	25.77	0.76	0.00	0.00	0.00	0.00	1.14	28.11	100.00	3.16	19.83	834	25774	342	0	0	0	0	0	26949	162.63	23.90	18.90	105.44	29.37	97.47	22.56	1.31	37.35	11.38
10/11/2019 10:54:10 AM	2.37	29.89	0.73	0.00	0.00	0.00	0.00	1.04	32.99	100.00	3.18	19.83	1256	29887	330	0	0	0	0	0	31473	162.33	26.90	22.14	122.45	31.82	112.17	24.77	1.31	37.37	11.35
10/11/2019 10:54:12 AM	2.05	29.84	0.82	0.00	0.00	0.00	0.00	1.04	32.71	100.00	3.21	19.83	1084	29844	370	0	0	0	0	0	31298	160.06	26.90	21.32	120.79	31.59	113.46	24.28	1.31	37.35	11.36
10/11/2019 10:54:14 AM	1.64	28.68	0.92	0.00	0.00	0.00	0.00	1.08	31.24	100.00	3.25	19.81	867	28683	415	0	0	0	0	0	29965	160.70	26.23	20.34	116.03	30.98	109.24	23.68	1.32	37.37	11.37
10/11/2019 10:54:17 AM	1.43	24.48	0.97	0.00	0.00	0.00	0.00	1.08	26.88	100.00	3.27	19.79	756	24476	438	0	0	0	0	0	25670	162.80	23.15	17.61	98.54	28.19	94.94	22.23	1.32	37.39	11.38
10/11/2019 10:54:19 AM	1.67	21.72	0.67	0.00	0.00	0.00	0.00	1.13	24.06	100.00	3.30	19.80	886	21724	301	0	0	0	0	0	22911	164.89	20.88	15.49	89.64	26.71	82.85	21.28	1.32	37.39	11.40
10/11/2019 10:54:22 AM	1.08	19.93	0.78	0.00	0.00	0.00	0.00	1.16	21.79	100.00	3.32	19.79	571	19932	352	0	0	0	0	0	20855	163.65	19.61	14.44	82.21	25.36	76.26	19.96	1.33	37.41	11.38
10/11/2019 10:54:24 AM	1.46	19.96	0.85	0.00	0.00	0.00	0.00	1.11	22.27	100.00	3.35	19.79	776	19963	381	0	0	0	0	0	21119	165.09	19.86	15.04	83.50	25.53	75.67	20.90	1.33	37.42	11.38
10/11/2019 10:54:26 AM	2.40	19.14	0.51	0.00	0.00	0.00	0.00	1.04	22.06	100.00	3.38	19.80	1272	19142	231	0	0	0	0	0	20645	165.72	18.94	13.56	81.50	24.90	72.09	21.18	1.33	37.42	11.39
10/11/2019 10:54:29 AM	0.59	15.29	1.29	0.00	0.00	0.00	0.00	1.20	17.18	100.00	3.41	19.81	315	15291	581	0	0	0	0	0	16187	166.84	17.17	11.82	62.69	23.12	61.33	19.89	1.33	37.41	11.41
10/11/2019 10:54:31 AM	0.30	12.46	0.86	0.45	0.00	0.00	0.00	1.26	14.08	100.00	3.44	19.80	161	12458	389	13	0	0	0	0	13022	167.68	15.29	9.75	51.60	21.47	52.15	18.57	1.34	37.44	11.38
10/11/2019 10:54:33 AM	0.36	13.76	0.85	0.00	0.00	0.00	0.00	1.21	14.97	100.00	3.47	19.76	191	13755	382	0	0	0	0	0	14329	168.36	15.07	10.40	56.79	21.36	54.51	17.22	1.34	37.46	11.40
10/11/2019 10:54:36 AM	0.64	12.55	0.76	0.00	0.00	0.00	0.00	1.21	13.95	100.00	3.50	19.70	341	12550	340	0	0	0	0	0	13232	168.72	14.18	9.69	53.17	20.76	49.19	17.25	1.34	37.46	11.41
10/11/2019 10:54:38 AM	0.77	11.92	0.61	0.00	0.00	0.00	0.00	1.24	13.30	100.00	3.52	19.69	406	11920	275	0	0	0	0	0	12600	170.04	13.56	9.20	50.98	20.55	46.53	17.05	1.35	37.45	11.41
10/11/2019 10:54:41 AM	0.15	9.42	0.78	0.00	0.00	0.00	0.00	1.29	10.35	100.00	3.55	19.68	80	9423	351	0	0	0	0	0	9854	169.90	11.96	7.34	40.31	19.02	38.07	15.87	1.35	37.48	11.41
10/11/2019 10:54:43 AM	0.00	8.11	0.29	0.60	0.00	0.00	0.00	1.32	9.00	100.00	3.57	19.68	0	8108	130	18	0	0	0	0	8256	169.73	11.31	7.01	34.72	18.32	35.46	15.27	1.35	37.48	11.41
10/11/2019 10:54:45 AM	0.00	8.34	0.80	0.00	0.00	0.00	0.00	1.30	9.14	100.00	3.59	19.69	0	8340	361	0	0	0	0	0	8701	170.60	11.15	6.99	35.30	18.28	34.74	15.29	1.35	37.47	11.45
10/11/2019 10:54:48 AM	0.10	8.34	0.68	0.00	0.00	0.00	0.00	1.27	9.13	100.00	3.61	19.68	55	8344	306	0	0	0	0	0	8705	170.62	10.86	7.07	36.34	17.96	33.55	14.91	1.35	37.48	11.44
10/11/2019 10:54:50 AM	0.00	7.63	0.76	0.00	0.00	0.00	0.00	1.28	8.39	100.00	3.64	19.67	0	7634	341	0	0	0	0	0	7975	170.93	10.58	6.59	33.14	17.66	31.44	14.81	1.36	37.51	11.43
10/11/2019 10:54:53 AM	0.00	6.60	0.32	0.30	0.00	0.00	0.00	1.30	7.21	100.00	3.68	19.67	0	6596	143	9	0	0	0	0	6747	171.13	9.77	5.40	28.41	16.95	29.02	13.78	1.36	37.48	11.46
10/11/2019 10:54:55 AM	0.00	6.73	0.57	0.00	0.00	0.00	0.00	1.28	7.30	100.00	3.71	19.66	0	6730	255	0	0	0	0	0	6985	171.36	9.48	5.72	29.19	16.81	28.26	13.82	1.36	37.50	11.43
10/11/2019 10:54:57 AM	0.00	6.10	0.49	0.00	0.00	0.00	0.00	1.29	6.59	100.00	3.74	19.67	0	6102	219	0	0	0	0	0	6321	171.89	8.90	5.08	27.62	16.36	24.96	13.44	1.37	37.52	11.45
10/11/2019 10:55:00 AM	0.00	4.63	0.00	0.42	0.00	0.00	0.00	1.31	5.05	100.00	3.77	19.64	0	4625	0	13	0	0	0	0	4638	171.93	8.13	4.30	20.82	15.55	21.67	12.27	1.37	37.52	11.45
10/11/2019 10:55:02 AM	0.00	4.90	0.32	0.00	0.00	0.00	0.00	1.31	5.22	100.00	3.81	19.60	0	4905	142	0	0	0	0	0	5047	171.65	8.06	4.32	21.81	15.62	21.38	12.31	1.37	37.53	11.46
10/11/2019 10:55:04 AM	0.00	4.59	0.00	0.52	0.00	0.00	0.00	1.33	5.10	100.00	3.83	19.62	0	4588	0	15	0	0	0	0	4603	171.65	8.44	4.26	20.92	15.84	21.77	12.78	1.38	37.53	11.47
10/11/2019 10:55:07 AM	0.00	4.72	0.33	0.00	0.00	0.00	0.00	1.30	5.05	100.00	3.86	19.63	0	4723	148	0	0	0	0	0	4871	171.12	8.00	4.15	21.28	15.53	20.55	12.29	1.38	37.53	11.47
10/11/2019 10:55:09 AM	0.00	3.62	0.00	0.31	0.00	0.00	0.00	1.31	3.94	100.00	3.89	19.62	0	3625	0	9	0	0	0	0	3634	171.84	7.17	3.75	16.82	14.83	17.55	11.60	1.38	37.53	11.49
10/11/2019 10:55:12 AM	0.00	3.36	0.16	0.21	0.00	0.00	0.00	1.31	3.72	100.00	3.92	19.58	0	3361	70	6	0	0	0	0	3437	171.47	7.23	3.47	16.00	14.79	16.21	11.92	1.38	37.53	11.50
10/11/2019 10:55:14 AM	0.00	3.59	0.17	0.07	0.00	0.00	0.00	1.33	3.83	100.00	3.94	19.59	0	3590	75	2	0	0	0	0	3666	170.92	7.24	3.36	16.62	14.94	16.71	11.65	1.39	37.55	11.46
10/11/2019 10:55:16 AM	0.00	3.28	0.13	0.04	0.00	0.00	0.00	1.31	3.46	100.00	3.97	19.59	0	3282	60	1	0	0	0	0	3343	171.72	6.85	2.98	15.32	14.50	15.48	11.18	1.39	37.57	11.46
10/11/2019 10:55:19 AM	0.00	2.92	0.00	0.22	0.00	0.00	0.00	1.30	3.14	100.00	4.00	19.60	0	2920	0	7	0	0	0	0	2926	171.20	6.68	2.94	14.02	14.28	14.64	11.01	1.39	37.54	11.49
10/11/2019 10:55:21 AM	0.00	2.96	0.00	0.25	0.00	0.00	0.00	1.32	3.21	100.00	4.03	19.60	0	2964	0	7	0	0	0	0	2972	170.72	6.68	3.00	14.12	14.51	15.03	11.27	1.40	37.57	11.47
10/11/2019 10:55:23 AM	0.00	3.14	0.32	0.17	0.00	0.00	0.00	1.32	3.63	100.00	4.07	19.60	0	3141	144	5	0	0	0	0	3289	170.12	7.23	3.31	15.22	14.90	15.55	12.57	1.40	37.55	11.49
10/11/2019 10:55:26 AM	0.00	3.02	0.68	0.11	0.00	0.00	0.00	1.35	3.81	100.00	4.10	19.59	0	3022	304	3	0	0	0	0	3329	170.17	7.72	3.22	14.96	15.46	15.43	14.04	1.40	37.59	11.49
10/11/2019 10:55:28 AM	0.78	2.80	0.69	1.09	0.00	0.00	0.00	1.32	5.36	100.00	4.13	19.59	412	2801	311	33	0	0	0	0	3556	168.56	9.94	3.85	16.21	17.07	18.25	19.06	1.40	37.58	11.49
10/11/2019 10:55:31 AM	3.66	3.86	1.87	0.43	0.00	0.00	0.00	1.34	9.83	100.00	4.15	19.55	1941	3865	840	13	0	0	0	0	6659	166.87	13.09	5.04	22.19	21.86	23.27	29.40	1.41	37.59	11.49
10/11/2019 10:55:33 AM	23.08	8.20	7.31	0.00	0.00	0.00	0.00	1.23	38.59	100.00	4.21	19.41	12235	8201	3288	0	0	0	0	0	23724	161.66	35.83	12.37	55.96	51.88	56.20	99.47	1.41	37.58	11.50
10/11/2019 10:55:35 AM	26.21	8.26	6.58	0.00	0.00	0.00	0.00	0.86	41.05	100.00	4.28	19.19	13889	8257	2962	0	0	0	0	0	25108	157.93	34.89	12.15	57.69	51.10	57.15	101.86	1.42	37.59	11.50
10/11/2019 10:55:38 AM	25.19	8.27	5.67	0.00	0.00	0.00	0.00	0.92	39.13	100.00	4.34	19.10	13349	8275	2551	0	0	0	0	0	24175	156.87	32.55	12.02	56.83	49.14	54.96	96.06	1.43	37.59	11.51
10/11/2019 10:55:40 AM	26.04	8.94	5.33	0.00	0.00	0.00	0.00	1.08	40.30	100.00	4.39	19.04	13800	8936	2399	0	0	0	0	0	25135	154.94	33.05	12.99	60.71	51.32	56.53	98.26	1.43	37.59	11.51
10/11/2019 10:55:43 AM	23.36	8.17	4.87	0.00	0.00	0.00	0.00	1.14	36.40	100.00	4.42	19.00	12382	8171	2191	0	0	0	0	0	22744	153.42	30.43	11.07	54.63	47.84	52.70	89.87	1.43	37.61	11.53
10/11/2019 10:55:45 AM	22.79	8.25	4.62	0.00	0.00	0.00	0.00	1.36	35.66	100.00	4.46	18.99	12078	8249	2080	0	0	0	0	0	22407	150.37	30.15	11.36	54.51	48.74	52.32	89.07	1.44	37.61	11.51
10/11/2019 10:55:47 AM	22.99	8.51	4.29	0.00	0.00	0.00	0.00	1.58	35.78	100.00	4.49	18.94	12183	8506	1929	0	0	0	0	0	22618	148.35	30.24	11.20	55.94	50.45	52.66	89.91	1.44	37.61	11.53
10/11/2019 10:55:50 AM	23.37	8.39	4.46	0.00	0.00	0.00	0.00	1.55	36.22	100.00	4.53	18.92	12386	8393	2008	0	0	0	0	0	22787	146.25	30.64	11.50	55.96	50.79	52.57	91.34	1.44	37.60	11.51
10/11/2019 10:55:52 AM	22.69	7.43	4.52	0.00	0.00	0.00	0.00	1.72	34.64	100.00	4.57	18.82	12026	7427	2033	0	0	0	0	0	21487	141.16	30.16	10.37	51.27	50.99	49.51	90.84	1.45	37.61	11.52
10/11/2019 10:55:54 AM	25.63	6.45	5.35	0.00	0.00	0.00	0.00	2.41	37.42	100.00	4.62	18.57	13583	6448	2407	0	0	0	0	0	22438	133.74	34.24	10.61	50.36	60.59	49.32	106.51	1.45	37.59	11.55
10/11/2019 10:55:57 AM	27.58	6.10	5.58	0.00	0.00	0.00	0.00	2.68	39.27	100.00	4.67	18.26	14618	6104	2511	0	0	0	0	0	23234	129.23	36.07	10.76	50.88	65.13	49.52	114.37	1.46	37.61	11.51
10/11/2019 10:55:59 AM	28.59	5.66	5.41	0.00	0.00	0.00	0.00	2.86	39.67	100.00	4.72	17.93	15155	5663	2435	0	0	0	0	0	23252	129.63	36.21	10.68	49.61	67.12	48.62	117.43	1.46	37.61	11.54
10/11/2019 10:56:02 AM	27.07	5.26	5.14	0.00	0.00	0.00	0.00	3.00	37.47	100.00	4.77	17.67	14349	5255	2313	0	0	0	0	0	21918	130.03	34.96	10.08	46.73	66.04	46.07	113.43	1.47	37.61	11.54
10/11/2019 10:56:04 AM	26.03	5.16	4.81	0.00	0.00	0.00	0.00	3.15	36.00	100.00	4.80	17.34	13795	5164	2163	0	0	0	0	0	21123	131.07	34.03	9.86	45.58	65.65	44.65	110.54	1.47	37.61	11.54
10/11/2019 10:56:06 AM	25.69	5.00	4.84	0.00	0.00	0.00	0.00	3.16	35.53	100.00	4.84	17.09	13614	5003	2180	0	0	0	0	0	20797	131.11	33.85	9.73	44.75	65.31	43.90	109.84	1.47	37.61	11.53
10/11/2019 10:56:09 AM	24.16	4.70	4.16	0.00	0.00	0.00	0.00	3.28	33.02	100.00	4.91	16.81	12804	4702	1874	0	0	0	0	0	19379	134.98	31.71	9.11	41.86	63.53	41.31	104.08	1.48	37.61	11.55
10/11/2019 10:56:11 AM	21.14	4.18	3.63	0.00	0.00	0.00	0.00	3.41	28.95	100.00	4.97	16.57	11203	4180	1633	0	0	0	0	0	17016	141.12	29.02	8.26	36.93	60.23	37.43	95.05	1.49	37.59	11.57
10/11/2019 10:56:14 AM	21.12	4.18	3.76	0.00	0.00	0.00	0.00	3.42	29.05	100.00	5.00	16.52	11193	4180	1690	0	0	0	0	0	17063	140.85	29.34	8.26	37.10	60.55	37.51	95.63	1.49	37.59	11.57
10/11/2019 10:56:16 AM	20.93	4.25	3.51	0.00	0.00	0.00	0.00	3.46	28.68	100.00	5.04	16.56	11091	4245	1578	0	0	0	0	0	16915	141.16	28.85	8.26	37.24	60.35	37.14	94.47	1.49	37.58	11.55
10/11/2019 10:56:18 AM	19.91	4.18	3.31	0.00	0.00	0.00	0.00	3.46	27.40	100.00	5.06	16.53	10551	4181	1489	0	0	0	0	0	16220	144.88	27.90	7.90	36.15	58.94	36.04	91.06	1.50	37.57	11.57
10/11/2019 10:56:21 AM	19.03	3.94	3.11	0.00	0.00	0.00	0.00	3.42	26.08	100.00	5.10	16.63	10087	3939	1400	0	0	0	0	0	15426	146.24	26.77	7.61	34.24	57.16	34.52	87.64	1.50	37.55	11.55
10/11/2019 10:56:23 AM	16.09	3.67	2.49	0.00	0.00	0.00	0.00	3.33	22.26	100.00	5.15	16.41	8527	3675	1122	0	0	0	0	0	13324	149.41	23.66	6.80	30.70	52.20	30.89	76.96	1.50	37.57	11.57
10/11/2019 10:56:25 AM	15.67	3.63	2.35	0.00	0.00	0.00	0.00	3.26	21.65	100.00	5.20	16.05	8307	3631	1056	0	0	0	0	0	12994	151.49	22.96	6.65	30.11	50.97	30.26	74.83	1.51	37.55	11.58
10/11/2019 10:56:28 AM	12.55	3.23	1.76	0.00	0.00	0.00	0.00	2.82	17.54	100.00	5.26	15.52	6653	3228	793	0	0	0	0	0	10674	155.21	18.93	5.63	25.84	42.79	25.76	61.16	1.52	37.54	11.55
10/11/2019 10:56:30 AM	11.27	2.86	1.79	0.00	0.00	0.00	0.00	2.48	15.92	100.00	5.29	15.04	5972	2857	805	0	0	0	0	0	9635	155.95	17.29	5.26	23.01	38.31	23.81	55.33	1.52	37.53	11.56
10/11/2019 10:56:33 AM	10.52	2.84	1.63	0.00	0.00	0.00	0.00	2.23	14.99	100.00	5.34	15.12	5576	2839	733	0	0	0	0	0	9148	156.29	16.04	4.93	22.50	35.20	22.62	50.96	1.52	37.52	11.58
10/11/2019 10:56:35 AM	9.82	2.48	1.67	0.00	0.00	0.00	0.00	1.73	13.97	100.00	5.37	15.29	5206	2478	750	0	0	0	0	0	8434	156.29	14.39	4.45	20.29	30.10	20.75	45.55	1.53	37.49	11.55
10/11/2019 10:56:37 AM	8.92	2.36	1.52	0.00	0.00	0.00	0.00	1.48	12.79	100.00	5.41	15.39	4725	2362	683	0	0	0	0	0	7770	154.28	12.97	4.08	18.94	26.71	19.49	40.73	1.53	37.48	11.55
10/11/2019 10:56:40 AM	5.92	1.90	1.15	0.02	0.00	0.00	0.00	0.85	8.98	100.00	5.45	15.26	3137	1897	517	0	0	0	0	0	5551	149.85	9.00	3.21	14.53	17.36	15.12	26.85	1.53	37.46	11.59
10/11/2019 10:56:42 AM	3.21	1.58	0.71	0.02	0.00	0.00	0.00	0.48	5.52	100.00	5.50	14.78	1702	1583	317	1	0	0	0	0	3603	147.61	5.73	2.40	11.01	10.56	11.49	15.43	1.54	37.45	11.56
10/11/2019 10:56:44 AM	1.49	1.38	0.37	0.10	0.00	0.00	0.00	0.40	3.34	100.00	5.56	14.32	791	1375	169	3	0	0	0	0	2338	147.89	4.03	1.96	8.88	7.46	9.40	9.26	1.54	37.42	11.60
10/11/2019 10:56:47 AM	1.02	1.43	0.25	0.10	0.00	0.00	0.00	0.35	2.81	100.00	5.60	14.21	542	1434	112	3	0	0	0	0	2091	148.65	3.49	2.00	8.71	6.47	9.11	7.30	1.55	37.40	11.59
10/11/2019 10:56:49 AM	0.69	1.13	0.02	0.28	0.00	0.00	0.00	0.34	2.13	100.00	5.65	14.16	367	1132	8	8	0	0	0	0	1516	150.29	3.03	1.67	7.38	5.72	8.14	5.95	1.55	37.41	11.57
10/11/2019 10:56:52 AM	0.32	1.13	0.08	0.20	0.00	0.00	0.00	0.35	1.74	100.00	5.70	14.00	170	1133	38	6	0	0	0	0	1347	151.10	2.85	1.49	7.05	5.38	7.78	5.07	1.56	37.37	11.57
10/11/2019 10:56:54 AM	0.34	1.21	0.01	0.25	0.00	0.00	0.00	0.36	1.81	100.00	5.74	13.90	178	1212	6	7	0	0	0	0	1404	151.48	2.87	1.70	7.41	5.49	8.08	5.06	1.56	37.35	11.57
10/11/2019 10:56:56 AM	0.31	1.10	0.00	0.29	0.00	0.00	0.00	0.36	1.70	100.00	5.78	13.91	166	1095	0	9	0	0	0	0	1270	151.46	2.82	1.58	6.96	5.38	7.83	5.02	1.57	37.32	11.57
10/11/2019 10:56:59 AM	0.26	1.10	0.00	0.28	0.00	0.00	0.00	0.36	1.64	100.00	5.83	13.85	139	1100	0	8	0	0	0	0	1247	151.68	2.77	1.58	6.94	5.32	7.73	4.84	1.57	37.28	11.60
10/11/2019 10:57:01 AM	0.16	1.09	0.00	0.24	0.00	0.00	0.00	0.36	1.49	100.00	5.90	13.74	84	1090	0	7	0	0	0	0	1181	152.67	2.65	1.45	6.74	5.20	7.58	4.50	1.58	37.27	11.58
10/11/2019 10:57:04 AM	0.12	1.13	0.00	0.24	0.00	0.00	0.00	0.36	1.48	100.00	5.95	13.73	65	1125	0	7	0	0	0	0	1197	152.98	2.66	1.51	6.88	5.19	7.62	4.42	1.58	37.26	11.55
10/11/2019 10:57:06 AM	0.15	1.09	0.00	0.25	0.00	0.00	0.00	0.36	1.50	100.00	5.99	13.78	81	1093	0	8	0	0	0	0	1182	153.16	2.65	1.57	6.78	5.22	7.60	4.54	1.59	37.22	11.58
10/11/2019 10:57:08 AM	0.07	1.09	0.00	0.23	0.00	0.00	0.00	0.36	1.39	100.00	6.05	13.69	36	1095	0	7	0	0	0	0	1137	153.23	2.58	1.55	6.72	5.11	7.45	4.26	1.59	37.17	11.61
10/11/2019 10:57:11 AM	0.08	1.18	0.00	0.21	0.00	0.00	0.00	0.37	1.47	100.00	6.10	13.64	42	1180	0	6	0	0	0	0	1228	152.54	2.61	1.63	7.05	5.19	7.66	4.27	1.60	37.13	11.60
10/11/2019 10:57:13 AM	0.01	1.14	0.00	0.19	0.00	0.00	0.00	0.37	1.35	100.00	6.16	13.64	7	1144	0	6	0	0	0	0	1157	153.52	2.52	1.53	6.82	5.06	7.44	4.03	1.60	37.11	11.61
10/11/2019 10:57:15 AM	0.07	1.11	0.00	0.18	0.00	0.00	0.00	0.36	1.36	100.00	6.21	13.67	36	1108	0	6	0	0	0	0	1150	153.46	2.44	1.51	6.66	5.00	7.38	4.06	1.61	37.09	11.55
10/11/2019 10:57:18 AM	0.03	1.07	0.00	0.20	0.00	0.00	0.00	0.37	1.30	100.00	6.26	13.73	17	1068	0	6	0	0	0	0	1091	153.54	2.46	1.46	6.51	5.04	7.27	4.08	1.61	37.04	11.60
10/11/2019 10:57:20 AM	0.00	1.06	0.00	0.27	0.00	0.00	0.00	0.36	1.33	100.00	6.32	13.72	0	1063	0	8	0	0	0	0	1071	153.50	2.59	1.57	6.57	5.06	7.45	4.16	1.62	37.03	11.59
10/11/2019 10:57:23 AM	0.05	1.21	0.05	0.11	0.00	0.00	0.00	0.38	1.42	100.00	6.38	13.63	27	1211	20	3	0	0	0	0	1262	153.49	2.52	1.60	7.04	5.18	7.51	4.14	1.62	37.02	11.57
10/11/2019 10:57:25 AM	0.00	1.09	0.00	0.22	0.00	0.00	0.00	0.37	1.31	100.00	6.43	13.62	0	1089	0	6	0	0	0	0	1096	153.62	2.50	1.50	6.49	5.08	7.48	3.99	1.63	36.95	11.58
10/11/2019 10:57:27 AM	0.00	1.13	0.00	0.18	0.00	0.00	0.00	0.37	1.31	100.00	6.48	13.71	2	1129	0	5	0	0	0	0	1137	153.95	2.44	1.52	6.68	5.09	7.45	4.02	1.63	36.91	11.59
10/11/2019 10:57:30 AM	0.00	1.20	0.00	0.19	0.00	0.00	0.00	0.37	1.38	100.00	6.53	13.76	0	1196	0	6	0	0	0	0	1201	153.68	2.57	1.63	6.99	5.13	7.63	4.00	1.64	36.87	11.59
10/11/2019 10:57:32 AM	0.00	1.07	0.00	0.22	0.00	0.00	0.00	0.35	1.29	100.00	6.58	13.71	0	1072	0	7	0	0	0	0	1079	153.25	2.51	1.49	6.44	4.99	7.41	3.90	1.65	36.86	11.58
10/11/2019 10:57:35 AM	0.01	1.11	0.00	0.21	0.00	0.00	0.00	0.36	1.32	100.00	6.63	13.69	4	1106	0	6	0	0	0	0	1116	153.56	2.50	1.48	6.67	4.98	7.38	3.99	1.65	36.82	11.59
10/11/2019 10:57:37 AM	0.00	1.11	0.00	0.10	0.00	0.00	0.00	0.34	1.21	100.00	6.69	13.57	0	1114	0	3	0	0	0	0	1117	153.87	2.31	1.42	6.44	4.77	7.11	3.39	1.66	36.78	11.57
10/11/2019 10:57:39 AM	0.00	1.11	0.00	0.14	0.00	0.00	0.00	0.34	1.25	100.00	6.74	13.49	0	1114	0	4	0	0	0	0	1118	153.66	2.38	1.41	6.49	4.80	7.24	3.52	1.66	36.74	11.59
10/11/2019 10:57:42 AM	0.00	1.13	0.00	0.10	0.00	0.00	0.00	0.34	1.23	100.00	6.79	13.48	0	1130	0	3	0	0	0	0	1132	153.64	2.27	1.37	6.39	4.81	7.29	3.40	1.67	36.69	11.59
10/11/2019 10:57:44 AM	0.00	1.13	0.00	0.14	0.00	0.00	0.00	0.34	1.27	100.00	6.88	13.43	0	1133	0	4	0	0	0	0	1137	153.59	2.41	1.50	6.51	4.83	7.37	3.45	1.67	36.65	11.57
10/11/2019 10:57:46 AM	0.00	1.14	0.00	0.15	0.00	0.00	0.00	0.35	1.30	100.00	6.94	13.42	0	1145	0	5	0	0	0	0	1149	153.53	2.42	1.53	6.64	4.92	7.42	3.67	1.68	36.61	11.57
10/11/2019 10:57:49 AM	0.00	1.11	0.00	0.16	0.00	0.00	0.00	0.35	1.27	100.00	7.00	13.41	0	1108	0	5	0	0	0	0	1113	153.63	2.40	1.50	6.57	4.84	7.24	3.68	1.69	36.59	11.53
10/11/2019 10:57:51 AM	0.00	1.16	0.00	0.09	0.00	0.00	0.00	0.36	1.25	100.00	7.03	13.41	0	1161	0	3	0	0	0	0	1163	153.66	2.30	1.41	6.68	4.85	7.24	3.58	1.69	36.54	11.57
10/11/2019 10:57:54 AM	0.00	1.10	0.00	0.16	0.00	0.00	0.00	0.34	1.26	100.00	7.07	13.40	0	1099	0	5	0	0	0	0	1103	153.43	2.37	1.43	6.46	4.81	7.29	3.62	1.69	36.51	11.54
10/11/2019 10:57:56 AM	0.00	1.19	0.00	0.13	0.00	0.00	0.00	0.35	1.32	100.00	7.18	13.40	0	1188	0	4	0	0	0	0	1192	153.38	2.42	1.51	6.89	4.89	7.40	3.69	1.70	36.43	11.57
10/11/2019 10:57:58 AM	0.00	1.12	0.00	0.18	0.00	0.00	0.00	0.34	1.31	100.00	7.27	13.39	0	1123	0	6	0	0	0	0	1129	153.25	2.44	1.50	6.62	4.85	7.42	3.72	1.71	36.42	11.55
10/11/2019 10:58:01 AM	0.00	1.17	0.00	0.13	0.00	0.00	0.00	0.35	1.30	100.00	7.35	13.39	0	1172	0	4	0	0	0	0	1176	153.90	2.43	1.51	6.72	4.92	7.41	3.57	1.72	36.39	11.53
10/11/2019 10:58:03 AM	0.00	1.15	0.00	0.18	0.00	0.00	0.00	0.36	1.33	100.00	7.42	13.38	0	1153	0	5	0	0	0	0	1158	153.49	2.45	1.56	6.76	4.99	7.49	3.86	1.73	36.32	11.55
10/11/2019 10:58:05 AM	0.00	1.13	0.00	0.17	0.00	0.00	0.00	0.34	1.29	100.00	7.46	13.40	0	1127	0	5	0	0	0	0	1132	153.40	2.40	1.51	6.54	4.84	7.42	3.60	1.73	36.31	11.52
10/11/2019 10:58:08 AM	0.00	1.11	0.00	0.16	0.00	0.00	0.00	0.35	1.26	100.00	7.52	13.46	0	1105	0	5	0	0	0	0	1110	153.60	2.39	1.51	6.52	4.89	7.24	3.69	1.74	36.24	11.54
10/11/2019 10:58:10 AM	0.00	1.12	0.00	0.12	0.00	0.00	0.00	0.34	1.24	100.00	7.60	13.50	0	1122	0	4	0	0	0	0	1126	153.74	2.32	1.47	6.45	4.80	7.26	3.44	1.74	36.22	11.53
10/11/2019 10:58:13 AM	0.00	1.13	0.00	0.13	0.00	0.00	0.00	0.36	1.26	100.00	7.67	13.47	0	1128	0	4	0	0	0	0	1132	153.41	2.34	1.48	6.47	4.98	7.36	3.64	1.75	36.16	11.54
10/11/2019 10:58:15 AM	0.00	1.21	0.00	0.12	0.00	0.00	0.00	0.36	1.33	100.00	7.76	13.45	0	1208	0	4	0	0	0	0	1211	153.26	2.39	1.50	6.90	4.93	7.49	3.68	1.76	36.11	11.52
10/11/2019 10:58:17 AM	0.00	1.13	0.00	0.14	0.00	0.00	0.00	0.34	1.27	100.00	7.83	13.47	0	1129	0	4	0	0	0	0	1133	153.08	2.35	1.47	6.57	4.81	7.30	3.58	1.77	36.08	11.51
10/11/2019 10:58:20 AM	0.00	1.15	0.00	0.12	0.00	0.00	0.00	0.35	1.27	100.00	7.89	13.46	0	1152	0	4	0	0	0	0	1156	152.98	2.36	1.48	6.63	4.89	7.34	3.59	1.77	36.03	11.52
10/11/2019 10:58:22 AM	0.00	1.16	0.00	0.09	0.00	0.00	0.00	0.35	1.25	100.00	7.92	13.45	0	1160	0	3	0	0	0	0	1163	152.67	2.35	1.40	6.67	4.82	7.22	3.48	1.78	35.98	11.52
10/11/2019 10:58:25 AM	0.00	1.13	0.00	0.14	0.00	0.00	0.00	0.36	1.27	100.00	8.00	13.43	0	1126	0	4	0	0	0	0	1131	152.74	2.44	1.45	6.59	4.93	7.29	3.67	1.78	35.96	11.49
10/11/2019 10:58:27 AM	0.00	1.13	0.00	0.13	0.00	0.00	0.00	0.34	1.26	100.00	8.04	13.39	0	1128	0	4	0	0	0	0	1132	152.60	2.39	1.42	6.53	4.80	7.27	3.47	1.79	35.90	11.51
10/11/2019 10:58:29 AM	0.00	1.13	0.00	0.11	0.00	0.00	0.00	0.34	1.24	100.00	8.07	13.37	0	1134	0	3	0	0	0	0	1137	152.60	2.28	1.51	6.52	4.81	7.23	3.48	1.79	35.85	11.50
10/11/2019 10:58:32 AM	0.00	1.14	0.00	0.10	0.00	0.00	0.00	0.35	1.25	100.00	8.10	13.47	0	1144	0	3	0	0	0	0	1147	152.64	2.33	1.43	6.56	4.89	7.26	3.55	1.79	35.79	11.51
10/11/2019 10:58:34 AM	0.00	1.13	0.00	0.14	0.00	0.00	0.00	0.36	1.27	100.00	8.17	13.51	0	1129	0	4	0	0	0	0	1133	153.28	2.47	1.47	6.59	4.97	7.29	3.64	1.80	35.79	11.49
10/11/2019 10:58:36 AM	0.00	1.17	0.00	0.11	0.00	0.00	0.00	0.34	1.28	100.00	8.24	13.40	0	1172	0	3	0	0	0	0	1175	153.01	2.36	1.53	6.69	4.81	7.32	3.44	1.81	35.72	11.49
10/11/2019 10:58:39 AM	0.00	1.14	0.00	0.10	0.00	0.00	0.00	0.35	1.24	100.00	8.27	13.38	0	1144	0	3	0	0	0	0	1147	153.14	2.32	1.42	6.43	4.87	7.36	3.39	1.81	35.70	11.45
10/11/2019 10:58:41 AM	0.00	1.13	0.00	0.12	0.00	0.00	0.00	0.33	1.25	100.00	8.36	13.42	0	1134	0	4	0	0	0	0	1138	153.34	2.32	1.51	6.43	4.80	7.35	3.36	1.82	35.64	11.47
10/11/2019 10:58:44 AM	0.00	1.20	0.00	0.10	0.00	0.00	0.00	0.34	1.30	100.00	8.43	13.40	0	1196	0	3	0	0	0	0	1199	153.36	2.36	1.50	6.78	4.80	7.39	3.44	1.83	35.60	11.47
10/11/2019 10:58:46 AM	0.00	1.12	0.00	0.11	0.00	0.00	0.00	0.35	1.23	100.00	8.49	13.38	0	1116	0	3	0	0	0	0	1119	153.18	2.33	1.44	6.46	4.83	7.18	3.48	1.83	35.54	11.46
10/11/2019 10:58:48 AM	0.00	1.17	0.00	0.12	0.00	0.00	0.00	0.36	1.29	100.00	8.55	13.40	0	1170	0	3	0	0	0	0	1174	152.57	2.41	1.50	6.70	5.00	7.38	3.64	1.84	35.52	11.45
10/11/2019 10:58:51 AM	0.00	1.39	0.05	0.03	0.00	0.00	0.00	0.37	1.47	100.00	8.60	13.42	0	1390	25	1	0	0	0	0	1415	153.22	2.43	1.57	7.53	5.06	7.91	3.74	1.84	35.47	11.44
10/11/2019 10:58:53 AM	0.00	1.18	0.00	0.12	0.00	0.00	0.00	0.36	1.30	100.00	8.62	13.41	0	1177	0	4	0	0	0	0	1181	152.98	2.43	1.57	6.74	5.01	7.39	3.64	1.84	35.40	11.45
10/11/2019 10:58:56 AM	0.00	1.21	0.00	0.16	0.00	0.00	0.00	0.35	1.38	100.00	8.65	13.42	0	1214	0	5	0	0	0	0	1219	152.82	2.44	1.57	6.93	4.93	7.70	3.73	1.85	35.38	11.44
10/11/2019 10:58:58 AM	0.00	1.19	0.00	0.07	0.00	0.00	0.00	0.36	1.26	100.00	8.70	13.43	0	1187	0	2	0	0	0	0	1189	152.81	2.33	1.49	6.66	4.93	7.31	3.42	1.85	35.34	11.43
10/11/2019 10:59:00 AM	0.00	1.19	0.00	0.05	0.00	0.00	0.00	0.35	1.24	100.00	8.78	13.39	0	1188	0	1	0	0	0	0	1190	153.20	2.29	1.45	6.69	4.85	7.20	3.35	1.86	35.28	11.45
10/11/2019 10:59:03 AM	0.00	1.15	0.00	0.09	0.00	0.00	0.00	0.35	1.23	100.00	8.83	13.36	0	1147	0	3	0	0	0	0	1149	152.76	2.26	1.36	6.47	4.82	7.30	3.41	1.86	35.26	11.42
10/11/2019 10:59:05 AM	0.00	1.14	0.00	0.11	0.00	0.00	0.00	0.35	1.25	100.00	8.95	13.33	0	1137	0	3	0	0	0	0	1141	152.97	2.37	1.37	6.51	4.89	7.29	3.52	1.88	35.20	11.43
10/11/2019 10:59:07 AM	0.00	1.14	0.00	0.15	0.00	0.00	0.00	0.35	1.29	100.00	9.01	13.28	0	1145	0	4	0	0	0	0	1149	152.63	2.40	1.48	6.58	4.94	7.45	3.64	1.88	35.16	11.43
10/11/2019 10:59:10 AM	0.01	1.21	0.00	0.17	0.00	0.00	0.00	0.36	1.39	100.00	9.05	13.30	5	1213	0	5	0	0	0	0	1223	153.00	2.49	1.58	7.04	5.02	7.63	3.92	1.89	35.13	11.41
10/11/2019 10:59:12 AM	0.00	1.17	0.00	0.13	0.00	0.00	0.00	0.35	1.30	100.00	9.11	13.35	0	1175	0	4	0	0	0	0	1178	152.44	2.36	1.51	6.74	4.90	7.41	3.64	1.89	35.09	11.41
10/11/2019 10:59:15 AM	0.00	1.11	0.00	0.14	0.00	0.00	0.00	0.35	1.25	100.00	9.18	13.34	0	1110	0	4	0	0	0	0	1115	153.15	2.40	1.42	6.43	4.89	7.32	3.56	1.90	35.02	11.39
10/11/2019 10:59:17 AM	0.00	1.17	0.00	0.08	0.00	0.00	0.00	0.35	1.25	100.00	9.24	13.34	0	1172	0	2	0	0	0	0	1175	152.87	2.31	1.49	6.65	4.83	7.24	3.39	1.91	34.99	11.41
10/11/2019 10:59:19 AM	0.00	1.14	0.00	0.10	0.00	0.00	0.00	0.35	1.25	100.00	9.29	13.36	0	1141	0	3	0	0	0	0	1145	153.07	2.32	1.53	6.51	4.89	7.27	3.48	1.91	34.96	11.42
10/11/2019 10:59:22 AM	0.00	1.15	0.00	0.12	0.00	0.00	0.00	0.36	1.26	100.00	9.31	13.34	0	1147	0	3	0	0	0	0	1151	153.17	2.40	1.50	6.54	4.96	7.35	3.52	1.91	34.92	11.39
10/11/2019 10:59:24 AM	0.00	1.24	0.00	0.11	0.00	0.00	0.00	0.36	1.36	100.00	9.37	13.39	0	1243	0	3	0	0	0	0	1247	152.89	2.41	1.52	6.97	5.03	7.66	3.69	1.92	34.87	11.39
10/11/2019 10:59:26 AM	0.00	1.16	0.00	0.06	0.00	0.00	0.00	0.36	1.22	100.00	9.47	13.38	0	1155	0	2	0	0	0	0	1157	152.58	2.28	1.46	6.51	4.91	7.20	3.39	1.93	34.83	11.37
10/11/2019 10:59:29 AM	0.00	1.16	0.00	0.13	0.00	0.00	0.00	0.35	1.29	100.00	9.55	13.37	0	1155	0	4	0	0	0	0	1159	153.22	2.42	1.56	6.66	4.94	7.36	3.60	1.94	34.79	11.38
10/11/2019 10:59:31 AM	0.00	1.17	0.00	0.09	0.00	0.00	0.00	0.36	1.26	100.00	9.60	13.35	0	1169	0	3	0	0	0	0	1172	153.16	2.30	1.46	6.68	4.87	7.26	3.53	1.94	34.76	11.35
10/11/2019 10:59:34 AM	0.00	1.14	0.00	0.16	0.00	0.00	0.00	0.36	1.30	100.00	9.64	13.32	0	1142	0	5	0	0	0	0	1147	153.28	2.47	1.52	6.65	5.01	7.41	3.74	1.94	34.71	11.36
10/11/2019 10:59:36 AM	0.00	1.18	0.00	0.12	0.00	0.00	0.00	0.36	1.29	100.00	9.71	13.34	0	1176	0	4	0	0	0	0	1179	153.41	2.41	1.48	6.72	4.96	7.41	3.61	1.95	34.68	11.37
10/11/2019 10:59:38 AM	0.00	1.16	0.00	0.09	0.00	0.00	0.00	0.34	1.25	100.00	9.75	13.38	0	1163	0	3	0	0	0	0	1166	153.31	2.24	1.47	6.51	4.76	7.37	3.33	1.96	34.63	11.36
10/11/2019 10:59:41 AM	0.00	1.12	0.00	0.07	0.00	0.00	0.00	0.35	1.19	100.00	9.77	13.35	0	1117	0	2	0	0	0	0	1120	153.51	2.25	1.51	6.32	4.88	7.13	3.35	1.96	34.62	11.35
10/11/2019 10:59:43 AM	0.00	1.22	0.00	0.08	0.00	0.00	0.00	0.36	1.31	100.00	9.81	13.34	0	1224	0	2	0	0	0	0	1227	153.21	2.32	1.48	6.86	4.95	7.47	3.58	1.96	34.56	11.33
10/11/2019 10:59:46 AM	0.00	1.14	0.00	0.12	0.00	0.00	0.00	0.35	1.25	100.00	9.88	13.37	0	1139	0	3	0	0	0	0	1143	153.36	2.37	1.53	6.48	4.91	7.33	3.45	1.97	34.54	11.34
10/11/2019 10:59:48 AM	0.00	1.21	0.00	0.06	0.00	0.00	0.00	0.35	1.27	100.00	9.96	13.37	0	1211	0	2	0	0	0	0	1213	153.24	2.33	1.52	6.71	4.92	7.39	3.36	1.98	34.47	11.33
10/11/2019 10:59:50 AM	0.00	1.19	0.00	0.11	0.00	0.00	0.00	0.37	1.30	100.00	10.03	13.39	0	1191	0	3	0	0	0	0	1195	153.50	2.40	1.58	6.76	5.09	7.45	3.70	1.98	34.45	11.31
10/11/2019 10:59:53 AM	0.00	1.16	0.00	0.09	0.00	0.00	0.00	0.36	1.25	100.00	10.09	13.35	0	1164	0	3	0	0	0	0	1167	153.25	2.31	1.54	6.61	4.95	7.27	3.52	1.99	34.42	11.32
10/11/2019 10:59:55 AM	0.00	1.21	0.00	0.11	0.00	0.00	0.00	0.37	1.31	100.00	10.15	13.33	0	1206	0	3	0	0	0	0	1209	152.93	2.41	1.57	6.82	5.07	7.48	3.68	1.99	34.38	11.28
10/11/2019 10:59:57 AM	0.00	1.15	0.00	0.07	0.00	0.00	0.00	0.36	1.22	100.00	10.21	13.30	0	1150	0	2	0	0	0	0	1152	152.82	2.27	1.42	6.49	4.94	7.20	3.46	2.00	34.34	11.29
10/11/2019 11:00:00 AM	0.00	1.16	0.00	0.07	0.00	0.00	0.00	0.35	1.23	100.00	10.27	13.30	0	1159	0	2	0	0	0	0	1161	152.72	2.27	1.45	6.50	4.88	7.27	3.39	2.01	34.30	11.30
10/11/2019 11:00:02 AM	0.00	1.17	0.00	0.10	0.00	0.00	0.00	0.36	1.27	100.00	10.34	13.33	0	1173	0	3	0	0	0	0	1176	152.14	2.32	1.45	6.65	4.93	7.38	3.58	2.01	34.26	11.31
10/11/2019 11:00:05 AM	0.00	1.19	0.00	0.10	0.00	0.00	0.00	0.35	1.29	100.00	10.40	13.33	0	1188	0	3	0	0	0	0	1191	152.72	2.36	1.44	6.64	4.92	7.52	3.49	2.02	34.23	11.30
10/11/2019 11:00:07 AM	0.00	1.11	0.00	0.11	0.00	0.00	0.00	0.34	1.22	100.00	10.49	13.32	0	1109	0	3	0	0	0	0	1113	152.08	2.34	1.43	6.34	4.79	7.23	3.33	2.03	34.18	11.26
10/11/2019 11:00:09 AM	1.22	3.59	0.30	0.00	0.00	0.00	0.00	0.08	5.12	100.00	10.60	13.29	648	3594	136	0	0	0	0	0	4378	150.35	4.44	3.03	17.85	5.62	15.81	6.18	2.04	34.17	11.26
