Date/Time	Green Algae	Bluegreen	Diatoms	Cryptophyta	#5	#6	#7	Yellow substances	Total conc.	Transmission	Depth	Temp. Sample	Green Algae	Bluegreen	Diatoms	Cryptophyta	#5	#6	#7	Yellow substances	Total cell count	Trans. 700 nm	LED 3 [525 nm]	LED 4 [570 nm]	LED 5 [610 nm]	LED 6 [370 nm]	LED 7 [590 nm]	LED 8 [470 nm]	Pressure	Temp. LEDs	Temp. Sensor
date	µg/l	µg/l	µg/l	µg/l	µg/l	µg/l	µg/l	r.u.	µg/l	%	m	°C	cells/ml	cells/ml	cells/ml	cells/ml	cells/ml	cells/ml	cells/ml	r.u.	cells/ml	digits	digits	digits	digits	digits	digits	digits	bar	°C	°C
11/20/2019 10:25:48 AM	2.18	21.96	2.61	0.00	0.00	0.00	0.00	0.79	26.76	100.00	0.39	8.92	1156	21963	1176	0	0	0	0	0	24295	134.92	24.58	17.37	90.50	27.41	87.92	27.85	1.04	29.83	9.45
11/20/2019 10:25:50 AM	2.48	22.34	2.72	0.00	0.00	0.00	0.00	0.75	27.54	100.00	0.41	7.89	1316	22335	1224	0	0	0	0	0	24876	132.21	25.19	17.41	92.71	27.81	89.11	28.86	1.04	29.90	9.43
11/20/2019 10:25:53 AM	3.74	22.43	2.52	0.00	0.00	0.00	0.00	0.68	28.69	100.00	0.44	8.75	1983	22433	1133	0	0	0	0	0	25549	130.79	25.25	17.67	94.35	28.32	89.32	30.77	1.04	29.90	9.45
11/20/2019 10:25:55 AM	2.64	22.60	3.19	0.00	0.00	0.00	0.00	0.75	28.43	100.00	0.45	9.47	1397	22605	1435	0	0	0	0	0	25437	131.50	26.49	17.62	93.99	28.82	91.04	31.17	1.04	29.96	9.44
11/20/2019 10:25:58 AM	1.96	23.02	3.82	0.00	0.00	0.00	0.00	0.90	28.80	100.00	0.47	9.63	1041	23017	1719	0	0	0	0	0	25778	130.98	28.25	18.02	96.16	30.54	92.52	33.16	1.05	29.99	9.44
11/20/2019 10:26:00 AM	3.88	24.71	2.52	0.00	0.00	0.00	0.00	0.82	31.11	100.00	0.48	9.85	2058	24711	1132	0	0	0	0	0	27901	131.78	27.26	18.76	102.60	31.03	98.64	32.73	1.05	30.03	9.47
11/20/2019 10:26:02 AM	3.18	24.52	3.76	0.00	0.00	0.00	0.00	0.70	31.46	100.00	0.51	10.31	1685	24525	1690	0	0	0	0	0	27900	130.81	29.15	19.61	101.37	31.01	99.86	34.94	1.05	30.06	9.48
11/20/2019 10:26:05 AM	4.25	25.13	3.30	0.00	0.00	0.00	0.00	0.67	32.68	100.00	0.51	10.89	2254	25128	1484	0	0	0	0	0	28866	132.40	29.10	19.17	104.65	31.57	101.66	35.76	1.05	30.09	9.48
11/20/2019 10:26:07 AM	3.50	24.68	3.31	0.00	0.00	0.00	0.00	0.81	31.48	100.00	0.55	11.29	1853	24678	1488	0	0	0	0	0	28019	131.88	28.71	19.80	102.77	31.74	99.17	34.85	1.05	30.16	9.48
11/20/2019 10:26:09 AM	3.15	25.15	3.56	0.00	0.00	0.00	0.00	0.82	31.87	100.00	0.57	11.44	1672	25147	1604	0	0	0	0	0	28423	132.01	29.44	19.89	103.52	32.12	102.12	35.19	1.06	30.16	9.49
11/20/2019 10:26:12 AM	2.28	24.03	3.75	0.86	0.00	0.00	0.00	0.79	30.92	100.00	0.58	11.35	1210	24026	1690	26	0	0	0	0	26952	131.57	30.66	19.38	100.17	31.53	100.41	35.86	1.06	30.20	9.50
11/20/2019 10:26:14 AM	3.45	25.06	3.62	0.00	0.00	0.00	0.00	0.72	32.13	100.00	0.59	11.37	1830	25055	1631	0	0	0	0	0	28517	132.40	29.50	19.45	104.22	31.61	101.17	35.40	1.06	30.22	9.51
11/20/2019 10:26:17 AM	2.87	23.67	4.25	0.00	0.00	0.00	0.00	0.91	30.79	100.00	0.61	11.52	1522	23665	1913	0	0	0	0	0	27100	131.07	30.01	18.94	98.59	32.62	97.03	37.42	1.06	30.28	9.51
11/20/2019 10:26:19 AM	3.10	25.44	3.86	0.00	0.00	0.00	0.00	0.93	32.40	100.00	0.63	11.54	1642	25440	1737	0	0	0	0	0	28819	132.13	30.64	20.03	106.36	33.59	102.11	37.09	1.06	30.29	9.49
11/20/2019 10:26:21 AM	4.42	26.29	3.52	0.00	0.00	0.00	0.00	0.74	34.22	100.00	0.65	11.47	2342	26289	1583	0	0	0	0	0	30213	131.59	30.67	20.75	110.82	33.38	104.80	37.88	1.06	30.33	9.51
11/20/2019 10:26:24 AM	3.86	26.97	3.47	0.00	0.00	0.00	0.00	0.81	34.30	100.00	0.67	11.48	2046	26971	1563	0	0	0	0	0	30580	130.96	30.86	21.46	111.89	33.74	108.10	36.99	1.07	30.35	9.51
11/20/2019 10:26:26 AM	2.95	26.38	4.22	0.00	0.00	0.00	0.00	0.62	33.56	100.00	0.69	11.51	1564	26383	1900	0	0	0	0	0	29847	131.83	31.26	21.17	109.73	31.96	105.97	36.12	1.07	30.37	9.53
11/20/2019 10:26:28 AM	3.70	26.11	3.94	0.00	0.00	0.00	0.00	0.85	33.75	100.00	0.71	11.36	1960	26110	1773	0	0	0	0	0	29844	131.68	31.42	20.10	109.16	34.10	105.29	38.52	1.07	30.39	9.52
11/20/2019 10:26:31 AM	2.99	26.88	4.73	0.00	0.00	0.00	0.00	0.81	34.60	100.00	0.72	11.13	1583	26884	2127	0	0	0	0	0	30594	131.97	33.22	21.93	112.96	34.62	107.71	39.73	1.07	30.42	9.53
11/20/2019 10:26:33 AM	4.19	26.20	3.99	0.00	0.00	0.00	0.00	0.81	34.38	100.00	0.75	11.10	2222	26200	1794	0	0	0	0	0	30216	132.37	31.54	21.18	108.70	34.37	107.00	39.67	1.07	30.42	9.53
11/20/2019 10:26:36 AM	2.66	27.06	4.35	0.00	0.00	0.00	0.00	0.85	34.07	100.00	0.78	11.22	1412	27060	1957	0	0	0	0	0	30429	133.06	32.47	21.06	112.25	34.14	108.77	37.72	1.08	30.44	9.54
11/20/2019 10:26:38 AM	3.71	26.20	4.40	0.00	0.00	0.00	0.00	0.76	34.31	100.00	0.78	11.26	1965	26204	1979	0	0	0	0	0	30148	132.54	32.16	20.70	108.64	34.04	107.33	39.69	1.08	30.46	9.53
11/20/2019 10:26:40 AM	3.24	25.04	4.93	0.00	0.00	0.00	0.00	0.70	33.21	100.00	0.81	11.20	1716	25037	2219	0	0	0	0	0	28973	135.09	32.19	19.90	104.47	33.13	103.14	39.88	1.08	30.45	9.52
11/20/2019 10:26:43 AM	4.65	26.33	4.21	0.00	0.00	0.00	0.00	0.62	35.19	100.00	0.83	11.11	2464	26331	1894	0	0	0	0	0	30689	134.35	32.01	21.27	111.11	33.70	106.38	40.37	1.08	30.48	9.53
11/20/2019 10:26:45 AM	4.48	26.61	4.42	0.53	0.00	0.00	0.00	0.77	36.04	100.00	0.86	11.02	2375	26611	1988	16	0	0	0	0	30990	132.66	34.12	21.77	111.60	35.90	110.99	43.61	1.08	30.48	9.53
11/20/2019 10:26:48 AM	3.56	27.49	5.13	0.00	0.00	0.00	0.00	0.76	36.18	100.00	0.87	10.90	1888	27490	2309	0	0	0	0	0	31687	132.63	34.68	21.57	114.18	35.82	112.81	42.60	1.09	30.48	9.53
11/20/2019 10:26:50 AM	3.78	26.28	5.39	0.00	0.00	0.00	0.00	0.68	35.46	100.00	0.90	10.79	2006	26284	2425	0	0	0	0	0	30715	132.06	34.32	21.25	110.88	34.98	107.64	43.25	1.09	30.48	9.53
11/20/2019 10:26:52 AM	3.34	25.42	5.71	0.00	0.00	0.00	0.00	0.68	34.47	100.00	0.92	10.77	1771	25420	2571	0	0	0	0	0	29762	131.87	34.20	20.87	107.33	34.46	104.76	43.20	1.09	30.47	9.53
11/20/2019 10:26:55 AM	3.28	25.64	5.37	0.14	0.00	0.00	0.00	0.70	34.43	100.00	0.93	10.82	1739	25639	2417	4	0	0	0	0	29798	132.97	33.87	21.24	107.42	34.36	106.20	42.32	1.09	30.48	9.54
11/20/2019 10:26:57 AM	4.29	24.81	4.99	0.59	0.00	0.00	0.00	0.37	34.67	100.00	0.96	10.83	2274	24809	2243	18	0	0	0	0	29344	133.23	33.28	20.00	104.88	32.16	105.02	42.14	1.09	30.46	9.53
11/20/2019 10:26:59 AM	3.66	25.48	4.77	0.00	0.00	0.00	0.00	0.62	33.91	100.00	0.98	10.73	1940	25476	2148	0	0	0	0	0	29564	133.74	32.21	20.48	107.31	32.98	103.65	39.88	1.10	30.46	9.54
11/20/2019 10:27:02 AM	4.02	25.95	4.52	0.00	0.00	0.00	0.00	0.71	34.49	100.00	1.01	10.66	2131	25946	2036	0	0	0	0	0	30113	133.51	32.27	21.45	108.90	34.00	105.56	40.58	1.10	30.45	9.55
11/20/2019 10:27:04 AM	3.28	29.03	4.32	0.00	0.00	0.00	0.00	0.81	36.63	100.00	1.04	10.66	1739	29026	1946	0	0	0	0	0	32711	133.13	34.18	22.67	122.94	35.71	113.44	39.47	1.10	30.44	9.53
11/20/2019 10:27:07 AM	3.20	29.24	4.83	0.13	0.00	0.00	0.00	0.77	37.41	100.00	1.08	10.67	1697	29242	2174	4	0	0	0	0	33117	132.39	35.34	23.36	120.52	36.24	119.08	41.38	1.11	30.42	9.54
11/20/2019 10:27:09 AM	4.10	29.43	4.14	0.00	0.00	0.00	0.00	0.84	37.67	100.00	1.11	10.70	2173	29434	1863	0	0	0	0	0	33470	132.35	34.45	22.67	123.85	36.78	116.42	41.11	1.11	30.42	9.53
11/20/2019 10:27:11 AM	4.89	27.69	4.71	0.52	0.00	0.00	0.00	0.56	37.81	100.00	1.13	10.78	2590	27686	2120	16	0	0	0	0	32412	132.83	35.22	22.51	116.09	35.69	115.46	44.53	1.11	30.40	9.54
11/20/2019 10:27:14 AM	3.86	27.55	5.31	0.00	0.00	0.00	0.00	0.64	36.72	100.00	1.16	10.75	2048	27547	2388	0	0	0	0	0	31982	132.41	34.91	22.54	115.16	35.43	112.70	43.21	1.11	30.40	9.54
11/20/2019 10:27:16 AM	4.52	27.88	4.44	0.00	0.00	0.00	0.00	0.60	36.84	100.00	1.20	10.69	2394	27881	1998	0	0	0	0	0	32272	133.44	33.58	22.66	118.76	34.66	110.53	41.17	1.12	30.37	9.53
11/20/2019 10:27:19 AM	3.59	28.75	4.90	0.00	0.00	0.00	0.00	0.83	37.25	100.00	1.23	10.68	1904	28751	2207	0	0	0	0	0	32862	132.81	35.20	23.45	119.94	36.85	115.95	42.61	1.12	30.35	9.53
11/20/2019 10:27:21 AM	3.91	27.95	4.96	0.53	0.00	0.00	0.00	0.76	37.34	100.00	1.24	10.68	2071	27946	2231	16	0	0	0	0	32265	133.26	36.05	22.01	116.57	36.88	116.55	44.59	1.12	30.35	9.53
11/20/2019 10:27:23 AM	4.33	29.42	4.66	0.00	0.00	0.00	0.00	0.83	38.41	100.00	1.27	10.67	2293	29422	2096	0	0	0	0	0	33811	133.92	35.65	22.76	123.82	37.70	117.74	43.68	1.12	30.31	9.53
11/20/2019 10:27:26 AM	3.04	29.47	5.24	0.00	0.00	0.00	0.00	0.66	37.75	100.00	1.30	10.62	1610	29474	2357	0	0	0	0	0	33441	134.03	35.85	23.85	122.91	35.80	118.19	41.47	1.13	30.29	9.51
11/20/2019 10:27:28 AM	4.48	28.45	4.55	0.23	0.00	0.00	0.00	0.53	37.71	100.00	1.33	10.53	2373	28449	2047	7	0	0	0	0	32876	133.56	34.39	23.46	118.31	34.84	116.56	41.89	1.13	30.28	9.51
11/20/2019 10:27:30 AM	3.43	28.34	5.07	0.00	0.00	0.00	0.00	0.72	36.84	100.00	1.35	10.44	1817	28345	2282	0	0	0	0	0	32443	132.95	34.92	22.86	117.58	35.72	115.34	41.91	1.13	30.26	9.53
11/20/2019 10:27:33 AM	3.33	28.68	5.38	0.00	0.00	0.00	0.00	0.63	37.39	100.00	1.38	10.40	1765	28677	2421	0	0	0	0	0	32863	133.91	35.62	22.61	118.59	35.53	117.34	42.30	1.14	30.23	9.51
11/20/2019 10:27:35 AM	4.09	29.81	4.82	0.00	0.00	0.00	0.00	0.58	38.71	100.00	1.40	10.31	2165	29809	2168	0	0	0	0	0	34143	134.01	35.44	23.94	124.11	35.84	119.99	41.98	1.14	30.22	9.51
11/20/2019 10:27:38 AM	4.60	30.74	4.59	0.00	0.00	0.00	0.00	0.61	39.92	100.00	1.43	10.21	2435	30737	2064	0	0	0	0	0	35236	133.89	35.88	24.74	128.15	36.83	123.09	42.79	1.14	30.17	9.51
11/20/2019 10:27:40 AM	5.92	31.35	4.24	0.00	0.00	0.00	0.00	0.64	41.51	100.00	1.45	10.12	3140	31346	1906	0	0	0	0	0	36392	133.85	36.36	25.15	133.16	38.37	123.65	45.18	1.14	30.16	9.50
11/20/2019 10:27:42 AM	4.71	31.09	5.21	0.00	0.00	0.00	0.00	0.62	41.01	100.00	1.47	10.12	2497	31092	2345	0	0	0	0	0	35933	133.88	37.64	25.78	131.65	38.20	123.53	45.75	1.14	30.15	9.51
11/20/2019 10:27:45 AM	4.48	29.29	4.75	0.50	0.00	0.00	0.00	0.68	39.02	100.00	1.50	10.12	2373	29288	2138	15	0	0	0	0	33814	133.77	36.45	24.06	122.13	37.26	120.96	44.87	1.15	30.09	9.51
11/20/2019 10:27:47 AM	5.07	29.45	4.78	0.00	0.00	0.00	0.00	0.69	39.29	100.00	1.52	10.15	2686	29445	2151	0	0	0	0	0	34283	133.79	35.87	23.43	123.80	37.54	118.93	45.05	1.15	30.06	9.51
11/20/2019 10:27:49 AM	5.10	30.14	4.78	0.00	0.00	0.00	0.00	0.67	40.02	100.00	1.54	10.17	2702	30143	2150	0	0	0	0	0	34995	134.37	36.52	23.53	129.18	37.77	118.75	45.10	1.15	30.04	9.48
11/20/2019 10:27:52 AM	4.95	30.34	5.00	0.00	0.00	0.00	0.00	0.67	40.28	100.00	1.57	10.17	2624	30335	2249	0	0	0	0	0	35208	133.37	37.08	23.63	129.91	38.09	119.76	45.67	1.15	30.01	9.47
11/20/2019 10:27:54 AM	4.53	30.76	4.87	0.00	0.00	0.00	0.00	0.91	40.16	100.00	1.59	10.13	2403	30759	2193	0	0	0	0	0	35354	133.54	37.32	24.43	129.91	39.70	122.35	45.97	1.16	29.98	9.48
11/20/2019 10:27:57 AM	4.86	30.97	4.94	0.00	0.00	0.00	0.00	0.65	40.77	100.00	1.61	10.02	2578	30966	2222	0	0	0	0	0	35766	134.01	37.23	23.85	130.64	38.13	123.60	45.22	1.16	29.95	9.47
11/20/2019 10:27:59 AM	5.57	31.08	4.45	0.00	0.00	0.00	0.00	0.64	41.11	100.00	1.63	9.96	2954	31078	2005	0	0	0	0	0	36036	133.83	36.62	24.16	132.75	38.16	122.15	45.07	1.16	29.91	9.45
11/20/2019 10:28:01 AM	5.19	30.57	4.62	0.00	0.00	0.00	0.00	0.72	40.38	100.00	1.65	9.90	2751	30574	2077	0	0	0	0	0	35402	134.21	36.39	25.03	129.06	38.31	121.82	45.18	1.16	29.90	9.46
11/20/2019 10:28:04 AM	5.68	29.90	4.90	0.00	0.00	0.00	0.00	0.78	40.48	100.00	1.67	9.88	3009	29899	2205	0	0	0	0	0	35114	134.41	37.08	23.21	127.33	39.38	120.01	47.84	1.16	29.85	9.44
11/20/2019 10:28:06 AM	4.77	29.88	5.89	0.00	0.00	0.00	0.00	0.85	40.54	100.00	1.70	9.88	2527	29881	2650	0	0	0	0	0	35059	134.41	39.11	23.20	128.97	40.42	119.10	49.92	1.17	29.83	9.47
11/20/2019 10:28:09 AM	4.98	30.46	5.52	0.00	0.00	0.00	0.00	0.81	40.96	100.00	1.72	9.92	2639	30464	2484	0	0	0	0	0	35587	134.74	38.70	23.50	130.97	40.12	120.97	48.84	1.17	29.78	9.45
11/20/2019 10:28:11 AM	4.55	30.80	5.55	0.00	0.00	0.00	0.00	0.69	40.90	100.00	1.75	9.99	2411	30804	2498	0	0	0	0	0	35713	134.54	38.60	23.78	132.76	38.97	121.07	47.12	1.17	29.77	9.46
11/20/2019 10:28:13 AM	4.83	30.45	5.28	0.00	0.00	0.00	0.00	0.70	40.55	100.00	1.77	10.06	2557	30445	2374	0	0	0	0	0	35377	133.77	37.61	24.74	129.07	38.69	121.74	46.72	1.17	29.71	9.44
11/20/2019 10:28:16 AM	4.91	30.77	4.47	0.00	0.00	0.00	0.00	0.70	40.15	100.00	1.79	10.07	2603	30770	2009	0	0	0	0	0	35382	134.51	36.11	23.80	128.70	37.79	123.22	43.80	1.18	29.69	9.45
11/20/2019 10:28:18 AM	5.64	31.80	3.76	0.00	0.00	0.00	0.00	0.54	41.19	100.00	1.82	10.05	2988	31797	1691	0	0	0	0	0	36476	134.56	35.26	23.86	132.44	36.76	126.62	41.88	1.18	29.65	9.44
11/20/2019 10:28:20 AM	4.94	32.73	4.55	0.00	0.00	0.00	0.00	0.66	42.22	100.00	1.84	9.97	2617	32733	2049	0	0	0	0	0	37399	134.61	37.69	25.55	138.10	38.82	128.62	44.43	1.18	29.63	9.43
11/20/2019 10:28:23 AM	4.55	30.60	4.41	0.00	0.00	0.00	0.00	0.69	39.55	100.00	1.87	9.88	2411	30597	1984	0	0	0	0	0	34992	135.12	35.64	23.46	127.05	37.13	123.03	42.54	1.18	29.57	9.41
11/20/2019 10:28:25 AM	4.58	32.06	4.10	0.00	0.00	0.00	0.00	0.76	40.75	100.00	1.90	9.78	2429	32064	1847	0	0	0	0	0	36340	134.02	36.36	23.94	134.78	38.16	125.82	42.26	1.19	29.54	9.43
11/20/2019 10:28:28 AM	4.09	31.15	4.18	0.00	0.00	0.00	0.00	0.79	39.42	100.00	1.92	9.77	2169	31149	1882	0	0	0	0	0	35200	134.56	35.52	24.34	129.17	37.47	123.99	41.34	1.19	29.52	9.43
11/20/2019 10:28:30 AM	3.93	31.30	5.05	0.00	0.00	0.00	0.00	0.71	40.28	100.00	1.94	9.86	2086	31297	2271	0	0	0	0	0	35654	134.65	37.37	24.09	130.69	38.04	125.14	43.84	1.19	29.48	9.42
11/20/2019 10:28:32 AM	3.96	32.94	5.31	0.00	0.00	0.00	0.00	0.82	42.21	100.00	1.97	9.89	2100	32938	2390	0	0	0	0	0	37428	134.36	39.42	25.02	137.32	40.38	131.59	46.18	1.19	29.44	9.41
11/20/2019 10:28:35 AM	4.53	34.61	4.86	0.00	0.00	0.00	0.00	0.76	44.00	100.00	1.99	9.85	2400	34607	2189	0	0	0	0	0	39195	134.75	39.82	26.50	145.85	40.80	135.20	45.79	1.20	29.38	9.41
11/20/2019 10:28:37 AM	6.28	34.92	5.05	0.00	0.00	0.00	0.00	0.64	46.25	100.00	2.01	9.81	3328	34924	2271	0	0	0	0	0	40523	134.76	40.97	27.51	148.86	42.18	137.00	50.23	1.20	29.38	9.38
11/20/2019 10:28:40 AM	4.94	35.42	4.85	0.00	0.00	0.00	0.00	0.68	45.21	100.00	2.04	9.71	2620	35418	2181	0	0	0	0	0	40219	134.32	40.32	26.67	147.97	41.06	139.72	46.41	1.20	29.34	9.39
11/20/2019 10:28:42 AM	5.88	35.71	3.84	0.00	0.00	0.00	0.00	0.57	45.43	100.00	2.07	9.60	3117	35714	1726	0	0	0	0	0	40557	134.23	38.41	26.75	148.09	39.81	140.90	44.05	1.20	29.30	9.37
11/20/2019 10:28:44 AM	6.19	36.43	4.17	0.00	0.00	0.00	0.00	0.66	46.79	100.00	2.09	9.55	3282	36430	1875	0	0	0	0	0	41587	133.60	40.11	27.55	153.16	41.86	142.30	47.03	1.20	29.25	9.39
11/20/2019 10:28:47 AM	5.58	35.77	4.59	0.00	0.00	0.00	0.00	0.70	45.94	100.00	2.13	9.48	2956	35772	2065	0	0	0	0	0	40794	134.70	40.45	26.84	151.11	41.76	139.53	47.26	1.21	29.25	9.35
11/20/2019 10:28:49 AM	4.37	34.17	4.70	0.00	0.00	0.00	0.00	0.77	43.24	100.00	2.15	9.46	2315	34171	2116	0	0	0	0	0	38603	136.10	39.01	25.51	141.55	40.24	135.91	44.74	1.21	29.18	9.36
11/20/2019 10:28:51 AM	4.68	34.00	4.56	0.00	0.00	0.00	0.00	0.71	43.25	100.00	2.18	9.47	2483	34000	2054	0	0	0	0	0	38537	135.39	38.68	25.41	142.52	39.74	133.65	44.48	1.21	29.16	9.34
11/20/2019 10:28:54 AM	4.81	33.60	4.58	0.00	0.00	0.00	0.00	0.66	43.00	100.00	2.21	9.46	2550	33602	2062	0	0	0	0	0	38214	134.78	38.27	26.28	141.06	39.21	132.07	44.41	1.22	29.11	9.37
11/20/2019 10:28:56 AM	4.52	33.75	4.72	0.00	0.00	0.00	0.00	0.78	42.99	100.00	2.23	9.40	2397	33747	2122	0	0	0	0	0	38266	135.02	38.72	26.22	139.75	40.22	134.60	45.14	1.22	29.07	9.33
11/20/2019 10:28:59 AM	5.14	34.80	5.04	0.00	0.00	0.00	0.00	0.74	44.98	100.00	2.26	9.30	2722	34799	2270	0	0	0	0	0	39791	133.97	40.40	27.16	144.93	41.65	138.73	47.96	1.22	29.01	9.36
11/20/2019 10:29:01 AM	4.94	35.38	4.88	0.00	0.00	0.00	0.00	0.70	45.20	100.00	2.28	9.23	2617	35376	2198	0	0	0	0	0	40192	134.71	40.48	27.10	149.10	41.31	138.25	46.74	1.22	28.98	9.35
11/20/2019 10:29:03 AM	4.61	33.99	4.10	0.00	0.00	0.00	0.00	0.77	42.70	100.00	2.30	9.19	2442	33994	1845	0	0	0	0	0	38281	135.58	37.74	25.30	141.86	39.51	133.30	42.92	1.23	28.94	9.32
11/20/2019 10:29:06 AM	5.57	35.24	4.16	0.00	0.00	0.00	0.00	0.71	44.97	100.00	2.32	9.19	2954	35237	1873	0	0	0	0	0	40063	135.36	39.11	26.93	148.83	40.90	136.82	45.52	1.23	28.94	9.28
11/20/2019 10:29:08 AM	4.71	34.58	5.19	0.00	0.00	0.00	0.00	0.85	44.48	100.00	2.35	9.17	2498	34579	2336	0	0	0	0	0	39413	135.76	40.79	26.98	146.25	42.24	135.53	48.25	1.23	28.86	9.35
11/20/2019 10:29:11 AM	4.93	34.25	4.39	0.00	0.00	0.00	0.00	0.89	43.57	100.00	2.38	9.20	2612	34248	1976	0	0	0	0	0	38837	135.99	39.03	26.05	144.30	41.47	133.79	45.88	1.23	28.84	9.34
11/20/2019 10:29:13 AM	4.54	34.47	4.18	0.00	0.00	0.00	0.00	0.78	43.18	100.00	2.41	9.21	2404	34470	1879	0	0	0	0	0	38752	135.50	38.18	26.33	144.01	39.88	134.66	43.21	1.24	28.81	9.32
11/20/2019 10:29:15 AM	5.07	35.16	4.19	0.00	0.00	0.00	0.00	0.74	44.42	100.00	2.44	9.23	2686	35164	1884	0	0	0	0	0	39734	135.76	39.00	26.32	148.28	40.60	136.33	44.52	1.24	28.75	9.31
11/20/2019 10:29:18 AM	5.36	35.86	4.00	0.00	0.00	0.00	0.00	0.75	45.22	100.00	2.46	9.19	2841	35856	1800	0	0	0	0	0	40497	135.86	39.23	26.90	151.06	41.16	138.75	44.79	1.24	28.75	9.28
11/20/2019 10:29:20 AM	4.92	35.52	3.80	0.00	0.00	0.00	0.00	0.72	44.25	100.00	2.49	9.13	2609	35524	1710	0	0	0	0	0	39843	135.82	38.25	26.29	148.43	39.95	137.95	42.58	1.24	28.68	9.26
11/20/2019 10:29:22 AM	4.22	34.84	4.96	0.00	0.00	0.00	0.00	0.76	44.02	100.00	2.53	9.09	2235	34841	2231	0	0	0	0	0	39307	136.10	39.91	27.03	144.96	40.78	137.64	45.47	1.25	28.67	9.25
11/20/2019 10:29:25 AM	4.67	35.04	4.89	0.00	0.00	0.00	0.00	0.80	44.61	100.00	2.57	9.07	2476	35043	2203	0	0	0	0	0	39722	135.89	40.28	27.44	147.42	41.60	137.12	46.70	1.25	28.62	9.28
11/20/2019 10:29:27 AM	4.45	33.64	4.87	0.00	0.00	0.00	0.00	0.75	42.96	100.00	2.59	9.07	2361	33638	2191	0	0	0	0	0	38190	136.14	38.96	25.99	140.19	40.09	133.53	45.35	1.25	28.55	9.29
11/20/2019 10:29:30 AM	4.24	33.43	4.92	0.00	0.00	0.00	0.00	0.82	42.58	100.00	2.62	9.10	2247	33425	2212	0	0	0	0	0	37885	136.32	39.01	25.58	139.66	40.33	132.38	45.40	1.26	28.53	9.26
11/20/2019 10:29:32 AM	4.11	35.53	4.19	0.00	0.00	0.00	0.00	0.93	43.82	100.00	2.64	9.12	2177	35528	1885	0	0	0	0	0	39589	136.22	39.32	26.32	149.93	41.39	136.36	43.57	1.26	28.48	9.28
11/20/2019 10:29:34 AM	4.60	36.39	3.36	0.00	0.00	0.00	0.00	0.87	44.35	100.00	2.67	9.15	2439	36387	1513	0	0	0	0	0	40339	136.38	38.12	27.48	152.78	40.73	138.75	41.36	1.26	28.42	9.28
11/20/2019 10:29:37 AM	5.28	34.56	3.45	0.00	0.00	0.00	0.00	0.82	43.29	100.00	2.70	9.14	2797	34563	1552	0	0	0	0	0	38912	136.38	37.20	25.35	144.98	39.98	134.06	42.52	1.26	28.39	9.27
11/20/2019 10:29:39 AM	4.26	32.72	3.68	0.00	0.00	0.00	0.00	0.93	40.66	100.00	2.72	8.99	2256	32723	1656	0	0	0	0	0	36635	135.33	36.10	24.59	136.62	39.06	127.78	41.21	1.27	28.36	9.24
11/20/2019 10:29:41 AM	2.82	32.30	4.83	0.00	0.00	0.00	0.00	0.94	39.95	100.00	2.76	8.83	1495	32297	2173	0	0	0	0	0	35965	136.78	37.55	24.51	132.70	39.00	129.04	42.03	1.27	28.33	9.22
11/20/2019 10:29:44 AM	3.22	31.56	4.86	0.00	0.00	0.00	0.00	0.95	39.63	100.00	2.80	8.72	1705	31558	2186	0	0	0	0	0	35449	136.23	37.39	23.95	131.40	39.11	125.35	43.05	1.27	28.27	9.26
11/20/2019 10:29:46 AM	4.06	31.96	4.44	0.00	0.00	0.00	0.00	0.86	40.47	100.00	2.82	8.54	2153	31958	2000	0	0	0	0	0	36111	136.80	36.98	24.82	134.87	38.88	124.87	43.00	1.28	28.26	9.23
11/20/2019 10:29:49 AM	4.15	32.22	4.92	0.00	0.00	0.00	0.00	0.86	41.28	100.00	2.85	8.63	2198	32216	2214	0	0	0	0	0	36628	136.59	38.23	24.91	135.48	39.86	127.36	45.19	1.28	28.21	9.20
11/20/2019 10:29:51 AM	4.57	34.05	4.67	0.00	0.00	0.00	0.00	0.93	43.28	100.00	2.89	8.68	2420	34046	2100	0	0	0	0	0	38566	137.44	39.41	26.70	144.54	41.71	132.00	46.30	1.28	28.17	9.21
11/20/2019 10:29:53 AM	5.30	34.83	4.37	0.00	0.00	0.00	0.00	0.88	44.50	100.00	2.92	8.66	2809	34832	1966	0	0	0	0	0	39607	136.84	39.66	26.31	148.45	42.11	134.43	46.80	1.29	28.16	9.18
11/20/2019 10:29:56 AM	4.95	34.84	4.82	0.00	0.00	0.00	0.00	0.98	44.60	100.00	2.95	8.62	2621	34837	2170	0	0	0	0	0	39628	136.55	40.53	26.98	146.39	43.22	137.09	48.43	1.29	28.08	9.24
11/20/2019 10:29:58 AM	5.69	34.17	4.54	0.00	0.00	0.00	0.00	0.78	44.40	100.00	2.97	8.59	3015	34171	2044	0	0	0	0	0	39230	136.39	39.23	27.03	143.34	41.52	135.24	47.58	1.29	28.03	9.20
11/20/2019 10:30:01 AM	5.61	32.14	4.05	0.00	0.00	0.00	0.00	0.76	41.79	100.00	3.01	8.61	2971	32139	1822	0	0	0	0	0	36933	135.61	36.69	24.71	135.22	39.27	127.09	44.72	1.29	28.00	9.18
11/20/2019 10:30:03 AM	5.97	32.91	3.46	0.00	0.00	0.00	0.00	0.89	42.34	100.00	3.04	8.60	3162	32905	1559	0	0	0	0	0	37626	136.70	36.62	24.33	140.33	40.33	127.20	44.45	1.30	27.95	9.20
11/20/2019 10:30:05 AM	5.99	33.66	3.67	0.00	0.00	0.00	0.00	0.83	43.32	100.00	3.07	8.55	3177	33658	1651	0	0	0	0	0	38486	137.59	37.58	25.43	145.55	40.64	127.85	45.10	1.30	27.95	9.14
11/20/2019 10:30:08 AM	5.09	33.14	4.24	0.00	0.00	0.00	0.00	0.98	42.47	100.00	3.10	8.58	2698	33143	1907	0	0	0	0	0	37748	137.34	38.20	25.37	140.50	41.50	129.25	46.07	1.30	27.90	9.14
11/20/2019 10:30:10 AM	4.57	33.36	4.07	0.00	0.00	0.00	0.00	0.95	41.99	100.00	3.13	8.57	2421	33357	1830	0	0	0	0	0	37608	137.47	37.61	25.43	140.08	40.54	130.24	43.87	1.31	27.87	9.15
11/20/2019 10:30:12 AM	4.06	32.27	4.10	0.00	0.00	0.00	0.00	0.94	40.44	100.00	3.17	8.53	2154	32268	1847	0	0	0	0	0	36269	137.72	36.51	24.96	133.76	39.29	127.80	42.37	1.31	27.83	9.12
11/20/2019 10:30:15 AM	4.00	32.47	3.48	0.00	0.00	0.00	0.00	0.94	39.96	100.00	3.21	8.54	2122	32472	1566	0	0	0	0	0	36160	137.29	35.28	24.86	134.61	38.39	127.11	39.76	1.31	27.80	9.13
11/20/2019 10:30:17 AM	3.79	32.09	3.47	0.00	0.00	0.00	0.00	1.06	39.35	100.00	3.24	8.58	2007	32090	1563	0	0	0	0	0	35659	136.77	35.26	24.10	133.44	38.97	125.31	40.01	1.32	27.73	9.13
11/20/2019 10:30:20 AM	3.91	32.24	3.22	0.00	0.00	0.00	0.00	1.05	39.37	100.00	3.27	8.62	2071	32245	1447	0	0	0	0	0	35763	137.43	34.88	24.41	135.27	38.70	124.17	39.23	1.32	27.69	9.14
11/20/2019 10:30:22 AM	4.65	31.81	2.68	0.00	0.00	0.00	0.00	0.94	39.14	100.00	3.30	8.64	2463	31806	1208	0	0	0	0	0	35477	137.63	33.53	23.88	134.33	37.49	121.57	38.07	1.32	27.65	9.14
11/20/2019 10:30:24 AM	5.65	32.70	3.36	0.00	0.00	0.00	0.00	0.81	41.70	100.00	3.33	8.63	2995	32696	1511	0	0	0	0	0	37202	136.74	35.89	24.81	139.79	39.09	125.30	42.63	1.33	27.62	9.11
11/20/2019 10:30:27 AM	3.74	32.05	4.14	0.00	0.00	0.00	0.00	1.06	39.93	100.00	3.36	8.59	1983	32047	1865	0	0	0	0	0	35894	137.82	36.68	24.28	133.51	39.91	126.24	42.56	1.33	27.60	9.09
11/20/2019 10:30:29 AM	3.59	33.53	3.80	0.00	0.00	0.00	0.00	1.09	40.92	100.00	3.40	8.16	1901	33527	1712	0	0	0	0	0	37140	137.77	37.02	25.42	139.99	40.38	129.94	41.40	1.33	27.55	9.10
11/20/2019 10:30:32 AM	3.61	32.71	3.75	0.00	0.00	0.00	0.00	0.98	40.07	100.00	3.43	7.66	1915	32708	1686	0	0	0	0	0	36308	137.30	35.97	24.45	134.75	38.88	128.96	40.20	1.34	27.50	9.09
11/20/2019 10:30:34 AM	4.29	35.02	2.97	0.00	0.00	0.00	0.00	1.01	42.28	100.00	3.46	7.73	2271	35024	1335	0	0	0	0	0	38631	137.30	36.44	25.52	145.80	40.10	134.62	39.61	1.34	27.44	9.12
11/20/2019 10:30:36 AM	4.39	35.05	3.37	0.00	0.00	0.00	0.00	0.96	42.81	100.00	3.50	7.86	2329	35050	1516	0	0	0	0	0	38895	137.53	37.22	26.05	145.56	40.47	135.93	41.18	1.34	27.42	9.12
11/20/2019 10:30:39 AM	4.65	32.38	3.59	0.00	0.00	0.00	0.00	1.00	40.63	100.00	3.54	7.93	2466	32382	1617	0	0	0	0	0	36465	137.88	35.98	24.49	135.22	39.75	127.02	42.32	1.35	27.40	9.08
11/20/2019 10:30:41 AM	4.60	33.72	3.85	0.00	0.00	0.00	0.00	1.01	42.17	100.00	3.56	7.98	2436	33722	1732	0	0	0	0	0	37891	137.61	37.60	25.25	141.90	40.94	130.86	43.57	1.35	27.38	9.06
11/20/2019 10:30:43 AM	4.30	32.50	3.79	0.00	0.00	0.00	0.00	1.03	40.59	100.00	3.59	8.05	2278	32496	1707	0	0	0	0	0	36482	137.73	36.40	24.65	135.52	39.98	127.56	42.46	1.35	27.30	9.05
11/20/2019 10:30:46 AM	3.03	31.55	4.77	0.00	0.00	0.00	0.00	1.09	39.36	100.00	3.62	8.08	1607	31554	2147	0	0	0	0	0	35308	137.31	37.35	24.22	130.30	39.98	126.14	43.30	1.35	27.24	9.11
11/20/2019 10:30:48 AM	3.31	31.51	4.96	0.00	0.00	0.00	0.00	1.14	39.78	100.00	3.65	8.12	1752	31514	2231	0	0	0	0	0	35497	138.98	37.97	23.95	130.08	40.92	126.93	45.06	1.36	27.23	9.05
11/20/2019 10:30:51 AM	3.57	32.98	4.72	0.00	0.00	0.00	0.00	1.22	41.27	100.00	3.69	8.18	1890	32984	2124	0	0	0	0	0	36999	137.84	38.92	25.41	138.16	42.49	129.67	45.82	1.36	27.19	9.05
11/20/2019 10:30:53 AM	4.29	33.40	4.51	0.00	0.00	0.00	0.00	1.14	42.20	100.00	3.71	8.17	2272	33404	2030	0	0	0	0	0	37706	137.77	39.00	25.37	141.14	42.51	130.29	46.31	1.36	27.15	9.06
11/20/2019 10:30:55 AM	3.74	32.15	4.89	0.00	0.00	0.00	0.00	1.14	40.78	100.00	3.73	8.21	1982	32151	2203	0	0	0	0	0	36335	137.74	38.55	24.85	134.36	41.71	127.73	46.11	1.37	27.12	9.03
11/20/2019 10:30:58 AM	4.59	33.67	4.40	0.00	0.00	0.00	0.00	1.06	42.65	100.00	3.77	8.29	2431	33667	1981	0	0	0	0	0	38079	138.33	38.97	24.73	142.18	42.17	131.45	46.12	1.37	27.07	9.05
11/20/2019 10:31:00 AM	5.22	35.53	4.03	0.00	0.00	0.00	0.00	1.01	44.78	100.00	3.80	8.26	2769	35531	1813	0	0	0	0	0	40113	137.92	39.60	27.51	150.99	43.06	136.36	46.42	1.37	27.05	9.02
11/20/2019 10:31:02 AM	3.84	35.04	3.98	0.00	0.00	0.00	0.00	1.21	42.86	100.00	3.81	8.15	2037	35035	1790	0	0	0	0	0	38863	137.89	38.90	26.27	146.19	42.86	135.95	44.03	1.37	27.01	9.00
11/20/2019 10:31:05 AM	4.22	34.74	3.23	0.00	0.00	0.00	0.00	1.06	42.20	100.00	3.84	8.11	2239	34745	1454	0	0	0	0	0	38437	138.11	37.00	25.35	145.93	40.74	132.87	40.85	1.38	26.98	9.01
11/20/2019 10:31:07 AM	3.94	33.52	3.46	0.00	0.00	0.00	0.00	1.13	40.92	100.00	3.86	8.09	2088	33521	1556	0	0	0	0	0	37165	138.99	36.49	25.35	139.83	40.55	129.85	41.19	1.38	26.92	8.99
11/20/2019 10:31:10 AM	4.07	33.98	3.14	0.00	0.00	0.00	0.00	1.10	41.18	100.00	3.88	8.04	2155	33976	1414	0	0	0	0	0	37544	138.83	36.22	25.40	142.90	40.27	129.67	40.17	1.38	26.91	8.99
11/20/2019 10:31:12 AM	4.05	33.34	3.51	0.00	0.00	0.00	0.00	1.11	40.89	100.00	3.92	7.92	2146	33338	1577	0	0	0	0	0	37062	138.36	36.63	24.11	139.93	40.47	128.76	41.46	1.38	26.85	8.95
11/20/2019 10:31:14 AM	4.86	33.38	2.65	0.00	0.00	0.00	0.00	1.11	40.88	100.00	3.95	7.89	2574	33375	1192	0	0	0	0	0	37141	138.19	35.20	24.27	141.34	40.12	126.85	40.17	1.39	26.81	8.99
11/20/2019 10:31:17 AM	4.80	32.55	2.94	0.00	0.00	0.00	0.00	1.13	40.28	100.00	3.97	7.96	2544	32545	1321	0	0	0	0	0	36411	138.22	35.25	24.83	139.75	40.12	122.49	41.09	1.39	26.79	8.99
11/20/2019 10:31:19 AM	3.91	30.52	3.32	0.00	0.00	0.00	0.00	1.14	37.75	100.00	4.00	7.98	2075	30517	1495	0	0	0	0	0	34086	138.85	34.16	23.35	129.77	38.55	116.94	39.89	1.39	26.74	8.93
11/20/2019 10:31:22 AM	4.44	30.02	3.23	0.00	0.00	0.00	0.00	1.17	37.69	100.00	4.03	7.98	2353	30020	1454	0	0	0	0	0	33827	138.77	33.90	22.99	127.60	38.97	115.95	41.00	1.39	26.72	8.98
11/20/2019 10:31:24 AM	4.79	31.45	2.80	0.00	0.00	0.00	0.00	1.16	39.04	100.00	4.06	7.99	2539	31454	1260	0	0	0	0	0	35252	138.89	34.27	23.83	135.82	39.46	117.97	40.43	1.40	26.66	8.95
11/20/2019 10:31:26 AM	4.79	32.54	2.55	0.00	0.00	0.00	0.00	1.11	39.87	100.00	4.08	7.96	2536	32539	1148	0	0	0	0	0	36223	139.13	34.37	24.63	139.82	39.35	121.54	39.36	1.40	26.65	8.96
11/20/2019 10:31:29 AM	4.97	33.45	2.25	0.00	0.00	0.00	0.00	1.11	40.67	100.00	4.10	7.98	2635	33451	1011	0	0	0	0	0	37097	138.34	34.38	24.73	141.72	39.66	126.26	38.86	1.40	26.61	8.92
11/20/2019 10:31:31 AM	5.02	34.55	2.56	0.00	0.00	0.00	0.00	1.10	42.13	100.00	4.12	8.02	2661	34551	1154	0	0	0	0	0	38365	137.67	35.85	25.67	146.22	40.77	130.71	40.45	1.40	26.57	8.93
11/20/2019 10:31:33 AM	5.16	35.53	2.91	0.00	0.00	0.00	0.00	1.23	43.60	100.00	4.14	8.03	2733	35535	1309	0	0	0	0	0	39577	137.51	37.63	26.72	149.91	43.17	135.43	43.42	1.41	26.54	8.90
11/20/2019 10:31:36 AM	4.58	35.27	3.21	0.00	0.00	0.00	0.00	1.32	43.06	100.00	4.15	8.05	2429	35271	1445	0	0	0	0	0	39145	137.96	38.04	26.62	148.52	43.62	134.80	43.77	1.41	26.48	8.93
11/20/2019 10:31:38 AM	4.63	35.25	3.01	0.00	0.00	0.00	0.00	1.24	42.90	100.00	4.17	8.05	2455	35252	1356	0	0	0	0	0	39062	138.11	37.43	26.56	148.54	42.67	134.19	42.50	1.41	26.46	8.94
11/20/2019 10:31:41 AM	4.89	35.12	2.66	0.00	0.00	0.00	0.00	1.19	42.68	100.00	4.20	8.04	2594	35121	1199	0	0	0	0	0	38913	138.46	36.57	26.46	147.94	41.92	133.38	41.37	1.41	26.43	8.91
11/20/2019 10:31:43 AM	4.65	34.44	2.87	0.00	0.00	0.00	0.00	1.19	41.96	100.00	4.23	8.03	2464	34440	1290	0	0	0	0	0	38194	138.13	36.47	25.60	145.52	41.55	130.84	41.37	1.41	26.42	8.89
11/20/2019 10:31:45 AM	4.68	33.36	3.35	0.00	0.00	0.00	0.00	1.22	41.39	100.00	4.26	8.00	2483	33360	1507	0	0	0	0	0	37349	138.47	36.80	25.42	141.66	41.83	127.56	43.28	1.42	26.36	8.86
11/20/2019 10:31:48 AM	3.73	31.20	3.75	0.00	0.00	0.00	0.00	1.23	38.68	100.00	4.28	7.99	1978	31200	1688	0	0	0	0	0	34867	138.74	35.66	24.36	132.08	40.21	120.46	42.01	1.42	26.32	8.89
11/20/2019 10:31:50 AM	3.91	30.14	3.83	0.00	0.00	0.00	0.00	1.14	37.89	100.00	4.30	8.03	2074	30143	1725	0	0	0	0	0	33943	138.81	34.91	22.74	126.08	39.10	119.06	41.84	1.42	26.28	8.87
11/20/2019 10:31:53 AM	4.27	31.81	3.55	0.00	0.00	0.00	0.00	1.14	39.63	100.00	4.32	8.05	2265	31809	1595	0	0	0	0	0	35669	138.63	35.71	23.92	133.88	40.10	123.60	42.05	1.42	26.26	8.86
11/20/2019 10:31:55 AM	3.64	31.42	4.18	0.00	0.00	0.00	0.00	1.19	39.24	100.00	4.34	8.05	1931	31419	1882	0	0	0	0	0	35232	138.69	36.55	23.29	129.94	40.54	125.33	43.23	1.43	26.24	8.85
11/20/2019 10:31:57 AM	3.58	32.31	4.29	0.00	0.00	0.00	0.00	1.26	40.18	100.00	4.36	8.05	1896	32312	1933	0	0	0	0	0	36141	139.09	37.55	24.93	134.88	41.76	127.08	44.25	1.43	26.20	8.85
11/20/2019 10:32:00 AM	4.11	31.91	4.76	0.00	0.00	0.00	0.00	1.28	40.78	100.00	4.39	8.05	2180	31909	2140	0	0	0	0	0	36228	138.44	38.62	24.32	133.92	42.91	126.77	47.46	1.43	26.16	8.83
11/20/2019 10:32:02 AM	4.16	33.46	4.62	0.00	0.00	0.00	0.00	1.27	42.24	100.00	4.40	8.03	2203	33460	2079	0	0	0	0	0	37742	138.02	39.52	26.22	142.54	43.65	129.32	47.39	1.43	26.13	8.83
11/20/2019 10:32:04 AM	4.38	33.39	4.14	0.00	0.00	0.00	0.00	1.33	41.92	100.00	4.43	8.00	2323	33391	1864	0	0	0	0	0	37579	137.90	38.55	26.27	140.82	43.63	129.93	46.49	1.43	26.11	8.81
11/20/2019 10:32:07 AM	4.10	32.58	4.09	0.00	0.00	0.00	0.00	1.33	40.78	100.00	4.45	8.00	2175	32584	1842	0	0	0	0	0	36600	138.18	37.82	24.85	137.23	42.83	127.14	45.42	1.44	26.07	8.83
11/20/2019 10:32:09 AM	3.83	32.03	4.42	0.00	0.00	0.00	0.00	1.30	40.28	100.00	4.47	8.00	2032	32028	1989	0	0	0	0	0	36048	138.10	37.85	25.19	134.94	42.36	125.41	45.61	1.44	26.04	8.83
11/20/2019 10:32:12 AM	4.05	32.15	4.64	0.00	0.00	0.00	0.00	1.20	40.84	100.00	4.49	7.99	2147	32147	2089	0	0	0	0	0	36382	137.06	38.29	25.13	135.09	42.17	126.85	46.35	1.44	26.00	8.80
11/20/2019 10:32:14 AM	4.31	32.91	4.23	0.00	0.00	0.00	0.00	1.29	41.46	100.00	4.51	8.01	2285	32911	1906	0	0	0	0	0	37102	137.51	38.26	25.72	138.00	43.11	129.28	46.30	1.44	25.97	8.80
11/20/2019 10:32:16 AM	4.09	33.65	4.20	0.00	0.00	0.00	0.00	1.33	41.94	100.00	4.54	8.02	2165	33652	1889	0	0	0	0	0	37706	137.33	38.80	25.72	141.68	43.58	130.88	46.04	1.44	25.95	8.80
11/20/2019 10:32:19 AM	5.58	34.40	3.96	0.00	0.00	0.00	0.00	1.26	43.95	100.00	4.56	8.04	2960	34404	1781	0	0	0	0	0	39144	137.66	39.44	26.65	147.47	44.75	132.00	48.62	1.45	25.91	8.80
11/20/2019 10:32:21 AM	5.14	34.18	3.81	0.00	0.00	0.00	0.00	1.32	43.13	100.00	4.58	8.04	2726	34179	1714	0	0	0	0	0	38619	137.42	38.83	26.49	145.53	44.41	131.45	47.29	1.45	25.89	8.80
11/20/2019 10:32:23 AM	4.21	33.43	3.73	0.00	0.00	0.00	0.00	1.36	41.37	100.00	4.60	8.04	2229	33429	1680	0	0	0	0	0	37338	137.57	37.56	26.42	139.34	43.15	130.68	44.69	1.45	25.84	8.78
11/20/2019 10:32:26 AM	5.31	34.25	3.58	0.00	0.00	0.00	0.00	1.25	43.14	100.00	4.63	8.03	2813	34255	1611	0	0	0	0	0	38678	137.18	38.36	25.26	144.92	43.71	132.55	46.28	1.45	25.82	8.78
11/20/2019 10:32:28 AM	6.27	35.60	3.47	0.00	0.00	0.00	0.00	1.27	45.35	100.00	4.66	8.02	3325	35599	1563	0	0	0	0	0	40487	137.29	39.58	27.39	152.50	45.58	135.87	48.84	1.46	25.78	8.76
11/20/2019 10:32:31 AM	5.60	36.03	3.65	0.00	0.00	0.00	0.00	1.34	45.28	100.00	4.68	7.99	2969	36027	1642	0	0	0	0	0	40639	136.78	40.20	27.86	155.43	45.94	135.61	48.41	1.46	25.77	8.76
11/20/2019 10:32:33 AM	5.31	34.94	3.72	0.00	0.00	0.00	0.00	1.36	43.97	100.00	4.71	7.98	2815	34935	1675	0	0	0	0	0	39425	137.72	39.46	27.38	150.73	45.29	131.87	47.88	1.46	25.75	8.74
11/20/2019 10:32:35 AM	4.69	33.71	4.26	0.00	0.00	0.00	0.00	1.34	42.66	100.00	4.73	7.98	2487	33714	1915	0	0	0	0	0	38116	137.89	39.36	25.82	143.57	44.48	130.34	47.93	1.46	25.69	8.73
11/20/2019 10:32:38 AM	5.71	34.08	3.96	0.00	0.00	0.00	0.00	1.22	43.75	100.00	4.76	7.95	3029	34078	1782	0	0	0	0	0	38889	137.34	39.30	26.06	147.59	44.36	129.58	48.58	1.47	25.67	8.74
11/20/2019 10:32:40 AM	5.74	34.30	4.00	0.00	0.00	0.00	0.00	1.24	44.05	100.00	4.78	7.92	3043	34304	1801	0	0	0	0	0	39149	137.74	39.55	26.89	148.69	44.70	130.19	48.99	1.47	25.63	8.72
11/20/2019 10:32:43 AM	4.08	34.09	4.48	0.00	0.00	0.00	0.00	1.40	42.66	100.00	4.80	7.88	2164	34095	2016	0	0	0	0	0	38275	137.12	40.00	27.11	146.45	44.90	129.81	47.83	1.47	25.62	8.72
11/20/2019 10:32:45 AM	3.51	33.32	4.69	0.00	0.00	0.00	0.00	1.42	41.52	100.00	4.83	7.87	1860	33317	2112	0	0	0	0	0	37290	137.37	39.48	26.47	139.85	44.27	130.42	47.14	1.47	25.58	8.69
11/20/2019 10:32:47 AM	3.21	33.16	4.50	0.00	0.00	0.00	0.00	1.33	40.87	100.00	4.85	7.88	1701	33155	2026	0	0	0	0	0	36882	138.20	38.61	25.51	137.98	42.80	130.35	44.90	1.48	25.57	8.71
11/20/2019 10:32:50 AM	4.27	33.66	3.47	0.00	0.00	0.00	0.00	1.25	41.40	100.00	4.88	7.87	2264	33661	1561	0	0	0	0	0	37486	137.93	37.11	25.53	141.79	42.00	129.49	43.00	1.48	25.52	8.70
11/20/2019 10:32:52 AM	3.14	32.25	4.15	0.00	0.00	0.00	0.00	1.36	39.54	100.00	4.90	7.86	1666	32251	1868	0	0	0	0	0	35785	137.77	37.12	25.27	133.13	41.92	127.59	43.34	1.48	25.49	8.69
11/20/2019 10:32:54 AM	3.79	32.35	4.32	0.00	0.00	0.00	0.00	1.32	40.46	100.00	4.93	7.85	2010	32355	1942	0	0	0	0	0	36307	137.50	37.89	24.99	135.37	42.60	127.31	45.39	1.48	25.48	8.68
11/20/2019 10:32:57 AM	4.77	33.80	4.43	0.00	0.00	0.00	0.00	1.28	43.00	100.00	4.96	7.83	2526	33798	1994	0	0	0	0	0	38318	137.35	39.67	26.32	144.29	44.33	130.56	48.37	1.49	25.45	8.66
11/20/2019 10:32:59 AM	4.51	34.25	4.31	0.00	0.00	0.00	0.00	1.36	43.07	100.00	4.99	7.82	2390	34255	1939	0	0	0	0	0	38584	137.24	39.80	27.08	146.43	44.86	131.25	47.98	1.49	25.42	8.67
11/20/2019 10:33:02 AM	3.93	33.36	4.28	0.00	0.00	0.00	0.00	1.40	41.57	100.00	5.02	7.82	2083	33362	1926	0	0	0	0	0	37372	137.80	38.90	26.10	142.03	43.94	128.23	46.41	1.49	25.38	8.67
11/20/2019 10:33:04 AM	3.50	32.70	4.54	0.00	0.00	0.00	0.00	1.38	40.74	100.00	5.05	7.82	1855	32701	2044	0	0	0	0	0	36600	138.54	38.65	25.87	137.90	43.29	127.36	46.03	1.49	25.36	8.63
11/20/2019 10:33:06 AM	4.66	33.42	4.30	0.00	0.00	0.00	0.00	1.32	42.37	100.00	5.07	7.84	2467	33420	1935	0	0	0	0	0	37821	138.56	39.12	26.43	142.72	44.12	128.84	47.77	1.50	25.33	8.63
11/20/2019 10:33:09 AM	4.44	33.51	4.83	0.00	0.00	0.00	0.00	1.33	42.78	100.00	5.10	7.84	2352	33512	2173	0	0	0	0	0	38037	138.97	40.40	25.94	144.02	44.85	129.13	49.43	1.50	25.31	8.64
11/20/2019 10:33:11 AM	3.05	34.19	5.36	0.00	0.00	0.00	0.00	1.57	42.60	100.00	5.13	7.85	1615	34187	2413	0	0	0	0	0	38215	138.64	41.86	27.36	145.97	46.54	131.64	49.93	1.50	25.28	8.63
11/20/2019 10:33:14 AM	3.80	34.57	5.07	0.00	0.00	0.00	0.00	1.50	43.43	100.00	5.15	7.85	2012	34566	2281	0	0	0	0	0	38860	138.72	41.49	27.33	144.38	46.59	136.56	50.29	1.50	25.23	8.64
11/20/2019 10:33:16 AM	5.37	36.97	3.70	0.00	0.00	0.00	0.00	1.39	46.04	100.00	5.16	7.84	2845	36971	1664	0	0	0	0	0	41480	137.91	40.91	27.69	156.63	46.76	141.60	48.61	1.51	25.22	8.62
11/20/2019 10:33:18 AM	5.11	37.07	3.75	0.00	0.00	0.00	0.00	1.39	45.94	100.00	5.19	7.82	2710	37075	1688	0	0	0	0	0	41473	137.82	40.83	28.45	155.45	46.66	143.27	48.24	1.51	25.20	8.62
11/20/2019 10:33:21 AM	4.44	36.71	4.33	0.00	0.00	0.00	0.00	1.45	45.47	100.00	5.22	7.82	2351	36708	1949	0	0	0	0	0	41007	136.63	41.66	27.63	152.92	47.04	143.56	49.12	1.51	25.17	8.60
11/20/2019 10:33:23 AM	5.70	37.95	4.31	0.00	0.00	0.00	0.00	1.46	47.96	100.00	5.24	7.82	3021	37949	1938	0	0	0	0	0	42908	136.47	43.24	29.45	161.83	49.21	145.33	52.66	1.51	25.14	8.58
11/20/2019 10:33:25 AM	5.50	37.30	4.55	0.00	0.00	0.00	0.00	1.55	47.36	100.00	5.27	7.81	2916	37305	2047	0	0	0	0	0	42268	136.29	43.47	29.11	159.84	49.76	142.79	53.66	1.52	25.11	8.58
11/20/2019 10:33:28 AM	5.29	35.32	4.72	0.00	0.00	0.00	0.00	1.54	45.34	100.00	5.29	7.81	2803	35325	2125	0	0	0	0	0	40253	138.11	42.35	26.89	151.37	48.48	136.62	53.20	1.52	25.08	8.59
11/20/2019 10:33:30 AM	4.36	33.12	4.81	0.00	0.00	0.00	0.00	1.54	42.29	100.00	5.31	7.79	2309	33117	2166	0	0	0	0	0	37592	138.88	40.52	26.23	143.23	46.25	126.92	50.61	1.52	25.05	8.55
11/20/2019 10:33:33 AM	4.00	31.74	4.08	0.00	0.00	0.00	0.00	1.43	39.81	100.00	5.34	7.66	2118	31737	1835	0	0	0	0	0	35690	138.18	37.39	25.19	135.91	42.96	121.78	45.57	1.52	25.04	8.57
11/20/2019 10:33:35 AM	4.46	32.65	3.32	0.00	0.00	0.00	0.00	1.36	40.43	100.00	5.37	7.53	2363	32649	1495	0	0	0	0	0	36507	137.75	36.52	25.42	140.17	42.36	123.38	43.52	1.53	25.03	8.55
11/20/2019 10:33:37 AM	5.57	32.87	2.76	0.00	0.00	0.00	0.00	1.26	41.20	100.00	5.39	7.52	2951	32874	1243	0	0	0	0	0	37068	137.17	35.73	25.04	140.94	41.99	124.59	43.42	1.53	24.98	8.57
11/20/2019 10:33:40 AM	4.70	33.60	3.32	0.00	0.00	0.00	0.00	1.45	41.62	100.00	5.42	7.52	2492	33596	1494	0	0	0	0	0	37583	138.40	37.47	25.21	142.22	43.91	129.09	44.99	1.53	24.94	8.55
11/20/2019 10:33:42 AM	4.18	33.29	3.69	0.00	0.00	0.00	0.00	1.41	41.16	100.00	5.44	7.52	2216	33292	1660	0	0	0	0	0	37168	138.48	37.65	25.24	139.81	43.42	129.26	44.80	1.53	24.92	8.56
11/20/2019 10:33:44 AM	3.94	34.09	3.45	0.00	0.00	0.00	0.00	1.42	41.47	100.00	5.46	7.57	2088	34086	1551	0	0	0	0	0	37725	137.49	37.59	26.26	143.40	43.36	130.70	43.49	1.54	24.91	8.51
11/20/2019 10:33:47 AM	4.86	35.38	3.47	0.00	0.00	0.00	0.00	1.32	43.71	100.00	5.49	7.58	2576	35382	1561	0	0	0	0	0	39519	137.84	38.81	26.91	149.64	44.29	135.37	45.47	1.54	24.87	8.51
11/20/2019 10:33:49 AM	4.77	34.87	3.57	0.00	0.00	0.00	0.00	1.45	43.22	100.00	5.51	7.59	2529	34874	1608	0	0	0	0	0	39011	138.03	38.91	26.56	147.02	45.15	134.44	46.52	1.54	24.86	8.51
11/20/2019 10:33:52 AM	5.51	33.99	3.22	0.00	0.00	0.00	0.00	1.34	42.72	100.00	5.54	7.60	2919	33994	1449	0	0	0	0	0	38362	137.75	37.68	26.27	145.89	43.94	128.93	45.94	1.54	24.83	8.50
11/20/2019 10:33:54 AM	4.45	32.09	4.02	0.00	0.00	0.00	0.00	1.41	40.56	100.00	5.57	7.56	2357	32089	1810	0	0	0	0	0	36256	138.18	37.66	24.88	136.12	43.46	124.85	46.49	1.55	24.79	8.51
11/20/2019 10:33:56 AM	5.01	34.08	4.10	0.00	0.00	0.00	0.00	1.46	43.20	100.00	5.58	7.51	2657	34084	1847	0	0	0	0	0	38589	138.63	39.81	26.19	146.78	45.85	130.08	49.15	1.55	24.79	8.50
11/20/2019 10:33:59 AM	3.34	34.37	4.37	0.00	0.00	0.00	0.00	1.59	42.08	100.00	5.61	7.54	1770	34374	1967	0	0	0	0	0	38110	137.67	40.04	26.28	145.50	45.72	132.09	46.97	1.55	24.76	8.48
11/20/2019 10:34:01 AM	4.34	34.05	3.35	0.00	0.00	0.00	0.00	1.34	41.74	100.00	5.63	7.58	2303	34046	1506	0	0	0	0	0	37855	137.99	37.38	25.52	143.09	42.91	131.07	43.48	1.55	24.72	8.48
11/20/2019 10:34:04 AM	5.77	35.08	3.55	0.00	0.00	0.00	0.00	1.29	44.40	100.00	5.66	7.58	3058	35084	1597	0	0	0	0	0	39739	138.43	39.15	26.64	149.14	44.95	134.98	47.82	1.55	24.74	8.49
11/20/2019 10:34:06 AM	7.08	36.53	3.27	0.00	0.00	0.00	0.00	1.32	46.88	100.00	5.69	7.59	3752	36526	1473	0	0	0	0	0	41750	138.25	40.35	28.32	158.07	47.11	137.85	50.68	1.56	24.69	8.48
11/20/2019 10:34:08 AM	6.98	36.55	2.88	0.00	0.00	0.00	0.00	1.33	46.40	100.00	5.72	7.60	3700	36546	1295	0	0	0	0	0	41541	139.35	39.56	27.85	158.55	46.55	136.64	48.97	1.56	24.67	8.46
11/20/2019 10:34:11 AM	6.02	36.64	3.35	0.00	0.00	0.00	0.00	1.45	46.01	100.00	5.74	7.60	3189	36640	1508	0	0	0	0	0	41338	138.72	40.58	27.13	158.53	47.29	137.36	49.29	1.56	24.65	8.46
11/20/2019 10:34:13 AM	6.40	37.02	3.61	0.00	0.00	0.00	0.00	1.42	47.03	100.00	5.77	7.60	3394	37020	1623	0	0	0	0	0	42037	138.43	41.54	28.12	161.39	48.09	138.20	51.19	1.57	24.63	8.43
11/20/2019 10:34:15 AM	6.27	36.80	3.63	0.00	0.00	0.00	0.00	1.41	46.70	100.00	5.80	7.60	3323	36803	1633	0	0	0	0	0	41759	138.31	41.29	28.52	160.63	47.71	137.09	50.77	1.57	24.60	8.44
11/20/2019 10:34:18 AM	6.56	36.03	3.48	0.00	0.00	0.00	0.00	1.28	46.07	100.00	5.82	7.59	3474	36030	1568	0	0	0	0	0	41072	138.51	40.29	27.73	157.79	46.28	134.08	49.80	1.57	24.58	8.46
11/20/2019 10:34:20 AM	5.19	35.21	3.89	0.00	0.00	0.00	0.00	1.40	44.29	100.00	5.85	7.58	2753	35211	1749	0	0	0	0	0	39713	138.55	39.99	27.08	150.23	45.85	134.82	48.54	1.57	24.55	8.44
11/20/2019 10:34:23 AM	4.95	35.47	3.49	0.00	0.00	0.00	0.00	1.50	43.91	100.00	5.89	7.57	2623	35474	1570	0	0	0	0	0	39667	138.94	39.35	26.65	149.02	46.00	137.14	47.15	1.58	24.53	8.42
11/20/2019 10:34:25 AM	5.19	36.01	3.34	0.00	0.00	0.00	0.00	1.46	44.55	100.00	5.92	7.56	2752	36011	1505	0	0	0	0	0	40267	139.28	39.49	26.71	151.58	46.06	138.63	47.04	1.58	24.51	8.42
11/20/2019 10:34:27 AM	5.22	36.61	3.33	0.00	0.00	0.00	0.00	1.49	45.16	100.00	5.94	7.56	2767	36611	1499	0	0	0	0	0	40876	137.78	39.90	28.04	154.16	46.71	140.44	47.47	1.58	24.48	8.42
11/20/2019 10:34:30 AM	6.27	37.57	2.73	0.00	0.00	0.00	0.00	1.41	46.56	100.00	5.97	7.56	3321	37568	1227	0	0	0	0	0	42115	138.24	39.73	28.48	160.90	46.82	140.85	47.36	1.59	24.47	8.40
11/20/2019 10:34:32 AM	6.10	37.59	2.04	0.00	0.00	0.00	0.00	1.46	45.73	100.00	5.99	7.53	3234	37594	916	0	0	0	0	0	41745	138.15	38.23	27.92	159.41	46.05	141.08	44.57	1.59	24.45	8.38
11/20/2019 10:34:34 AM	5.56	36.94	2.24	0.00	0.00	0.00	0.00	1.49	44.74	100.00	6.02	7.53	2945	36939	1010	0	0	0	0	0	40893	138.50	37.93	28.25	156.02	45.65	139.18	44.09	1.59	24.40	8.38
11/20/2019 10:34:37 AM	5.39	35.53	2.46	0.00	0.00	0.00	0.00	1.47	43.38	100.00	6.05	7.50	2856	35527	1108	0	0	0	0	0	39491	138.69	37.33	26.86	150.59	44.78	134.28	44.03	1.59	24.41	8.38
11/20/2019 10:34:39 AM	5.28	33.41	3.19	0.00	0.00	0.00	0.00	1.49	41.88	100.00	6.09	7.48	2800	33411	1435	0	0	0	0	0	37646	138.86	37.55	25.18	144.22	44.56	126.13	46.19	1.60	24.38	8.38
11/20/2019 10:34:42 AM	5.25	32.65	3.09	0.00	0.00	0.00	0.00	1.39	40.98	100.00	6.13	7.41	2780	32648	1389	0	0	0	0	0	36817	139.43	36.56	25.14	142.44	43.05	121.65	44.75	1.60	24.36	8.36
11/20/2019 10:34:44 AM	3.91	31.74	3.08	0.00	0.00	0.00	0.00	1.39	38.73	100.00	6.15	7.33	2075	31735	1385	0	0	0	0	0	35195	139.47	35.09	24.54	135.18	41.09	120.38	41.13	1.60	24.34	8.39
11/20/2019 10:34:46 AM	3.98	31.81	3.42	0.00	0.00	0.00	0.00	1.37	39.21	100.00	6.17	7.32	2108	31814	1538	0	0	0	0	0	35460	137.18	35.79	24.31	133.84	41.53	123.21	42.50	1.60	24.32	8.36
11/20/2019 10:34:49 AM	3.85	32.53	3.72	0.00	0.00	0.00	0.00	1.59	40.10	100.00	6.21	7.32	2043	32525	1675	0	0	0	0	0	36244	137.54	37.40	25.00	136.63	44.12	126.46	45.19	1.61	24.29	8.36
11/20/2019 10:34:51 AM	4.26	32.78	4.88	0.00	0.00	0.00	0.00	1.81	41.93	100.00	6.24	7.33	2258	32783	2197	0	0	0	0	0	37238	136.58	40.98	26.01	141.27	48.34	126.72	52.58	1.61	24.28	8.35
11/20/2019 10:34:54 AM	3.83	32.62	4.43	0.00	0.00	0.00	0.00	1.86	40.89	100.00	6.26	7.34	2032	32624	1992	0	0	0	0	0	36649	138.91	39.68	25.45	138.34	47.45	127.14	49.95	1.61	24.26	8.34
11/20/2019 10:34:56 AM	4.03	33.95	4.02	0.00	0.00	0.00	0.00	1.75	42.01	100.00	6.29	7.36	2137	33953	1810	0	0	0	0	0	37900	139.18	39.66	25.74	143.90	46.98	130.95	48.38	1.62	24.22	8.34
11/20/2019 10:34:58 AM	4.96	34.43	3.57	0.00	0.00	0.00	0.00	1.53	42.96	100.00	6.32	7.37	2628	34432	1606	0	0	0	0	0	38666	138.73	38.94	26.08	146.37	45.78	132.10	47.48	1.62	24.20	8.31
11/20/2019 10:35:01 AM	4.95	34.05	3.56	0.00	0.00	0.00	0.00	1.56	42.56	100.00	6.35	7.38	2621	34048	1604	0	0	0	0	0	38274	138.01	38.61	25.98	143.69	45.72	131.92	47.51	1.62	24.19	8.32
11/20/2019 10:35:03 AM	6.44	36.90	2.58	0.00	0.00	0.00	0.00	1.43	45.92	100.00	6.38	7.39	3412	36900	1162	0	0	0	0	0	41474	137.89	39.23	27.10	159.54	46.57	137.26	47.21	1.63	24.16	8.30
11/20/2019 10:35:05 AM	5.64	35.23	2.31	0.00	0.00	0.00	0.00	1.34	43.18	100.00	6.42	7.31	2990	35233	1037	0	0	0	0	0	39260	138.70	36.72	26.52	151.53	43.49	130.93	42.96	1.63	24.14	8.32
11/20/2019 10:35:08 AM	2.97	30.83	3.78	0.00	0.00	0.00	0.00	1.44	37.58	100.00	6.45	7.22	1572	30833	1700	0	0	0	0	0	34105	138.30	35.63	24.07	131.04	40.94	117.98	41.59	1.63	24.13	8.29
11/20/2019 10:35:10 AM	3.25	29.90	4.43	0.00	0.00	0.00	0.00	1.48	37.58	100.00	6.47	7.12	1722	29905	1993	0	0	0	0	0	33620	138.52	36.53	23.38	125.89	42.02	118.04	45.00	1.63	24.12	8.27
11/20/2019 10:35:13 AM	4.74	30.64	3.43	0.00	0.00	0.00	0.00	1.39	38.81	100.00	6.49	7.08	2513	30641	1542	0	0	0	0	0	34695	138.46	35.43	22.99	129.88	41.78	119.48	44.30	1.64	24.08	8.29
11/20/2019 10:35:15 AM	5.64	31.88	3.13	0.00	0.00	0.00	0.00	1.39	40.64	100.00	6.52	7.10	2987	31877	1407	0	0	0	0	0	36271	138.13	36.13	24.22	136.52	43.09	122.57	45.75	1.64	24.08	8.28
11/20/2019 10:35:17 AM	3.89	29.33	3.61	0.00	0.00	0.00	0.00	1.37	36.83	100.00	6.55	7.12	2059	29328	1626	0	0	0	0	0	33013	138.13	34.23	22.97	122.03	40.17	116.63	42.39	1.64	24.06	8.27
11/20/2019 10:35:20 AM	3.74	30.80	3.02	0.00	0.00	0.00	0.00	1.41	37.55	100.00	6.61	7.06	1981	30797	1358	0	0	0	0	0	34136	138.34	34.20	23.62	130.22	40.40	118.04	40.35	1.65	24.02	8.26
11/20/2019 10:35:22 AM	4.31	33.20	3.12	0.00	0.00	0.00	0.00	1.43	40.64	100.00	6.66	6.98	2286	33202	1405	0	0	0	0	0	36893	138.36	36.43	25.45	139.92	42.78	127.39	42.96	1.65	24.01	8.27
11/20/2019 10:35:25 AM	3.68	30.96	3.23	0.00	0.00	0.00	0.00	1.40	37.87	100.00	6.71	6.98	1951	30957	1453	0	0	0	0	0	34362	138.35	34.69	23.80	130.33	40.64	119.50	40.99	1.66	24.00	8.25
11/20/2019 10:35:27 AM	3.74	32.11	2.92	0.00	0.00	0.00	0.00	1.48	38.77	100.00	6.75	7.01	1984	32112	1312	0	0	0	0	0	35408	138.38	35.09	24.13	134.94	41.64	123.15	40.80	1.66	23.96	8.25
11/20/2019 10:35:29 AM	3.94	32.43	3.38	0.00	0.00	0.00	0.00	1.46	39.75	100.00	6.80	7.00	2089	32432	1521	0	0	0	0	0	36042	137.86	36.29	25.12	135.89	42.58	125.72	43.10	1.67	23.95	8.23
11/20/2019 10:35:32 AM	4.24	32.27	3.27	0.00	0.00	0.00	0.00	1.41	39.78	100.00	6.84	6.99	2248	32268	1472	0	0	0	0	0	35988	139.03	36.14	24.51	137.63	42.18	122.85	42.98	1.67	23.92	8.23
11/20/2019 10:35:34 AM	3.34	30.50	3.44	0.00	0.00	0.00	0.00	1.50	37.28	100.00	6.88	7.00	1771	30502	1548	0	0	0	0	0	33821	139.11	34.82	23.77	127.46	41.17	119.04	41.60	1.67	23.91	8.22
11/20/2019 10:35:36 AM	3.99	31.18	3.54	0.00	0.00	0.00	0.00	1.45	38.70	100.00	6.93	6.98	2113	31177	1591	0	0	0	0	0	34882	138.71	35.84	23.71	132.12	41.97	120.49	43.39	1.68	23.89	8.21
11/20/2019 10:35:39 AM	3.38	30.90	3.38	0.00	0.00	0.00	0.00	1.44	37.66	100.00	6.97	6.93	1789	30903	1521	0	0	0	0	0	34213	138.30	34.88	23.83	129.11	40.87	120.30	41.12	1.68	23.88	8.21
11/20/2019 10:35:41 AM	3.38	31.99	2.99	0.00	0.00	0.00	0.00	1.46	38.36	100.00	7.01	6.93	1793	31992	1345	0	0	0	0	0	35129	137.98	34.83	24.30	133.01	41.09	123.83	39.96	1.69	23.86	8.23
11/20/2019 10:35:44 AM	4.21	33.33	2.95	0.00	0.00	0.00	0.00	1.41	40.48	100.00	7.06	6.92	2231	33327	1326	0	0	0	0	0	36884	137.92	36.07	25.01	139.75	42.37	128.09	41.92	1.69	23.83	8.19
11/20/2019 10:35:46 AM	3.54	32.48	2.80	0.00	0.00	0.00	0.00	1.43	38.82	100.00	7.11	6.92	1878	32483	1259	0	0	0	0	0	35620	138.43	34.90	24.27	136.21	41.07	124.13	39.55	1.70	23.82	8.17
11/20/2019 10:35:48 AM	4.02	32.11	3.19	0.00	0.00	0.00	0.00	1.40	39.32	100.00	7.17	6.95	2133	32107	1437	0	0	0	0	0	35677	138.29	35.67	24.15	135.48	41.71	123.43	42.05	1.70	23.79	8.20
11/20/2019 10:35:51 AM	4.45	32.81	2.55	0.00	0.00	0.00	0.00	1.35	39.81	100.00	7.21	6.95	2358	32810	1150	0	0	0	0	0	36317	137.95	34.87	24.46	138.58	41.18	124.79	40.37	1.71	23.77	8.19
11/20/2019 10:35:53 AM	4.12	32.55	2.97	0.00	0.00	0.00	0.00	1.45	39.64	100.00	7.24	6.96	2181	32547	1337	0	0	0	0	0	36066	138.05	35.66	24.30	137.10	42.14	124.86	41.85	1.71	23.75	8.17
11/20/2019 10:35:55 AM	3.61	32.08	3.28	0.00	0.00	0.00	0.00	1.48	38.96	100.00	7.30	6.94	1911	32081	1474	0	0	0	0	0	35466	138.34	35.82	24.26	135.34	42.00	123.05	41.86	1.72	23.74	8.17
11/20/2019 10:35:58 AM	3.87	32.95	2.96	0.00	0.00	0.00	0.00	1.49	39.78	100.00	7.34	6.92	2053	32952	1330	0	0	0	0	0	36335	138.16	35.84	24.84	138.27	42.43	126.39	41.57	1.72	23.71	8.16
11/20/2019 10:36:00 AM	3.36	30.85	3.55	0.00	0.00	0.00	0.00	1.42	37.75	100.00	7.37	6.94	1779	30848	1596	0	0	0	0	0	34223	138.13	35.19	23.68	129.40	40.88	119.89	41.55	1.72	23.69	8.13
11/20/2019 10:36:03 AM	3.09	30.12	3.85	0.00	0.00	0.00	0.00	1.50	37.06	100.00	7.42	6.94	1638	30121	1733	0	0	0	0	0	33492	138.05	35.29	23.43	125.19	41.25	119.02	42.47	1.73	23.68	8.14
11/20/2019 10:36:05 AM	3.75	31.23	3.34	0.00	0.00	0.00	0.00	1.48	38.31	100.00	7.46	6.94	1985	31226	1503	0	0	0	0	0	34715	138.42	35.37	23.69	131.35	41.73	120.97	42.26	1.73	23.66	8.13
11/20/2019 10:36:07 AM	4.31	32.86	3.44	0.00	0.00	0.00	0.00	1.45	40.60	100.00	7.51	6.94	2284	32856	1547	0	0	0	0	0	36687	138.44	37.06	24.89	140.18	43.20	125.21	44.25	1.74	23.64	8.13
11/20/2019 10:36:10 AM	3.59	31.93	3.75	0.00	0.00	0.00	0.00	1.48	39.26	100.00	7.56	6.95	1902	31926	1687	0	0	0	0	0	35515	138.37	36.66	24.18	133.81	42.54	124.43	43.62	1.74	23.63	8.15
11/20/2019 10:36:12 AM	4.05	32.64	2.80	0.00	0.00	0.00	0.00	1.43	39.50	100.00	7.61	6.92	2148	32644	1262	0	0	0	0	0	36054	138.75	35.24	24.48	136.89	41.73	125.34	40.93	1.75	23.62	8.13
11/20/2019 10:36:15 AM	3.97	32.93	2.76	0.00	0.00	0.00	0.00	1.45	39.67	100.00	7.67	6.94	2105	32934	1243	0	0	0	0	0	36282	138.08	35.38	24.74	138.37	41.93	125.85	40.77	1.75	23.57	8.11
11/20/2019 10:36:17 AM	4.14	32.36	3.63	0.00	0.00	0.00	0.00	1.47	40.13	100.00	7.72	6.94	2192	32363	1635	0	0	0	0	0	36190	138.64	36.93	25.01	136.09	43.20	125.81	44.65	1.76	23.57	8.10
11/20/2019 10:36:19 AM	4.35	34.12	3.31	0.00	0.00	0.00	0.00	1.46	41.78	100.00	7.76	6.96	2308	34120	1489	0	0	0	0	0	37917	138.21	37.70	25.63	144.45	43.96	130.29	44.30	1.76	23.56	8.09
11/20/2019 10:36:22 AM	3.76	32.78	3.43	0.00	0.00	0.00	0.00	1.49	39.97	100.00	7.79	6.93	1993	32781	1543	0	0	0	0	0	36317	137.96	36.61	24.94	136.19	42.95	128.06	43.16	1.76	23.55	8.10
11/20/2019 10:36:24 AM	3.95	33.38	2.94	0.00	0.00	0.00	0.00	1.54	40.26	100.00	7.86	6.93	2092	33379	1321	0	0	0	0	0	36792	138.46	36.24	25.15	139.83	43.16	128.16	42.16	1.77	23.50	8.08
11/20/2019 10:36:26 AM	4.11	33.26	3.58	0.00	0.00	0.00	0.00	1.48	40.95	100.00	7.91	6.92	2178	33258	1611	0	0	0	0	0	37047	138.47	37.55	25.29	140.23	43.75	128.30	44.69	1.77	23.50	8.08
11/20/2019 10:36:29 AM	3.71	31.86	3.46	0.00	0.00	0.00	0.00	1.49	39.03	100.00	7.97	6.92	1967	31861	1555	0	0	0	0	0	35383	138.53	36.06	24.14	133.55	42.34	123.76	42.87	1.78	23.48	8.08
11/20/2019 10:36:31 AM	4.02	32.24	3.31	0.00	0.00	0.00	0.00	1.46	39.57	100.00	8.02	6.92	2129	32244	1489	0	0	0	0	0	35861	138.87	36.09	24.29	135.35	42.38	124.91	42.90	1.79	23.47	8.08
11/20/2019 10:36:34 AM	3.73	32.98	3.51	0.00	0.00	0.00	0.00	1.49	40.22	100.00	8.09	6.93	1978	32981	1578	0	0	0	0	0	36537	138.51	37.10	24.49	139.00	43.14	126.89	43.43	1.79	23.43	8.06
11/20/2019 10:36:36 AM	4.63	33.57	2.73	0.00	0.00	0.00	0.00	1.48	40.93	100.00	8.16	6.92	2452	33568	1230	0	0	0	0	0	37250	139.03	36.15	25.17	141.47	43.19	128.34	42.68	1.80	23.43	8.06
11/20/2019 10:36:38 AM	3.59	33.20	3.02	0.00	0.00	0.00	0.00	1.50	39.80	100.00	8.24	6.92	1901	33201	1358	0	0	0	0	0	36459	138.70	35.99	25.06	138.32	42.43	127.99	41.21	1.81	23.41	8.05
11/20/2019 10:36:41 AM	4.20	33.40	2.74	0.00	0.00	0.00	0.00	1.51	40.34	100.00	8.28	6.93	2229	33396	1231	0	0	0	0	0	36856	139.12	35.96	24.88	140.98	42.93	127.03	41.83	1.81	23.38	8.05
11/20/2019 10:36:43 AM	4.52	34.37	3.78	0.00	0.00	0.00	0.00	1.54	42.67	100.00	8.33	6.95	2395	34366	1703	0	0	0	0	0	38465	139.08	39.11	26.39	145.36	45.66	132.46	47.26	1.82	23.37	8.04
11/20/2019 10:36:45 AM	3.79	32.42	2.90	0.00	0.00	0.00	0.00	1.45	39.11	100.00	8.41	6.94	2007	32420	1304	0	0	0	0	0	35732	138.89	35.13	24.62	135.08	41.59	125.32	40.70	1.82	23.36	8.03
11/20/2019 10:36:48 AM	3.34	32.10	3.12	0.00	0.00	0.00	0.00	1.47	38.57	100.00	8.45	6.95	1772	32102	1403	0	0	0	0	0	35278	138.87	35.23	24.40	133.77	41.41	124.14	40.50	1.83	23.33	8.03
11/20/2019 10:36:50 AM	3.82	32.13	3.60	0.00	0.00	0.00	0.00	1.49	39.55	100.00	8.52	6.97	2026	32135	1618	0	0	0	0	0	35779	138.51	36.62	24.22	134.49	42.84	125.35	43.79	1.83	23.31	8.04
11/20/2019 10:36:53 AM	3.26	32.14	3.16	0.00	0.00	0.00	0.00	1.47	38.56	100.00	8.56	6.97	1729	32136	1423	0	0	0	0	0	35288	138.88	35.25	24.30	132.64	41.44	125.57	40.50	1.84	23.31	8.01
11/20/2019 10:36:55 AM	3.81	33.53	3.10	0.00	0.00	0.00	0.00	1.48	40.44	100.00	8.60	6.99	2017	33531	1396	0	0	0	0	0	36944	139.52	36.49	25.46	140.15	42.87	129.05	42.08	1.84	23.29	8.01
11/20/2019 10:36:57 AM	5.23	33.18	3.75	0.00	0.00	0.00	0.00	1.40	42.16	100.00	8.63	7.02	2772	33179	1688	0	0	0	0	0	37638	139.22	38.19	24.92	140.22	44.43	129.53	47.56	1.85	23.27	8.00
11/20/2019 10:37:00 AM	4.67	31.60	4.15	0.00	0.00	0.00	0.00	1.41	40.42	100.00	8.65	7.00	2476	31603	1866	0	0	0	0	0	35945	138.70	37.64	24.68	134.06	43.54	123.79	47.39	1.85	23.25	8.00
11/20/2019 10:37:02 AM	4.66	34.88	3.38	0.00	0.00	0.00	0.00	1.59	42.91	100.00	8.69	7.01	2467	34877	1520	0	0	0	0	0	38864	137.87	38.78	27.00	148.24	45.91	132.71	46.47	1.85	23.24	7.99
11/20/2019 10:37:05 AM	4.47	34.82	4.22	0.00	0.00	0.00	0.00	1.57	43.51	100.00	8.71	7.03	2369	34820	1898	0	0	0	0	0	39087	138.03	40.46	26.42	147.08	46.79	135.08	49.20	1.85	23.22	8.01
11/20/2019 10:37:07 AM	4.58	34.26	3.59	0.00	0.00	0.00	0.00	1.53	42.43	100.00	8.74	7.03	2430	34256	1615	0	0	0	0	0	38301	139.39	38.54	25.95	143.28	45.27	133.49	46.54	1.86	23.21	7.97
11/20/2019 10:37:09 AM	4.00	31.61	3.65	0.00	0.00	0.00	0.00	1.47	39.26	100.00	8.77	7.02	2120	31613	1643	0	0	0	0	0	35376	139.30	36.40	24.30	133.30	42.60	122.84	44.16	1.86	23.18	7.96
11/20/2019 10:37:12 AM	3.90	31.95	3.92	0.00	0.00	0.00	0.00	1.50	39.77	100.00	8.81	7.02	2069	31947	1765	0	0	0	0	0	35781	138.43	37.14	25.11	133.59	43.37	125.48	45.32	1.86	23.18	7.96
11/20/2019 10:37:14 AM	4.73	33.50	3.89	0.00	0.00	0.00	0.00	1.54	42.12	100.00	8.85	7.01	2508	33498	1751	0	0	0	0	0	37758	139.03	38.82	26.19	142.48	45.52	129.24	48.02	1.87	23.16	7.94
11/20/2019 10:37:16 AM	5.08	33.94	3.82	0.00	0.00	0.00	0.00	1.65	42.84	100.00	8.88	7.00	2691	33942	1718	0	0	0	0	0	38351	138.55	39.40	25.81	143.70	46.96	131.93	49.51	1.87	23.14	7.93
11/20/2019 10:37:19 AM	5.08	34.13	3.63	0.00	0.00	0.00	0.00	1.58	42.84	100.00	8.91	6.98	2690	34134	1636	0	0	0	0	0	38460	139.10	38.94	26.73	145.14	46.21	131.30	48.31	1.87	23.12	7.94
11/20/2019 10:37:21 AM	4.64	34.81	2.93	0.00	0.00	0.00	0.00	1.54	42.37	100.00	8.95	6.98	2457	34810	1318	0	0	0	0	0	38584	138.90	37.60	26.20	146.49	44.76	133.10	44.25	1.88	23.11	7.94
11/20/2019 10:37:24 AM	4.24	33.17	3.55	0.00	0.00	0.00	0.00	1.56	40.97	100.00	8.97	6.98	2249	33170	1598	0	0	0	0	0	37018	139.30	37.66	25.38	140.03	44.48	128.01	45.50	1.88	23.09	7.95
11/20/2019 10:37:26 AM	5.32	34.21	3.20	0.00	0.00	0.00	0.00	1.54	42.72	100.00	8.99	6.97	2818	34208	1438	0	0	0	0	0	38464	139.47	38.21	25.69	146.16	45.56	130.34	46.93	1.88	23.09	7.93
11/20/2019 10:37:28 AM	4.67	33.95	3.82	0.00	0.00	0.00	0.00	1.67	42.44	100.00	9.01	6.97	2476	33946	1720	0	0	0	0	0	38142	138.79	39.38	25.71	145.11	46.68	129.99	48.62	1.88	23.05	7.90
11/20/2019 10:37:31 AM	5.11	34.03	3.68	0.00	0.00	0.00	0.00	1.52	42.81	100.00	9.05	6.96	2706	34026	1656	0	0	0	0	0	38388	139.34	38.97	26.07	145.61	45.78	130.15	48.12	1.89	23.05	7.94
11/20/2019 10:37:33 AM	4.22	33.28	3.34	0.00	0.00	0.00	0.00	1.58	40.84	100.00	9.08	6.94	2235	33284	1504	0	0	0	0	0	37023	138.53	37.33	25.44	140.87	44.34	127.56	44.74	1.89	23.03	7.90
11/20/2019 10:37:36 AM	4.51	34.16	3.01	0.00	0.00	0.00	0.00	1.52	41.68	100.00	9.13	6.94	2389	34164	1354	0	0	0	0	0	37907	138.61	37.28	25.77	144.96	44.17	129.72	43.92	1.89	23.02	7.90
11/20/2019 10:37:38 AM	5.26	34.50	4.05	0.00	0.00	0.00	0.00	1.55	43.81	100.00	9.17	6.95	2790	34496	1824	0	0	0	0	0	39110	138.01	40.23	26.36	147.12	47.03	133.23	50.34	1.90	23.02	7.90
11/20/2019 10:37:40 AM	4.18	31.38	3.78	0.00	0.00	0.00	0.00	1.50	39.33	100.00	9.22	6.96	2213	31379	1701	0	0	0	0	0	35293	139.39	36.59	24.44	131.95	43.05	122.93	45.25	1.90	22.99	7.90
11/20/2019 10:37:43 AM	4.39	33.39	3.14	0.00	0.00	0.00	0.00	1.51	40.92	100.00	9.25	6.97	2328	33385	1413	0	0	0	0	0	37126	138.63	36.86	25.16	140.59	43.67	128.41	43.86	1.91	22.98	7.89
11/20/2019 10:37:45 AM	4.76	32.60	3.59	0.00	0.00	0.00	0.00	1.51	40.94	100.00	9.29	6.98	2521	32601	1614	0	0	0	0	0	36736	138.62	37.54	24.49	138.72	44.29	125.80	46.40	1.91	22.97	7.87
11/20/2019 10:37:47 AM	3.81	32.82	3.21	0.00	0.00	0.00	0.00	1.55	39.84	100.00	9.42	6.93	2020	32820	1444	0	0	0	0	0	36285	139.99	36.46	24.75	138.16	43.21	126.02	42.87	1.92	22.94	7.86
11/20/2019 10:37:50 AM	4.29	34.68	3.43	0.00	0.00	0.00	0.00	1.64	42.40	100.00	9.48	6.89	2274	34680	1541	0	0	0	0	0	38495	138.77	38.74	26.20	146.92	45.89	132.35	46.04	1.93	22.91	7.87
11/20/2019 10:37:52 AM	4.41	35.79	3.79	0.00	0.00	0.00	0.00	1.62	43.99	100.00	9.52	6.90	2339	35790	1703	0	0	0	0	0	39832	138.88	40.35	26.91	151.45	47.08	137.07	47.93	1.93	22.91	7.88
11/20/2019 10:37:55 AM	3.78	35.19	3.45	0.00	0.00	0.00	0.00	1.64	42.42	100.00	9.57	6.90	2005	35190	1552	0	0	0	0	0	38747	139.35	38.80	27.17	147.73	45.70	134.68	44.99	1.94	22.90	7.85
11/20/2019 10:37:57 AM	3.70	33.92	3.65	0.00	0.00	0.00	0.00	1.59	41.27	100.00	9.61	6.90	1960	33918	1643	0	0	0	0	0	37521	138.99	38.23	25.47	142.02	44.75	131.26	44.91	1.94	22.89	7.83
11/20/2019 10:37:59 AM	4.16	33.88	3.43	0.00	0.00	0.00	0.00	1.59	41.47	100.00	9.64	6.92	2203	33884	1545	0	0	0	0	0	37631	139.35	37.96	25.11	142.08	44.88	131.15	45.18	1.94	22.88	7.85
11/20/2019 10:38:02 AM	4.06	34.38	4.17	0.00	0.00	0.00	0.00	1.71	42.60	100.00	9.68	6.94	2149	34375	1878	0	0	0	0	0	38403	137.93	40.15	26.30	144.89	47.20	133.43	48.91	1.95	22.86	7.86
11/20/2019 10:38:04 AM	3.93	33.95	3.99	0.00	0.00	0.00	0.00	1.64	41.87	100.00	9.72	6.95	2084	33947	1797	0	0	0	0	0	37828	138.71	39.26	26.10	143.80	45.93	130.61	47.23	1.95	22.85	7.83
11/20/2019 10:38:07 AM	4.94	33.88	3.69	0.00	0.00	0.00	0.00	1.58	42.51	100.00	9.76	6.96	2617	33884	1661	0	0	0	0	0	38163	138.90	38.95	26.24	145.44	46.02	129.06	48.14	1.96	22.83	7.82
11/20/2019 10:38:09 AM	4.53	33.75	4.29	0.00	0.00	0.00	0.00	1.54	42.57	100.00	9.80	6.97	2399	33750	1932	0	0	0	0	0	38081	140.15	39.90	26.13	144.74	46.06	129.43	49.15	1.96	22.83	7.83
11/20/2019 10:38:11 AM	4.52	34.17	4.77	0.00	0.00	0.00	0.00	1.67	43.46	100.00	9.84	6.96	2397	34169	2147	0	0	0	0	0	38713	139.85	41.50	26.85	146.47	48.08	131.92	52.09	1.96	22.81	7.82
11/20/2019 10:38:14 AM	4.71	33.97	3.95	0.00	0.00	0.00	0.00	1.60	42.64	100.00	9.88	6.96	2499	33968	1779	0	0	0	0	0	38245	139.42	39.49	26.20	145.03	46.37	130.41	48.76	1.97	22.79	7.80
11/20/2019 10:38:16 AM	4.51	31.47	4.26	0.00	0.00	0.00	0.00	1.53	40.25	100.00	9.90	6.96	2390	31473	1918	0	0	0	0	0	35782	139.67	38.12	23.96	134.34	44.46	122.78	48.28	1.97	22.76	7.81
11/20/2019 10:38:18 AM	3.41	30.53	5.23	0.00	0.00	0.00	0.00	1.73	39.18	100.00	9.94	6.97	1806	30534	2355	0	0	0	0	0	34695	139.73	39.47	24.54	130.57	45.88	120.08	50.62	1.97	22.76	7.81
11/20/2019 10:38:21 AM	4.29	32.58	3.85	0.00	0.00	0.00	0.00	1.65	40.71	100.00	10.02	6.95	2272	32576	1732	0	0	0	0	0	36580	139.24	38.18	24.78	138.63	45.30	125.73	47.25	1.98	22.76	7.78
11/20/2019 10:38:23 AM	3.91	33.41	3.93	0.00	0.00	0.00	0.00	1.63	41.25	100.00	10.10	6.92	2074	33409	1767	0	0	0	0	0	37250	139.10	38.60	25.69	140.14	45.37	130.12	46.69	1.99	22.75	7.79
11/20/2019 10:38:26 AM	4.38	34.45	4.28	0.00	0.00	0.00	0.00	1.66	43.10	100.00	10.18	6.94	2319	34450	1925	0	0	0	0	0	38694	139.24	40.52	26.69	146.82	47.29	132.52	49.75	2.00	22.72	7.79
11/20/2019 10:38:28 AM	4.20	31.48	3.61	0.00	0.00	0.00	0.00	1.60	39.29	100.00	10.39	6.91	2228	31475	1624	0	0	0	0	0	35327	140.44	36.66	24.00	133.27	43.81	122.19	45.47	2.02	22.72	7.79
11/20/2019 10:38:30 AM	3.24	33.45	3.35	0.00	0.00	0.00	0.00	1.64	40.03	100.00	10.51	6.86	1716	33451	1506	0	0	0	0	0	36672	139.93	37.08	25.45	139.94	43.89	128.57	42.73	2.03	22.72	7.76
11/20/2019 10:38:33 AM	4.64	33.43	3.43	0.00	0.00	0.00	0.00	1.55	41.51	100.00	10.62	6.87	2461	33433	1545	0	0	0	0	0	37439	140.15	37.81	25.36	141.89	44.79	128.41	46.02	2.04	22.70	7.77
11/20/2019 10:38:35 AM	3.78	33.66	3.18	0.00	0.00	0.00	0.00	1.58	40.62	100.00	10.72	6.88	2001	33657	1433	0	0	0	0	0	37091	139.90	37.06	25.18	141.44	43.88	128.98	43.09	2.05	22.69	7.77
11/20/2019 10:38:37 AM	3.79	32.95	3.27	0.00	0.00	0.00	0.00	1.62	40.01	100.00	10.87	6.88	2010	32955	1470	0	0	0	0	0	36435	140.34	36.79	25.05	138.45	43.91	126.89	43.57	2.06	22.67	7.73
